1   3492.51   0
2   3529.08   25.8621
3   3526.65   17.356
4   3522.21   13.5718
5   3517.48   11.6517
6   3515.6   9.85964
7   3518.58   8.88981
8   3517.82   7.81101
9   3516.48   7.0583
10   3512.77   7.26148
11   3511.23   6.76186
12   3510.27   6.26733
13   3506.52   6.81361
14   3505.62   6.38534
15   3508.83   6.71631
16   3508.85   6.29657
17   3510.25   6.07949
18   3508.7   5.93752
19   3511.65   6.31885
20   3509.17   6.47268
21   3509.8   6.19542
22   3507.62   6.28605
23   3507.03   6.0408
24   3507.11   5.78967
25   3508.09   5.6408
26   3509.26   5.54326
27   3509.02   5.34314
28   3510.32   5.30886
29   3509.27   5.22819
30   3510.54   5.20335
31   3510.85   5.04489
32   3510.78   4.88768
33   3512.95   5.20053
34   3512.2   5.10146
35   3512.35   4.95773
36   3511.19   4.95407
37   3511.31   4.82184
38   3513.06   5.00319
39   3512.57   4.89926
40   3513.64   4.89143
41   3512.95   4.82003
42   3514.36   4.907
43   3515.18   4.86103
44   3516.17   4.8494
45   3516.56   4.75771
46   3516.88   4.66499
47   3516.58   4.57551
48   3516.39   4.48417
49   3515.5   4.47957
50   3515.19   4.40105
51   3515.17   4.31478
52   3515.22   4.23209
53   3515.77   4.18763
54   3515.63   4.11231
55   3515.49   4.04008
56   3515.65   3.97149
57   3515.63   3.90189
58   3515.47   3.8382
59   3515.78   3.78579
60   3515.83   3.72303
61   3515.57   3.67064
62   3516.09   3.64682
63   3515.71   3.60821
64   3515.87   3.55551
65   3516.51   3.55705
66   3516.67   3.50674
67   3516   3.5167
68   3516.52   3.50224
69   3517.41   3.56331
70   3517.32   3.51356
71   3518.07   3.54366
72   3517.99   3.49546
73   3518.14   3.45101
74   3518.06   3.40544
75   3517.87   3.36497
76   3519.03   3.51445
77   3518.89   3.47162
78   3519.28   3.44913
79   3519.13   3.40892
80   3519.46   3.38256
81   3519.1   3.36014
82   3519.55   3.3491
83   3519.31   3.31733
84   3519.89   3.32989
85   3520.11   3.29776
86   3520.04   3.26013
87   3519.83   3.22935
88   3519.44   3.21746
89   3518.75   3.25287
90   3519.31   3.26373
91   3519.08   3.2357
92   3519.98   3.32422
93   3520.39   3.31322
94   3520.37   3.27802
95   3520.66   3.25655
96   3521.19   3.26378
97   3521.41   3.23794
98   3520.57   3.31198
99   3520.26   3.29306
100   3520.08   3.26482
