0 -0.767471 0.00434269
1 -0.770099 0.00472682
2 -0.773987 0.00450542
3 -0.774556 0.00413179
4 -0.776163 0.00329049
5 -0.778414 0.00350413
6 -0.777831 0.00411581
7 -0.775478 0.00420549
8 -0.775632 0.00372989
9 -0.775766 0.00386345
10 -0.771746 0.00442965
11 -0.771748 0.00441897
12 -0.774815 0.00478094
13 -0.77045 0.00424335
14 -0.775498 0.00364614
15 -0.777551 0.00380818
16 -0.776802 0.00405508
17 -0.777726 0.00394184
18 -0.775826 0.0035406
19 -0.779169 0.00467339
20 -0.774236 0.00457076
21 -0.77436 0.00574876
22 -0.77385 0.00536745
23 -0.775515 0.00483409
24 -0.775378 0.00434384
25 -0.777685 0.00362364
26 -0.777363 0.00431955
27 -0.777982 0.0045025
28 -0.778512 0.00405595
29 -0.779326 0.00407063
30 -0.778514 0.00444523
31 -0.775866 0.00391416
32 -0.777942 0.00389083
33 -0.7778 0.00437073
34 -0.77608 0.00350554
35 -0.777656 0.00330174
36 -0.778476 0.00316357
37 -0.77618 0.00358007
38 -0.776558 0.00321207
39 -0.773764 0.00412293
40 -0.774861 0.00406061
41 -0.776022 0.00328418
42 -0.774852 0.00333167
43 -0.773032 0.00369016
44 -0.774454 0.00337833
45 -0.774697 0.00309719
46 -0.775115 0.00334275
47 -0.774419 0.00316804
48 -0.777152 0.00336925
49 -0.778556 0.00386071
50 -0.78081 0.00327859
51 -0.783296 0.00350532
52 -0.782969 0.00355683
53 -0.783549 0.00299097
54 -0.787074 0.00287287
55 -0.78522 0.00302724
56 -0.782938 0.00324163
57 -0.78219 0.00296501
58 -0.780172 0.00262528
59 -0.78039 0.00283248
60 -0.782724 0.00294419
61 -0.78211 0.00286262
62 -0.781778 0.00292201
63 -0.783148 0.00301024
64 -0.783058 0.00294985
65 -0.784323 0.00259053
66 -0.787936 0.0031093
67 -0.785209 0.00281218
68 -0.785222 0.00252592
69 -0.782307 0.00237156
70 -0.779383 0.00277533
71 -0.779685 0.00272801
72 -0.780736 0.00240736
73 -0.780593 0.00297478
74 -0.779956 0.00293874
75 -0.779962 0.00313919
76 -0.783218 0.00322414
77 -0.780179 0.00259296
78 -0.779156 0.00262677
79 -0.77944 0.00274798
80 -0.779622 0.0032185
81 -0.777109 0.00302573
82 -0.779155 0.00260286
83 -0.781326 0.00290781
84 -0.781872 0.00334489
85 -0.783361 0.00372679
86 -0.783333 0.00389143
87 -0.784766 0.00357765
88 -0.782282 0.00374359
89 -0.785523 0.00343209
90 -0.785053 0.00338596
91 -0.783447 0.00326782
92 -0.783894 0.00312209
93 -0.781904 0.00268842
94 -0.77951 0.00278165
95 -0.778073 0.00334688
96 -0.77714 0.00279511
97 -0.777956 0.00342126
98 -0.780062 0.00311348
99 -0.781931 0.00284884
100 -0.779691 0.00252539
101 -0.776655 0.00328138
102 -0.777952 0.00313764
103 -0.781232 0.00419403
104 -0.781567 0.00391536
105 -0.781847 0.00408798
106 -0.779705 0.00362172
107 -0.776054 0.00366006
108 -0.772499 0.00359534
109 -0.776369 0.00276606
110 -0.776637 0.003134
111 -0.776531 0.00332563
112 -0.779611 0.00269863
113 -0.77956 0.00276725
114 -0.780811 0.00308043
115 -0.78112 0.00299224
116 -0.782913 0.00391554
117 -0.784682 0.00377657
118 -0.784577 0.00306111
119 -0.782307 0.00334036
120 -0.783072 0.00302336
121 -0.781925 0.00320987
122 -0.780112 0.0037651
123 -0.780285 0.00338892
124 -0.782736 0.00336275
125 -0.78201 0.00356336
126 -0.781538 0.00359974
127 -0.781906 0.00286573
128 -0.779238 0.00276271
129 -0.779863 0.00281395
130 -0.780673 0.00296663
131 -0.780957 0.00244938
132 -0.780086 0.00266456
133 -0.780605 0.0030074
134 -0.780956 0.00291119
135 -0.776117 0.00289051
136 -0.775525 0.00320332
137 -0.77568 0.00380211
138 -0.781209 0.0034363
139 -0.780144 0.00321612
140 -0.779897 0.00271175
141 -0.77892 0.00315969
142 -0.779736 0.00282755
143 -0.779934 0.00306441
144 -0.778928 0.00292943
145 -0.78199 0.00262435
146 -0.783146 0.00247092
147 -0.782902 0.00227465
148 -0.782198 0.00333663
149 -0.784448 0.00410634
150 -0.782258 0.0035275
151 -0.782898 0.00336002
152 -0.783898 0.00297512
153 -0.781502 0.00290424
154 -0.780503 0.00264587
155 -0.781919 0.00265865
156 -0.781339 0.00256039
157 -0.781701 0.00262661
158 -0.780424 0.00275597
159 -0.780056 0.00285533
160 -0.779424 0.00290382
161 -0.778475 0.00237003
162 -0.78021 0.00235889
163 -0.780435 0.00252472
164 -0.780727 0.00286023
165 -0.7809 0.00278159
166 -0.779543 0.00331441
167 -0.779775 0.00359373
168 -0.779297 0.00354001
169 -0.777435 0.00350106
170 -0.776744 0.00343244
171 -0.778432 0.00330637
172 -0.779602 0.00359705
173 -0.7786 0.00295832
174 -0.778188 0.00304368
175 -0.779642 0.00261059
176 -0.781657 0.00289131
177 -0.780508 0.00292835
178 -0.781987 0.00282901
179 -0.781184 0.00247833
180 -0.782662 0.00278679
181 -0.783693 0.00273312
182 -0.782851 0.00282096
183 -0.779625 0.00321407
184 -0.775275 0.00305004
185 -0.774587 0.00289054
186 -0.77641 0.00255429
187 -0.774217 0.00319706
188 -0.775914 0.00302509
189 -0.774974 0.00286751
190 -0.775405 0.00281634
191 -0.778976 0.00324824
192 -0.779879 0.00369194
193 -0.78066 0.00337394
194 -0.780812 0.00321777
195 -0.781122 0.00303457
196 -0.780184 0.00316454
197 -0.775535 0.00288852
198 -0.775046 0.00275486
199 -0.775941 0.00256743
200 -0.773189 0.00308063
201 -0.776775 0.00251368
202 -0.778307 0.00324351
203 -0.777831 0.00338967
204 -0.777378 0.00372444
205 -0.777941 0.00412653
206 -0.78171 0.00378351
207 -0.782739 0.0034756
208 -0.781902 0.00350861
209 -0.78134 0.00387931
210 -0.781458 0.00413672
211 -0.782719 0.00385602
212 -0.782254 0.00276211
213 -0.782228 0.00310243
214 -0.782506 0.00243865
215 -0.781207 0.00259209
216 -0.781116 0.00268472
217 -0.783561 0.003132
218 -0.784036 0.00361265
219 -0.784394 0.00363167
220 -0.785545 0.00399508
221 -0.784272 0.004135
222 -0.782736 0.00407631
223 -0.779748 0.0043074
224 -0.780013 0.00359255
225 -0.780491 0.00331573
226 -0.780713 0.00322411
227 -0.780877 0.0026479
228 -0.780959 0.00270304
229 -0.777095 0.00230723
230 -0.775669 0.00230292
231 -0.77795 0.00269434
232 -0.778189 0.00289772
233 -0.779486 0.00369496
234 -0.778207 0.0035198
235 -0.778228 0.00346057
236 -0.776078 0.00368654
237 -0.776539 0.00351182
238 -0.776802 0.00336464
239 -0.780299 0.00290252
240 -0.779434 0.00325494
241 -0.77956 0.00338211
242 -0.778887 0.00295889
243 -0.778554 0.00264573
244 -0.777912 0.00278302
245 -0.778272 0.00297918
246 -0.780153 0.00321585
247 -0.779814 0.00332734
248 -0.779016 0.00361676
249 -0.778847 0.00396165
250 -0.782162 0.00310255
251 -0.783175 0.00321832
252 -0.781083 0.00343304
253 -0.782687 0.00399883
254 -0.781118 0.00363658
255 -0.783474 0.00351527
256 -0.781043 0.00406513
257 -0.777401 0.00368049
258 -0.7758 0.00351269
259 -0.775841 0.00409612
260 -0.780626 0.00392391
261 -0.783224 0.00397216
262 -0.784713 0.003341
263 -0.781097 0.00254208
264 -0.784007 0.0023457
265 -0.783958 0.00256302
266 -0.785184 0.00271739
267 -0.788584 0.00291192
268 -0.784218 0.00277859
269 -0.781173 0.00250973
270 -0.779778 0.00272597
271 -0.775592 0.00326295
272 -0.772572 0.00291595
273 -0.773947 0.00289173
274 -0.773214 0.00386331
275 -0.776248 0.00342573
276 -0.774348 0.00338681
277 -0.771649 0.00338445
278 -0.777056 0.00303803
279 -0.775784 0.00261465
280 -0.776526 0.00291831
281 -0.777794 0.00366633
282 -0.779303 0.00394929
283 -0.776611 0.00368419
284 -0.777971 0.00391761
285 -0.776019 0.00335916
286 -0.771081 0.00386317
287 -0.769215 0.00372538
288 -0.766409 0.00344721
289 -0.764127 0.00276707
290 -0.761572 0.00323494
291 -0.762468 0.0035211
292 -0.767867 0.00351379
293 -0.767318 0.00317524
294 -0.768598 0.00317155
295 -0.771376 0.00319158
296 -0.77563 0.00352515
297 -0.770277 0.0034584
298 -0.768153 0.00380281
299 -0.763567 0.0045072
