-0.16379
-0.171029
-0.179532
-0.188459
-0.196937
-0.204284
-0.210062
-0.214069
-0.216331
-0.216997
-0.21636
-0.214733
-0.212455
-0.209795
-0.206929
-0.203963
-0.200852
-0.197513
-0.193873
-0.189911
-0.185714
-0.181456
-0.177374
-0.173845
-0.171317
-0.1704
-0.171649
-0.175433
-0.181758
-0.190257
-0.20025
-0.210923
-0.221467
-0.231233
-0.239818
-0.247003
-0.252718
-0.257
-0.259907
-0.26153
-0.261986
-0.261458
-0.260184
-0.258444
-0.256609
-0.254977
-0.253848
-0.253369
-0.253599
-0.254483
-0.255868
-0.257585
-0.259426
-0.261248
-0.262983
-0.264621
-0.266196
-0.267779
-0.269406
-0.271077
-0.272757
-0.274392
-0.275904
-0.277248
-0.278424
-0.279453
-0.280417
-0.281376
-0.282343
-0.28333
-0.284312
-0.285252
-0.286126
-0.286924
-0.287653
-0.288356
-0.289095
-0.289926
-0.290927
-0.292142
-0.29361
-0.295326
-0.297257
-0.299324
-0.30149
-0.303636
-0.30567
-0.307505
-0.309027
-0.310154
-0.310835
-0.311003
-0.31063
-0.309762
-0.308428
-0.306774
-0.305001
-0.303315
-0.301934
-0.301031
-0.300658
-0.300753
-0.301091
-0.301355
-0.301228
-0.300363
-0.298527
-0.295602
-0.291688
-0.287111
-0.282553
-0.278887
-0.277047
-0.277756
-0.28125
-0.28715
-0.29468
-0.302791
-0.310529
-0.317107
-0.322024
-0.324967
-0.325781
-0.324468
-0.321159
-0.31613
-0.309874
-0.303159
-0.297099
-0.293093
-0.292385
-0.295485
-0.301656
-0.309159
-0.315874
-0.320114
-0.320866
-0.317847
-0.311322
-0.302015
-0.290998
-0.279572
-0.269182
-0.261104
-0.256338
-0.255425
-0.258403
-0.264704
-0.273342
-0.283118
-0.292885
-0.301748
-0.309183
-0.315008
-0.319287
-0.322253
-0.324217
-0.325468
-0.32628
-0.32685
-0.327295
-0.327701
-0.328054
-0.32836
-0.328574
-0.328702
-0.328718
-0.32864
-0.328478
-0.328246
-0.327944
-0.327565
-0.327089
-0.32648
-0.325668
-0.324568
-0.323046
-0.320951
-0.318068
-0.314195
-0.309169
-0.30295
-0.295722
-0.288064
-0.280867
-0.275257
-0.272127
-0.271826
-0.273965
-0.277678
-0.281985
-0.286145
-0.289692
-0.292462
-0.294465
-0.29581
-0.296669
-0.297193
-0.297534
-0.297728
-0.29778
-0.297653
-0.29725
-0.296521
-0.295415
-0.293976
-0.292281
-0.290548
-0.28901
-0.287912
-0.28746
-0.287801
-0.288933
-0.290754
-0.293084
-0.295662
-0.298231
-0.300592
-0.302609
-0.304174
-0.30528
-0.305948
-0.306241
-0.306216
-0.30597
-0.305572
-0.305102
-0.30462
-0.304142
-0.30372
-0.303348
-0.303016
-0.302732
-0.302504
-0.302354
-0.302321
-0.30244
-0.302743
-0.303225
-0.303859
-0.304563
-0.305202
-0.305642
-0.305699
-0.305225
-0.304027
-0.301951
-0.298846
-0.294595
-0.289161
-0.282669
-0.275441
-0.268096
-0.261502
-0.25659
-0.25412
-0.254494
-0.257678
-0.263282
-0.270735
-0.279374
-0.288499
-0.297423
-0.305537
-0.312388
-0.317663
-0.321219
-0.323025
-0.323139
-0.321627
-0.318603
-0.314228
-0.308697
-0.302257
-0.295275
-0.288252
-0.281768
-0.276493
-0.273065
-0.271874
-0.272927
-0.275801
-0.279789
-0.284067
-0.287952
-0.290961
-0.292899
-0.293815
-0.293896
-0.293465
-0.292864
-0.292403
-0.292303
-0.292635
-0.293323
-0.294209
-0.295092
-0.295801
-0.296247
-0.296409
-0.296361
-0.296206
-0.296052
-0.296004
-0.296127
-0.296415
-0.296854
-0.297355
-0.297877
-0.298352
-0.298736
-0.298985
-0.299115
-0.299136
-0.299056
-0.298889
-0.298661
-0.298375
-0.297998
-0.297523
-0.296889
-0.296073
-0.295022
-0.293705
-0.292106
-0.290239
-0.288123
-0.285871
-0.283585
-0.28143
-0.279549
-0.278077
-0.277062
-0.276547
-0.276445
-0.276621
-0.276938
-0.277254
-0.277442
-0.277439
-0.277215
-0.276774
-0.276132
-0.275322
-0.274362
-0.273255
-0.272021
-0.27067
-0.269246
-0.267825
-0.266509
-0.265413
-0.26465
-0.2643
-0.264387
-0.264915
-0.265834
-0.267135
-0.268798
-0.270842
-0.273294
-0.276144
-0.279329
-0.282739
-0.286219
-0.2896
-0.292737
-0.295524
-0.297884
-0.299767
-0.301196
-0.302174
-0.302789
-0.303072
-0.303117
-0.303016
-0.302859
-0.302718
-0.302637
-0.302607
-0.302582
-0.302447
-0.30204
-0.301247
-0.299936
-0.298026
-0.295545
-0.292605
-0.289416
-0.28628
-0.283571
-0.281625
-0.28078
-0.281194
-0.282944
-0.285893
-0.289797
-0.294338
-0.299154
-0.303944
-0.308485
-0.312664
-0.316417
-0.319776
-0.322775
-0.325436
-0.327784
-0.329777
-0.33132
-0.332287
-0.332511
-0.331829
-0.330063
-0.32707
-0.322735
-0.317076
-0.310197
-0.302359
-0.294035
-0.285777
-0.278212
-0.271843
-0.267002
-0.263798
-0.262198
-0.262128
-0.263521
-0.266342
-0.270576
-0.276173
-0.283072
-0.291091
-0.29994
-0.309122
-0.318068
-0.326244
-0.333229
-0.338791
-0.34287
-0.345526
-0.34688
-0.347089
-0.346332
-0.34478
-0.342621
-0.340068
-0.337313
-0.334596
-0.332135
-0.330122
-0.328706
-0.327977
-0.327936
-0.328529
-0.329656
-0.331174
-0.332893
-0.334649
-0.336256
-0.337539
-0.33835
-0.338594
-0.338199
-0.337131
-0.335379
-0.332958
-0.329873
-0.326122
-0.321665
-0.316406
-0.310228
-0.302978
-0.294498
-0.284771
-0.274043
-0.263127
-0.253395
-0.246535
-0.243804
-0.245386
-0.250426
-0.257685
-0.266229
-0.275533
-0.285296
-0.295203
-0.304814
-0.313631
-0.321214
-0.327274
-0.331669
-0.334405
-0.335655
-0.335639
-0.334673
-0.333127
-0.331428
-0.330012
-0.329191
-0.329174
-0.329959
-0.331399
-0.333246
-0.335216
-0.337091
-0.338709
-0.339995
-0.340963
-0.341632
-0.342046
-0.342298
-0.342468
-0.342621
-0.342823
-0.343113
-0.343528
-0.344093
-0.34481
-0.345662
-0.346642
-0.347701
-0.3488
-0.349878
-0.35089
-0.351763
-0.352431
-0.352806
-0.352771
-0.352225
-0.351012
-0.349035
-0.346232
-0.342694
-0.338724
-0.334814
-0.331638
-0.329765
-0.329509
-0.330793
-0.333209
-0.336289
-0.33972
-0.343413
-0.347392
-0.351723
-0.356368
-0.361094
-0.365635
-0.369672
-0.372919
-0.375166
-0.376298
-0.376278
-0.375129
-0.372985
-0.370049
-0.366612
-0.36295
-0.359325
-0.355854
-0.352498
-0.349035
-0.34513
-0.340418
-0.334651
-0.327784
-0.320122
-0.312344
-0.305502
-0.300779
-0.299141
-0.300962
-0.305862
-0.312931
-0.321071
-0.329362
-0.337172
-0.344109
-0.35
-0.354763
-0.358359
-0.360765
-0.362018
-0.362157
-0.361255
-0.359407
-0.35677
-0.353523
-0.349893
-0.346155
-0.342617
-0.339588
-0.337255
-0.335729
-0.334925
-0.334683
-0.334783
-0.334984
-0.335081
-0.334961
-0.3346
-0.334035
-0.333316
-0.332527
-0.331761
-0.33111
-0.330625
-0.330339
-0.330276
-0.330395
-0.330665
-0.331036
-0.331457
-0.331866
-0.33222
-0.332478
-0.332589
-0.332532
-0.332285
-0.331822
-0.331131
-0.330232
-0.329144
-0.327911
-0.326597
-0.325305
-0.324134
-0.32319
-0.322549
-0.322274
-0.322353
-0.322748
-0.323397
-0.324198
-0.325081
-0.325985
-0.326871
-0.327767
-0.328707
-0.329735
-0.330908
-0.332251
-0.333776
-0.335446
-0.337207
-0.33895
-0.340574
-0.341922
-0.342885
-0.343311
-0.343068
-0.34205
-0.340172
-0.337372
-0.333709
-0.329353
-0.324666
-0.320227
-0.316778
-0.315046
-0.315476
-0.318077
-0.322355
-0.327476
-0.332567
-0.336892
-0.339988
-0.341635
-0.341869
-0.340961
-0.339342
-0.337654
-0.336564
-0.336692
-0.338437
-0.341881
-0.346723
-0.35241
-0.35826
-0.363631
-0.368004
-0.370998
-0.372413
-0.372156
-0.370254
-0.366861
-0.362344
-0.357284
-0.35247
-0.348687
-0.346422
-0.345645
-0.3457
-0.345638
-0.3446
-0.342121
-0.33831
-0.333855
-0.329834
-0.327383
-0.327351
-0.329983
-0.33496
-0.341512
-0.34876
-0.355965
-0.362602
-0.368333
-0.372982
-0.376396
-0.378502
-0.379196
-0.378429
-0.376168
-0.372453
-0.367367
-0.361109
-0.353952
-0.346259
-0.338391
-0.330737
-0.323672
-0.317605
-0.313018
-0.31049
-0.31058
-0.313636
-0.319561
-0.327745
-0.337214
-0.346893
-0.35586
-0.363496
-0.36946
-0.373625
-0.375944
-0.376445
-0.375189
-0.372264
-0.367854
-0.362208
-0.355746
-0.349002
-0.342651
-0.337358
-0.333693
-0.332027
-0.332494
-0.334959
-0.33911
-0.344465
-0.350479
-0.356559
-0.362191
-0.366925
-0.370428
-0.372427
-0.372763
-0.371358
-0.368198
-0.36342
-0.357279
-0.350281
-0.343086
-0.336486
-0.331193
-0.327643
-0.325796
-0.325186
-0.32512
-0.324947
-0.324273
-0.323006
-0.321341
-0.319661
-0.318364
-0.31777
-0.317918
-0.318475
-0.318782
-0.318189
-0.316456
-0.313991
-0.311796
-0.310996
-0.312444
-0.316317
-0.322221
-0.329351
-0.336829
-0.343877
-0.349914
-0.354582
-0.35773
-0.359372
-0.359639
-0.358706
-0.356805
-0.354231
-0.351343
-0.348577
-0.346374
-0.345091
-0.344931
-0.345876
-0.347715
-0.350155
-0.352884
-0.355667
-0.3584
-0.361019
-0.363522
-0.365929
-0.368258
-0.370515
-0.372698
-0.374808
-0.376835
-0.378796
-0.380713
-0.382613
-0.3845
-0.3864
-0.388339
-0.39032
-0.392315
-0.394306
-0.396244
-0.398066
-0.399702
-0.401072
-0.402095
-0.402683
-0.402762
-0.402262
-0.401144
-0.399403
-0.397096
-0.394332
-0.391335
-0.38838
-0.385794
-0.383933
-0.383079
-0.383393
-0.384875
-0.38743
-0.39085
-0.394901
-0.39938
-0.404125
-0.408942
-0.413594
-0.417749
-0.421103
-0.423377
-0.424408
-0.424202
-0.422927
-0.420814
-0.418096
-0.414925
-0.411444
-0.407897
-0.404767
-0.402765
-0.402635
-0.404685
-0.408541
-0.41317
-0.417417
-0.420433
-0.421999
-0.422379
-0.422005
-0.421215
-0.420063
-0.418452
-0.416304
-0.413729
-0.410972
-0.408338
-0.406061
-0.40428
-0.403151
-0.402813
-0.403406
-0.404983
-0.407449
-0.410523
-0.413822
-0.416972
-0.419713
-0.421934
-0.423679
-0.425057
-0.426185
-0.427121
-0.427878
-0.428393
-0.428537
-0.428202
-0.42725
-0.425551
-0.423004
-0.419532
-0.415072
-0.409705
-0.403664
-0.397439
-0.391732
-0.387396
-0.385145
-0.385352
-0.387827
-0.39195
-0.39686
-0.401707
-0.405869
-0.40898
-0.410877
-0.4116
-0.411292
-0.41018
-0.408556
-0.406706
-0.404909
-0.403353
-0.402142
-0.401272
-0.400708
-0.400346
-0.400095
-0.399855
-0.399501
-0.398946
-0.398079
-0.396805
-0.395063
-0.392815
-0.390055
-0.386799
-0.383087
-0.378952
-0.374437
-0.369518
-0.364104
-0.358016
-0.351044
-0.342947
-0.333513
-0.322485
-0.309837
-0.296278
-0.284301
-0.27828
-0.281934
-0.294839
-0.312045
-0.327619
-0.337998
-0.342613
-0.343014
-0.341773
-0.341571
-0.34447
-0.351322
-0.361468
-0.373122
-0.38421
-0.393049
-0.398739
-0.401202
-0.40099
-0.399058
-0.396539
-0.394461
-0.393394
-0.393346
-0.393805
-0.394043
-0.393315
-0.39108
-0.386954
-0.380702
-0.372315
-0.362055
-0.350607
-0.339006
-0.328358
-0.319618
-0.313431
-0.310351
-0.310639
-0.314
-0.319659
-0.326855
-0.335181
-0.344518
-0.354677
-0.365108
-0.375029
-0.383649
-0.390427
-0.395137
-0.397851
-0.398827
-0.398402
-0.396911
-0.394639
-0.391818
-0.388563
-0.384961
-0.381023
-0.376776
-0.372242
-0.367471
-0.362562
-0.357643
-0.352902
-0.34852
-0.344689
-0.341598
-0.339457
-0.338446
-0.338694
-0.340228
-0.342959
-0.346662
-0.351045
-0.355762
-0.360508
-0.365062
-0.369225
-0.372887
-0.375955
-0.378377
-0.380067
-0.380977
-0.381016
-0.380124
-0.378233
-0.375299
-0.371345
-0.366451
-0.360809
-0.354722
-0.348592
-0.342883
-0.338033
-0.334392
-0.332179
-0.331449
-0.332114
-0.333948
-0.336659
-0.339896
-0.343376
-0.346832
-0.350132
-0.35321
-0.356027
-0.358552
-0.360752
-0.362535
-0.363797
-0.364421
-0.364302
-0.363353
-0.361548
-0.35893
-0.355582
-0.351691
-0.34749
-0.343324
-0.339524
-0.33645
-0.334411
-0.333657
-0.334247
-0.336119
-0.339015
-0.342506
-0.346095
-0.349265
-0.351599
-0.352799
-0.352659
-0.351137
-0.348336
-0.344449
-0.339804
-0.334816
-0.329965
-0.325726
-0.322506
-0.320577
-0.32001
-0.320692
-0.322335
-0.324551
-0.326946
-0.329197
-0.331078
-0.332511
-0.333529
-0.334267
-0.334915
-0.335687
-0.336742
-0.33816
-0.339961
-0.342083
-0.344421
-0.346838
-0.349212
-0.351435
-0.353414
-0.355076
-0.356367
-0.357227
-0.357598
-0.35741
-0.356556
-0.354956
-0.352476
-0.349034
-0.344531
-0.338949
-0.332381
-0.325032
-0.317287
-0.309724
-0.302958
-0.297591
-0.294023
-0.292382
-0.292512
-0.294067
-0.296636
-0.299857
-0.303413
-0.307038
-0.310541
-0.31374
-0.316559
-0.318985
-0.321057
-0.322834
-0.324385
-0.325757
-0.326975
-0.328023
-0.328869
-0.329481
-0.329861
-0.329988
-0.329876
-0.329538
-0.328938
-0.328048
-0.326783
-0.325103
-0.323009
-0.320639
-0.318287
-0.316358
-0.315267
-0.315204
-0.316118
-0.317634
-0.319244
-0.320485
-0.321122
-0.321235
-0.321182
-0.321471
-0.322563
-0.324653
-0.327622
-0.331105
-0.334575
-0.3376
-0.3398
-0.340994
-0.341085
-0.340078
-0.338056
-0.335135
-0.331472
-0.327279
-0.322813
-0.318335
-0.314143
-0.310513
-0.307709
-0.305871
-0.305146
-0.305537
-0.306938
-0.30912
-0.31175
-0.314477
-0.316975
-0.319084
-0.320784
-0.322242
-0.323702
-0.325423
-0.327599
-0.330267
-0.333302
-0.336529
-0.339712
-0.34264
-0.345147
-0.347153
-0.348595
-0.349457
-0.349732
-0.34946
-0.348638
-0.347259
-0.345345
-0.342893
-0.339912
-0.336407
-0.332457
-0.328135
-0.3236
-0.319013
-0.314614
-0.310652
-0.307365
-0.30495
-0.303509
-0.303044
-0.303497
-0.304697
-0.306434
-0.308496
-0.310689
-0.312849
-0.314886
-0.316727
-0.318337
-0.31969
-0.320753
-0.321458
-0.321744
-0.321507
-0.320631
-0.319
-0.316572
-0.31334
-0.30937
-0.30486
-0.300106
-0.295544
-0.291747
-0.2893
-0.288738
-0.290341
-0.293999
-0.299183
-0.305065
-0.310722
-0.315385
-0.318492
-0.319773
-0.319283
-0.317308
-0.314284
-0.31074
-0.307222
-0.304122
-0.301617
-0.299691
-0.298127
-0.296663
-0.295102
-0.293463
-0.291938
-0.29092
-0.290795
-0.291817
-0.293985
-0.296948
-0.30007
-0.302548
-0.303659
-0.302999
-0.300685
-0.297512
-0.294695
-0.293355
-0.293935
-0.296021
-0.298746
-0.301422
-0.303961
-0.306673
-0.309933
-0.313843
-0.318149
-0.322384
-0.326148
-0.329188
-0.331471
-0.333086
-0.334192
-0.334968
-0.335557
-0.336032
-0.336432
-0.336764
-0.336981
-0.337052
-0.336944
-0.3366
-0.336
-0.335147
-0.334055
-0.332755
-0.331295
-0.329765
-0.32824
-0.326828
-0.325654
-0.324804
-0.324393
-0.324489
-0.325145
-0.326361
-0.328124
-0.330369
-0.333005
-0.335949
-0.339078
-0.342326
-0.345618
-0.348879
-0.352067
-0.355121
-0.35799
-0.360626
-0.362956
-0.364867
-0.366221
-0.366862
-0.36659
-0.3652
-0.362468
-0.358213
-0.352314
-0.34486
-0.336151
-0.326784
-0.317594
-0.309534
-0.303403
-0.299634
-0.298166
-0.298667
-0.300823
-0.304575
-0.310119
-0.317567
-0.326619
-0.336484
-0.346119
-0.354652
-0.361544
-0.36661
-0.369962
-0.371869
-0.372609
-0.37247
-0.371668
-0.370388
-0.36876
-0.366863
-0.364722
-0.362348
-0.359715
-0.356794
-0.353562
-0.349997
-0.346123
-0.341983
-0.33767
-0.333321
-0.329098
-0.325155
-0.321677
-0.318768
-0.316513
-0.314959
-0.314088
-0.313838
-0.314136
-0.314859
-0.315919
-0.317211
-0.318623
-0.320082
-0.321508
-0.322844
-0.324059
-0.325133
-0.326028
-0.326745
-0.327304
-0.327712
-0.327979
-0.328122
-0.328186
-0.328174
-0.3281
-0.328002
-0.327902
-0.327802
-0.327743
-0.32772
-0.327762
-0.327859
-0.328032
-0.32828
-0.328588
-0.328965
-0.329395
-0.329869
-0.330341
-0.330793
-0.331196
-0.33148
-0.331577
-0.331423
-0.330926
-0.329971
-0.328468
-0.326314
-0.323451
-0.319831
-0.31547
-0.310468
-0.305023
-0.299403
-0.294011
-0.289291
-0.285748
-0.283879
-0.284071
-0.286503
-0.290993
-0.29707
-0.304066
-0.31131
-0.318269
-0.324623
-0.330272
-0.335255
-0.339658
-0.343586
-0.347071
-0.350111
-0.352616
-0.35447
-0.355528
-0.355611
-0.354571
-0.352346
-0.348991
-0.344811
-0.340362
-0.336428
-0.333869
-0.333257
-0.33466
-0.337549
-0.341066
-0.344281
-0.346525
-0.34744
-0.346996
-0.345485
-0.34337
-0.341275
-0.339762
-0.339233
-0.339795
-0.341267
-0.343283
-0.345448
-0.347438
-0.349139
-0.350585
-0.351885
-0.353179
-0.354562
-0.356081
-0.357651
-0.359196
-0.36065
-0.362011
-0.36335
-0.364776
-0.366398
-0.368246
-0.370213
-0.372128
-0.373706
-0.374697
-0.374927
-0.37437
-0.373156
-0.371532
-0.3698
-0.368179
-0.36673
-0.365276
-0.363474
-0.360829
-0.356682
-0.350242
-0.340716
-0.327822
-0.312903
-0.299779
-0.293954
-0.29909
-0.313786
-0.332744
-0.350747
-0.365087
-0.375286
-0.382022
-0.386203
-0.388625
-0.389912
-0.3905
-0.390669
-0.390623
-0.390496
-0.390347
-0.390217
-0.390108
-0.389989
-0.389812
-0.389488
-0.38892
-0.387988
-0.386501
-0.38424
-0.380868
-0.375893
-0.368636
-0.358286
-0.344179
-0.326618
-0.308255
-0.294638
-0.291963
-0.302227
-0.321239
-0.342226
-0.360295
-0.373672
-0.382608
-0.388117
-0.391244
-0.39281
-0.393405
-0.393414
-0.393107
-0.392632
-0.392075
-0.391468
-0.390836
-0.390191
-0.389538
-0.388892
-0.388286
-0.387741
-0.38728
-0.386928
-0.386692
-0.386541
-0.386463
-0.386429
-0.386414
-0.386402
-0.386372
-0.386367
-0.386407
-0.386582
-0.386981
-0.38768
-0.388781
-0.390343
-0.392399
-0.394923
-0.39787
-0.401119
-0.404483
-0.407811
-0.410918
-0.413659
-0.415895
-0.417515
-0.418458
-0.418734
-0.418385
-0.417497
-0.41625
-0.414838
-0.413468
-0.412349
-0.411626
-0.411343
-0.411458
-0.411866
-0.412393
-0.412895
-0.41326
-0.413404
-0.413353
-0.413196
-0.413039
-0.413018
-0.413245
-0.413803
-0.414703
-0.415876
-0.417218
-0.418566
-0.419707
-0.420448
-0.42064
-0.420174
-0.41904
-0.417331
-0.415228
-0.413029
-0.410997
-0.409394
-0.408342
-0.407875
-0.407907
-0.408316
-0.408996
-0.409902
-0.411037
-0.412436
-0.414131
-0.416117
-0.418387
-0.420859
-0.423419
-0.425988
-0.428469
-0.430766
-0.432854
-0.434685
-0.436231
-0.43744
-0.438281
-0.438655
-0.438483
-0.437686
-0.436158
-0.43387
-0.430812
-0.427108
-0.422978
-0.418739
-0.414731
-0.41122
-0.408209
-0.405251
-0.401505
-0.395767
-0.386737
-0.373419
-0.355739
-0.335267
-0.315798
-0.302568
-0.299913
-0.308626
-0.325568
-0.345794
-0.364814
-0.37957
-0.388077
-0.389153
-0.382307
-0.36817
-0.349173
-0.329579
-0.313922
-0.304752
-0.302084
-0.305277
-0.314088
-0.327705
-0.343711
-0.359021
-0.371344
-0.379873
-0.385002
-0.387775
-0.389316
-0.390514
-0.391793
-0.393136
-0.394194
-0.394524
-0.393817
-0.392001
-0.389344
-0.386397
-0.383879
-0.382464
-0.382572
-0.384203
-0.38701
-0.390454
-0.394004
-0.397285
-0.400092
-0.402336
-0.404013
-0.405155
-0.405768
-0.405877
-0.405473
-0.404548
-0.403079
-0.40106
-0.398503
-0.395441
-0.391917
-0.387967
-0.383656
-0.379012
-0.374054
-0.368776
-0.363209
-0.35751
-0.352073
-0.347619
-0.345074
-0.345356
-0.348932
-0.35559
-0.364423
-0.374272
-0.384097
-0.393198
-0.401218
-0.408105
-0.413913
-0.418784
-0.422856
-0.426281
-0.429152
-0.431553
-0.433582
-0.43529
-0.436736
-0.437953
-0.438998
-0.439886
-0.440556
-0.44096
-0.440998
-0.440544
-0.43943
-0.437452
-0.434449
-0.430286
-0.424907
-0.418343
-0.410787
-0.402625
-0.394485
-0.387227
-0.381801
-0.379132
-0.379796
-0.383892
-0.390941
-0.400067
-0.410173
-0.420186
-0.429138
-0.436277
-0.441042
-0.443005
-0.441992
-0.438081
-0.431782
-0.424048
-0.41618
-0.40943
-0.404585
-0.401796
-0.400812
-0.401518
-0.404108
-0.408951
-0.416076
-0.424969
-0.43461
-0.44384
-0.45175
-0.457836
-0.461953
-0.464248
-0.465035
-0.464728
-0.46366
-0.462207
-0.460644
-0.459182
-0.45795
-0.457038
-0.45646
-0.456181
-0.456113
-0.456156
-0.456147
-0.455919
-0.455337
-0.454274
-0.452654
-0.450438
-0.447641
-0.444362
-0.440722
-0.436904
-0.433086
-0.429437
-0.426073
-0.423022
-0.420248
-0.417675
-0.415238
-0.412942
-0.41092
-0.40941
-0.408718
-0.409176
-0.411039
-0.414407
-0.419229
-0.425243
-0.432057
-0.439147
-0.44602
-0.452215
-0.457414
-0.461416
-0.464111
-0.465462
-0.465529
-0.464373
-0.462091
-0.458775
-0.454581
-0.449634
-0.444057
-0.437954
-0.431405
-0.424462
-0.417185
-0.40956
-0.401564
-0.393188
-0.384673
-0.376587
-0.369893
-0.365613
-0.364446
-0.366352
-0.370534
-0.375707
-0.380593
-0.384248
-0.386224
-0.386507
-0.385433
-0.383485
-0.381274
-0.379319
-0.378071
-0.377768
-0.378485
-0.380008
-0.38198
-0.383909
-0.385313
-0.38581
-0.3853
-0.383951
-0.382226
-0.380703
-0.379788
-0.37959
-0.379834
-0.380038
-0.379702
-0.378546
-0.37656
-0.374059
-0.371545
-0.369643
-0.36882
-0.369233
-0.370711
-0.372824
-0.375066
-0.377008
-0.378372
-0.37905
-0.379038
-0.378449
-0.377406
-0.37604
-0.374471
-0.372814
-0.371116
-0.369418
-0.36772
-0.366049
-0.364401
-0.362791
-0.361284
-0.35992
-0.358796
-0.357971
-0.357507
-0.357416
-0.357667
-0.358169
-0.358808
-0.359446
-0.359934
-0.36013
-0.359928
-0.359215
-0.357914
-0.355963
-0.353329
-0.350037
-0.346222
-0.342118
-0.338121
-0.334702
-0.332355
-0.331438
-0.332059
-0.334081
-0.337137
-0.340791
-0.344635
-0.348363
-0.351774
-0.354781
-0.357309
-0.359325
-0.360771
-0.361555
-0.361546
-0.360545
-0.35835
-0.354769
-0.349712
-0.34332
-0.336106
-0.329046
-0.323469
-0.320608
-0.321111
-0.324695
-0.330405
-0.337056
-0.343718
-0.349884
-0.355362
-0.360176
-0.364409
-0.368131
-0.371371
-0.374117
-0.37632
-0.377894
-0.378798
-0.378999
-0.378486
-0.377292
-0.375458
-0.373091
-0.370353
-0.367438
-0.364562
-0.361988
-0.359955
-0.358694
-0.358339
-0.358951
-0.360497
-0.362867
-0.365891
-0.369334
-0.373013
-0.376743
-0.380392
-0.383856
-0.387087
-0.390061
-0.392777
-0.395243
-0.397465
-0.399441
-0.40118
-0.402688
-0.40398
-0.405083
-0.406053
-0.406967
-0.407897
-0.408946
-0.410183
-0.411702
-0.413518
-0.415625
-0.417972
-0.420451
-0.422903
-0.425159
-0.426988
-0.428146
-0.428393
-0.427483
-0.425174
-0.421342
-0.415927
-0.409085
-0.4012
-0.392909
-0.385015
-0.378305
-0.373401
-0.370545
-0.369613
-0.370171
-0.371722
-0.373797
-0.376093
-0.378417
-0.380695
-0.382837
-0.384833
-0.386728
-0.388639
-0.390751
-0.393264
-0.396279
-0.399702
-0.403231
-0.406458
-0.409011
-0.410605
-0.411252
-0.411089
-0.410431
-0.409624
-0.409015
-0.408901
-0.409494
-0.410861
-0.412968
-0.415674
-0.418785
-0.422053
-0.425252
-0.428205
-0.430806
-0.433002
-0.43476
-0.436096
-0.43705
-0.43764
-0.437871
-0.43774
-0.437254
-0.436388
-0.435122
-0.433425
-0.431291
-0.428679
-0.425602
-0.42209
-0.4182
-0.41403
-0.409771
-0.405668
-0.402009
-0.399089
-0.397198
-0.396508
-0.397084
-0.398805
-0.401471
-0.40482
-0.408574
-0.412525
-0.416506
-0.420429
-0.424218
-0.427831
-0.431233
-0.434412
-0.43731
-0.439893
-0.442143
-0.444026
-0.445494
-0.446527
-0.447066
-0.447058
-0.446447
-0.445142
-0.443099
-0.440248
-0.436591
-0.432288
-0.427655
-0.423319
-0.420107
-0.418917
-0.42042
-0.424773
-0.431568
-0.439893
-0.448735
-0.457172
-0.464579
-0.470613
-0.47515
-0.478196
-0.479886
-0.480348
-0.479737
-0.478179
-0.475794
-0.47268
-0.468948
-0.464734
-0.460204
-0.455589
-0.451124
-0.446995
-0.443278
-0.439996
-0.43703
-0.434273
-0.431607
-0.428882
-0.425912
-0.422585
-0.418866
-0.41497
-0.411396
-0.408938
-0.408524
-0.410851
-0.416111
-0.423879
-0.433224
-0.443066
-0.452462
-0.460747
-0.467607
-0.472968
-0.476914
-0.479617
-0.481271
-0.482077
-0.482195
-0.481749
-0.480862
-0.479631
-0.478151
-0.476545
-0.474901
-0.47332
-0.471911
-0.470743
-0.469849
-0.469236
-0.468857
-0.468611
-0.468395
-0.468082
-0.467549
-0.46668
-0.465399
-0.46363
-0.461379
-0.458686
-0.455691
-0.452629
-0.449729
-0.447202
-0.445151
-0.443536
-0.442158
-0.440812
-0.439406
-0.438087
-0.437188
-0.437047
-0.437721
-0.438744
-0.439187
-0.437861
-0.433736
-0.426395
-0.416515
-0.40612
-0.398327
-0.39601
-0.400111
-0.408971
-0.419421
-0.428424
-0.434016
-0.43526
-0.431978
-0.424623
-0.414272
-0.402707
-0.392294
-0.385321
-0.383288
-0.38649
-0.39415
-0.404781
-0.416503
-0.427615
-0.436882
-0.443688
-0.447954
-0.44994
-0.450066
-0.448827
-0.446707
-0.444161
-0.441621
-0.439442
-0.43786
-0.436994
-0.436833
-0.437244
-0.438066
-0.439141
-0.440354
-0.441653
-0.443032
-0.444536
-0.446186
-0.447996
-0.449977
-0.452131
-0.454453
-0.456928
-0.459567
-0.462353
-0.465259
-0.468209
-0.471096
-0.473767
-0.476054
-0.47775
-0.47867
-0.478671
-0.47774
-0.475997
-0.473832
-0.471797
-0.470593
-0.470797
-0.472699
-0.476115
-0.480514
-0.485184
-0.489494
-0.492969
-0.495315
-0.496375
-0.496124
-0.494578
-0.491819
-0.48801
-0.4834
-0.478328
-0.473203
-0.468357
-0.463996
-0.460102
-0.456481
-0.45285
-0.449001
-0.444916
-0.440823
-0.437077
-0.434168
-0.432495
-0.43232
-0.433622
-0.436139
-0.439396
-0.442781
-0.445753
-0.447843
-0.448773
-0.44847
-0.447047
-0.444853
-0.442342
-0.440131
-0.438822
-0.438891
-0.440586
-0.443793
-0.4481
-0.452919
-0.45764
-0.461722
-0.464814
-0.466728
-0.467416
-0.466923
-0.465354
-0.462906
-0.459776
-0.456198
-0.452464
-0.448827
-0.445495
-0.44258
-0.44006
-0.43779
-0.435485
-0.432849
-0.429554
-0.425411
-0.420325
-0.414389
-0.407887
-0.401311
-0.395192
-0.390029
-0.386138
-0.383579
-0.382227
-0.381782
-0.381874
-0.38217
-0.382456
-0.382634
-0.382748
-0.382915
-0.383259
-0.383826
-0.38454
-0.385226
-0.385635
-0.385512
-0.384639
-0.38294
-0.380444
-0.377324
-0.373863
-0.370421
-0.367556
-0.366107
-0.367138
-0.371403
-0.37886
-0.388485
-0.39875
-0.408232
-0.416013
-0.421772
-0.425586
-0.427741
-0.42854
-0.428323
-0.427348
-0.425812
-0.423877
-0.42172
-0.419443
-0.417185
-0.415039
-0.413153
-0.41161
-0.410463
-0.409754
-0.409468
-0.409535
-0.409851
-0.410329
-0.410923
-0.411642
-0.412552
-0.413792
-0.4155
-0.417761
-0.420551
-0.423724
-0.427012
-0.430126
-0.432731
-0.43458
-0.435491
-0.435354
-0.43418
-0.432015
-0.429035
-0.425526
-0.42185
-0.418488
-0.415973
-0.414799
-0.415327
-0.417653
-0.421589
-0.426688
-0.43233
-0.437839
-0.442559
-0.4459
-0.447354
-0.446497
-0.442978
-0.436665
-0.427711
-0.416777
-0.404984
-0.393759
-0.384387
-0.377602
-0.373701
-0.372814
-0.375089
-0.380486
-0.388454
-0.397904
-0.407598
-0.416513
-0.424169
-0.430578
-0.436062
-0.441031
-0.445828
-0.450576
-0.4552
-0.459493
-0.463193
-0.466086
-0.467986
-0.468852
-0.468675
-0.467488
-0.465361
-0.462344
-0.458554
-0.454091
-0.449077
-0.443661
-0.43803
-0.432414
-0.42705
-0.4222
-0.418104
-0.414869
-0.412488
-0.410751
-0.40924
-0.407322
-0.404228
-0.399034
-0.390818
-0.378991
-0.363791
-0.347275
-0.333445
-0.32697
-0.330256
-0.341657
-0.356993
-0.372366
-0.385644
-0.396223
-0.404289
-0.410227
-0.414409
-0.417088
-0.418494
-0.418753
-0.41798
-0.41626
-0.413676
-0.410349
-0.406392
-0.401932
-0.39714
-0.392228
-0.3874
-0.382903
-0.378985
-0.375844
-0.373634
-0.372426
-0.372198
-0.372782
-0.373987
-0.37555
-0.377289
-0.379044
-0.380744
-0.382383
-0.383981
-0.385573
-0.387204
-0.388878
-0.390555
-0.392178
-0.393639
-0.394855
-0.395663
-0.395923
-0.395478
-0.394188
-0.391954
-0.388744
-0.384666
-0.379994
-0.375157
-0.370701
-0.367121
-0.364734
-0.363542
-0.36325
-0.363483
-0.36389
-0.36429
-0.364747
-0.365423
-0.366548
-0.368264
-0.370628
-0.373545
-0.376773
-0.38005
-0.383139
-0.385813
-0.387933
-0.389426
-0.390249
-0.390406
-0.389936
-0.388894
-0.387356
-0.385457
-0.383377
-0.381324
-0.379529
-0.378182
-0.37739
-0.377099
-0.377083
-0.376913
-0.376055
-0.373885
-0.369829
-0.36346
-0.354709
-0.344017
-0.332443
-0.321751
-0.31411
-0.311509
-0.314925
-0.323788
-0.336131
-0.349512
-0.361916
-0.372169
-0.37989
-0.385195
-0.388447
-0.39004
-0.390385
-0.389815
-0.388663
-0.387206
-0.385663
-0.384245
-0.383136
-0.382429
-0.382144
-0.382255
-0.382671
-0.38321
-0.383615
-0.383595
-0.382788
-0.380823
-0.377368
-0.372226
-0.365585
-0.358192
-0.351428
-0.346978
-0.346134
-0.349036
-0.354627
-0.361174
-0.367146
-0.371579
-0.374105
-0.374809
-0.373926
-0.371737
-0.36849
-0.364373
-0.359525
-0.354053
-0.348155
-0.342152
-0.336585
-0.332179
-0.329712
-0.329748
-0.332418
-0.33735
-0.343808
-0.350947
-0.358012
-0.364406
-0.369754
-0.373855
-0.37662
-0.378044
-0.378219
-0.377313
-0.375516
-0.373108
-0.370411
-0.367738
-0.365377
-0.363531
-0.362267
-0.361524
-0.361132
-0.360834
-0.360373
-0.359528
-0.358191
-0.356386
-0.354229
-0.352
-0.350041
-0.348683
-0.348182
-0.348638
-0.350017
-0.352136
-0.354755
-0.357648
-0.36062
-0.363514
-0.36624
-0.368665
-0.370696
-0.372217
-0.373103
-0.373265
-0.372566
-0.370901
-0.368222
-0.364611
-0.360231
-0.355453
-0.350798
-0.346886
-0.344273
-0.343315
-0.344061
-0.346265
-0.349501
-0.353274
-0.357114
-0.36068
-0.363724
-0.366126
-0.367864
-0.369003
-0.369695
-0.370135
-0.370515
-0.371046
-0.371834
-0.372925
-0.374242
-0.375666
-0.377036
-0.378155
-0.378881
-0.379064
-0.378607
-0.377408
-0.375419
-0.37263
-0.369073
-0.364843
-0.360145
-0.355247
-0.350549
-0.346462
-0.343411
-0.341648
-0.341244
-0.342046
-0.343696
-0.345829
-0.348102
-0.350289
-0.352275
-0.354041
-0.355644
-0.357118
-0.358535
-0.359895
-0.361216
-0.36249
-0.363729
-0.364899
-0.365997
-0.367031
-0.367984
-0.368893
-0.36975
-0.370534
-0.371257
-0.371906
-0.372487
-0.372977
-0.3734
-0.373735
-0.373989
-0.374162
-0.374265
-0.374306
-0.374319
-0.374312
-0.37433
-0.374398
-0.374561
-0.374845
-0.375286
-0.375905
-0.376717
-0.377722
-0.378915
-0.380277
-0.381762
-0.383332
-0.384931
-0.386523
-0.388024
-0.389382
-0.390534
-0.391394
-0.391887
-0.391942
-0.391473
-0.390403
-0.388668
-0.386221
-0.383026
-0.379101
-0.374488
-0.369259
-0.363524
-0.35743
-0.351166
-0.34495
-0.339055
-0.33389
-0.329895
-0.327553
-0.327257
-0.32923
-0.333383
-0.339328
-0.346446
-0.354079
-0.361617
-0.368639
-0.374914
-0.380382
-0.38508
-0.389076
-0.392443
-0.395233
-0.397501
-0.399285
-0.400607
-0.401511
-0.402042
-0.402239
-0.402151
-0.40182
-0.401261
-0.40052
-0.399569
-0.398445
-0.397137
-0.395645
-0.393962
-0.392116
-0.390121
-0.388012
-0.385882
-0.383789
-0.381859
-0.380165
-0.378828
-0.377909
-0.377481
-0.377554
-0.378168
-0.379293
-0.38087
-0.382785
-0.384919
-0.387117
-0.389218
-0.391083
-0.392585
-0.393628
-0.394141
-0.394072
-0.393398
-0.392126
-0.390292
-0.38796
-0.385199
-0.38213
-0.378886
-0.375626
-0.372492
-0.369625
-0.367144
-0.365241
-0.364094
-0.363891
-0.364746
-0.366471
-0.368548
-0.370287
-0.371162
-0.371275
-0.371585
-0.373583
-0.378463
-0.38632
-0.396126
-0.406255
-0.415376
-0.42274
-0.428184
-0.431895
-0.434143
-0.435194
-0.435212
-0.434304
-0.432527
-0.429886
-0.426381
-0.422055
-0.41695
-0.411129
-0.40472
-0.397865
-0.390766
-0.383647
-0.376772
-0.370398
-0.364799
-0.36023
-0.356873
-0.354872
-0.354274
-0.355118
-0.357404
-0.36105
-0.365863
-0.371473
-0.377397
-0.383175
-0.388439
-0.392989
-0.396806
-0.399953
-0.402509
-0.404528
-0.406045
-0.407063
-0.407517
-0.40736
-0.406454
-0.404711
-0.401963
-0.398136
-0.393293
-0.387748
-0.38211
-0.377286
-0.37421
-0.373477
-0.375039
-0.378228
-0.382045
-0.385551
-0.38816
-0.389674
-0.390202
-0.39008
-0.389661
-0.38927
-0.389083
-0.389161
-0.389457
-0.389867
-0.390292
-0.390685
-0.391008
-0.391288
-0.391561
-0.391835
-0.392105
-0.392312
-0.392385
-0.392221
-0.391724
-0.390813
-0.389423
-0.387551
-0.385248
-0.382626
-0.37984
-0.377095
-0.374582
-0.372456
-0.370821
-0.369694
-0.369016
-0.368668
-0.368505
-0.36841
-0.368335
-0.368257
-0.368207
-0.368253
-0.368447
-0.368748
-0.369057
-0.369242
-0.369077
-0.368348
-0.366933
-0.364838
-0.36226
-0.359573
-0.357282
-0.355825
-0.355467
-0.356171
-0.357678
-0.35962
-0.361687
-0.363684
-0.36556
-0.367339
-0.369059
-0.370733
-0.372319
-0.373723
-0.374852
-0.375676
-0.376126
-0.376204
-0.375919
-0.37531
-0.374404
-0.373243
-0.371854
-0.37025
-0.368441
-0.366416
-0.364165
-0.361655
-0.358874
-0.355791
-0.35241
-0.348722
-0.34475
-0.340543
-0.336177
-0.331741
-0.327353
-0.323152
-0.319322
-0.316095
-0.313719
-0.312406
-0.312283
-0.313299
-0.315256
-0.317825
-0.320642
-0.323439
-0.32598
-0.328175
-0.329985
-0.33146
-0.332681
-0.333698
-0.334586
-0.335416
-0.336205
-0.336984
-0.337791
-0.338608
-0.339423
-0.340205
-0.340929
-0.341565
-0.34209
-0.342473
-0.34268
-0.342703
-0.342522
-0.342125
-0.341474
-0.340531
-0.339251
-0.337588
-0.335475
-0.332883
-0.329796
-0.326269
-0.32245
-0.318605
-0.315118
-0.312466
-0.311127
-0.311453
-0.313495
-0.317029
-0.321631
-0.326799
-0.332071
-0.337125
-0.341781
-0.34597
-0.349673
-0.352926
-0.355791
-0.358287
-0.360465
-0.362341
-0.363919
-0.365192
-0.366145
-0.366687
-0.366766
-0.366246
-0.365024
-0.362932
-0.359839
-0.355606
-0.350171
-0.34358
-0.336094
-0.328212
-0.320694
-0.314579
-0.310914
-0.310532
-0.313746
-0.320236
-0.329143
-0.33938
-0.349914
-0.35998
-0.369126
-0.377129
-0.38396
-0.389677
-0.394365
-0.398108
-0.400985
-0.403048
-0.404334
-0.404895
-0.404785
-0.404086
-0.402939
-0.401533
-0.400104
-0.398921
-0.398213
-0.398136
-0.398732
-0.399917
-0.401495
-0.403232
-0.404922
-0.406393
-0.407544
-0.408332
-0.408777
-0.408953
-0.408897
-0.408688
-0.408341
-0.407865
-0.407209
-0.406343
-0.405231
-0.403881
-0.40242
-0.401062
-0.400153
-0.400047
-0.401116
-0.403592
-0.407568
-0.412918
-0.419311
-0.426335
-0.433553
-0.440524
-0.446901
-0.452355
-0.456649
-0.459558
-0.460897
-0.460533
-0.458389
-0.454509
-0.449068
-0.442476
-0.43531
-0.428244
-0.421904
-0.416702
-0.412831
-0.410301
-0.409081
-0.409163
-0.410509
-0.412926
-0.416059
-0.419406
-0.42237
-0.42445
-0.425325
-0.424952
-0.42358
-0.421742
-0.420057
-0.419084
-0.419065
-0.419929
-0.421381
-0.42307
-0.42478
-0.426489
-0.428337
-0.430525
-0.433197
-0.436363
-0.439845
-0.443359
-0.446495
-0.448831
-0.449995
-0.449649
-0.447603
-0.443832
-0.438554
-0.432302
-0.42595
-0.420532
-0.416919
-0.415483
-0.415978
-0.417634
-0.419507
-0.420743
-0.420718
-0.418994
-0.415252
-0.40925
-0.400845
-0.390183
-0.378001
-0.365904
-0.356252
-0.35137
-0.352342
-0.358308
-0.36709
-0.376398
-0.384726
-0.391477
-0.396671
-0.400534
-0.403245
-0.404842
-0.405196
-0.404034
-0.401047
-0.395962
-0.38864
-0.379202
-0.36808
-0.35607
-0.344264
-0.333918
-0.326201
-0.321974
-0.321665
-0.325268
-0.332276
-0.341769
-0.352578
-0.363532
-0.373722
-0.382585
-0.38988
-0.395627
-0.399965
-0.403107
-0.405245
-0.406564
-0.407208
-0.407298
-0.406904
-0.406069
-0.404795
-0.403078
-0.400893
-0.398181
-0.394905
-0.391027
-0.386572
-0.38168
-0.376591
-0.371727
-0.367666
-0.365004
-0.364232
-0.365533
-0.368697
-0.373221
-0.37845
-0.383736
-0.388595
-0.392735
-0.396026
-0.398452
-0.400129
-0.401215
-0.401921
-0.402459
-0.40299
-0.403624
-0.404427
-0.405339
-0.406267
-0.407066
-0.407601
-0.40776
-0.40751
-0.406944
-0.406237
-0.405648
-0.405473
-0.405981
-0.407353
-0.40963
-0.412698
-0.416282
-0.419963
-0.42325
-0.425658
-0.426733
-0.426102
-0.423534
-0.418943
-0.412525
-0.404695
-0.396159
-0.387766
-0.380436
-0.374951
-0.371815
-0.371164
-0.372701
-0.375851
-0.379891
-0.38419
-0.388326
-0.392156
-0.395785
-0.399454
-0.403351
-0.407511
-0.411769
-0.415873
-0.419487
-0.422305
-0.424103
-0.424826
-0.42454
-0.423428
-0.421825
-0.420072
-0.418493
-0.417323
-0.416612
-0.416271
-0.416043
-0.415679
-0.414887
-0.413495
-0.411374
-0.408507
-0.404965
-0.400867
-0.396406
-0.391816
-0.387327
-0.383158
-0.379455
-0.376271
-0.37358
-0.371265
-0.369196
-0.367225
-0.365313
-0.363472
-0.361869
-0.360659
-0.360029
-0.360031
-0.360559
-0.361393
-0.362224
-0.362728
-0.362675
-0.361982
-0.360691
-0.358988
-0.357139
-0.355426
-0.354119
-0.353388
-0.353263
-0.353702
-0.354571
-0.355697
-0.357004
-0.358402
-0.359858
-0.361359
-0.362883
-0.364386
-0.3658
-0.367017
-0.367922
-0.368412
-0.368383
-0.367785
-0.366586
-0.36485
-0.362697
-0.360366
-0.358126
-0.356279
-0.355036
-0.354463
-0.354456
-0.354702
-0.354826
-0.354478
-0.353456
-0.351809
-0.349792
-0.347879
-0.346602
-0.346382
-0.347379
-0.349435
-0.352079
-0.354667
-0.356572
-0.357278
-0.356534
-0.354376
-0.351099
-0.347143
-0.342867
-0.338416
-0.333657
-0.328442
-0.322633
-0.316395
-0.310285
-0.305259
-0.302455
-0.302816
-0.306733
-0.313917
-0.323653
-0.335055
-0.347172
-0.359191
-0.370405
-0.380278
-0.388541
-0.395088
-0.399996
-0.403456
-0.40567
-0.406875
-0.407261
-0.407003
-0.406226
-0.405051
-0.403525
-0.401714
-0.399639
-0.397313
-0.394704
-0.391805
-0.388559
-0.384884
-0.38072
-0.376025
-0.370842
-0.365411
-0.36015
-0.355693
-0.352751
-0.351874
-0.353218
-0.356449
-0.360887
-0.365778
-0.370466
-0.374509
-0.377685
-0.379945
-0.381344
-0.381961
-0.381906
-0.381292
-0.380243
-0.37889
-0.377387
-0.375904
-0.37457
-0.373578
-0.373016
-0.372974
-0.37347
-0.374485
-0.375946
-0.377731
-0.379725
-0.381817
-0.383873
-0.385785
-0.387481
-0.388883
-0.389941
-0.390622
-0.390947
-0.390943
-0.390681
-0.390246
-0.389743
-0.389238
-0.388786
-0.388379
-0.387987
-0.387526
-0.386939
-0.386193
-0.385339
-0.38455
-0.384106
-0.384323
-0.385477
-0.387744
-0.391091
-0.395287
-0.399963
-0.404677
-0.409008
-0.412588
-0.415197
-0.41668
-0.416992
-0.416193
-0.414456
-0.412026
-0.409208
-0.406325
-0.403622
-0.4012
-0.398958
-0.396632
-0.393899
-0.390526
-0.386586
-0.382509
-0.37894
-0.376385
-0.374946
-0.374396
-0.374661
-0.376168
-0.379746
-0.385864
-0.394134
-0.40337
-0.412177
-0.419536
-0.425003
-0.42862
-0.430715
-0.431683
-0.431937
-0.431823
-0.431589
-0.431395
-0.431291
-0.431248
-0.431187
-0.430971
-0.430464
-0.429508
-0.427996
-0.425845
-0.423031
-0.419565
-0.415562
-0.411129
-0.406437
-0.401632
-0.39682
-0.391974
-0.386859
-0.381005
-0.373599
-0.363682
-0.350572
-0.334929
-0.320081
-0.311819
-0.315043
-0.329548
-0.349946
-0.369986
-0.386027
-0.397168
-0.404018
-0.407608
-0.408913
-0.408694
-0.407477
-0.40563
-0.403411
-0.400988
-0.398459
-0.395909
-0.393358
-0.390817
-0.388268
-0.385707
-0.383131
-0.380528
-0.377938
-0.375424
-0.373069
-0.370942
-0.369131
-0.367678
-0.366555
-0.36569
-0.36489
-0.363914
-0.362416
-0.360012
-0.356203
-0.350504
-0.342534
-0.332245
-0.320374
-0.308894
-0.300784
-0.298851
-0.303957
-0.314401
-0.327031
-0.338974
-0.348572
-0.355292
-0.35928
-0.360886
-0.360516
-0.358505
-0.355094
-0.350518
-0.344982
-0.338782
-0.332362
-0.326393
-0.321615
-0.318747
-0.318218
-0.319935
-0.323343
-0.3276
-0.331807
-0.33521
-0.337341
-0.337977
-0.337099
-0.334816
-0.331369
-0.327069
-0.322276
-0.317327
-0.3125
-0.307963
-0.303736
-0.299793
-0.296048
-0.292524
-0.289372
-0.286893
-0.28551
-0.285678
-0.287669
-0.291543
-0.297115
-0.30405
-0.311854
-0.320041
-0.328106
-0.335585
-0.342108
-0.347409
-0.351362
-0.353952
-0.355296
-0.355586
-0.35505
-0.353966
-0.352592
-0.351199
-0.349983
-0.349103
-0.348623
-0.348534
-0.348795
-0.349297
-0.349941
-0.350628
-0.351275
-0.351834
-0.35229
-0.352646
-0.352894
-0.353042
-0.353085
-0.353062
-0.352945
-0.352728
-0.352376
-0.351866
-0.351138
-0.350172
-0.348945
-0.347467
-0.345767
-0.343947
-0.342136
-0.340479
-0.339141
-0.338259
-0.337906
-0.338071
-0.338665
-0.339547
-0.340528
-0.341418
-0.342031
-0.342308
-0.34226
-0.342037
-0.341912
-0.342216
-0.343238
-0.345151
-0.347942
-0.351391
-0.355191
-0.358978
-0.362463
-0.365412
-0.367704
-0.369301
-0.370212
-0.370497
-0.370218
-0.369489
-0.368419
-0.367124
-0.365746
-0.364456
-0.363446
-0.362924
-0.363075
-0.364082
-0.36604
-0.368986
-0.372846
-0.377464
-0.382657
-0.388197
-0.393886
-0.39953
-0.404997
-0.410164
-0.414935
-0.419196
-0.422854
-0.425762
-0.427736
-0.428523
-0.427822
-0.425307
-0.420671
-0.413832
-0.405125
-0.395562
-0.386831
-0.380996
-0.379618
-0.382942
-0.389791
-0.398145
-0.406033
-0.412005
-0.415274
-0.415586
-0.41306
-0.408123
-0.401459
-0.394057
-0.387233
-0.382583
-0.381512
-0.384621
-0.391347
-0.400106
-0.409126
-0.417104
-0.423489
-0.428419
-0.432397
-0.435975
-0.439573
-0.443402
-0.447362
-0.45119
-0.454531
-0.456979
-0.458165
-0.457818
-0.455765
-0.452103
-0.447227
-0.441813
-0.436774
-0.433004
-0.431097
-0.431142
-0.432755
-0.435302
-0.43814
-0.440754
-0.442838
-0.444181
-0.444589
-0.443853
-0.441664
-0.437634
-0.431389
-0.422816
-0.412428
-0.40174
-0.393054
-0.388585
-0.389057
-0.393156
-0.398366
-0.40236
-0.403927
-0.403044
-0.400601
-0.39792
-0.396291
-0.396561
-0.398964
-0.403109
-0.408306
-0.413824
-0.419062
-0.423636
-0.427354
-0.430135
-0.431984
-0.43295
-0.433104
-0.432522
-0.431283
-0.429453
-0.42711
-0.424322
-0.421169
-0.417755
-0.414215
-0.41066
-0.407285
-0.404254
-0.401755
-0.399941
-0.398927
-0.39872
-0.399258
-0.400394
-0.401946
-0.403678
-0.405375
-0.406841
-0.407905
-0.40844
-0.408347
-0.407526
-0.405895
-0.403379
-0.399948
-0.395578
-0.39028
-0.384113
-0.377143
-0.369438
-0.361116
-0.352324
-0.343336
-0.334714
-0.327282
-0.322081
-0.320094
-0.321868
-0.327255
-0.335505
-0.345516
-0.356209
-0.366682
-0.376345
-0.384843
-0.392012
-0.397808
-0.402188
-0.405117
-0.406426
-0.405842
-0.402862
-0.396787
-0.386853
-0.372619
-0.354864
-0.336562
-0.322752
-0.317951
-0.322654
-0.332911
-0.343483
-0.350944
-0.354304
-0.354109
-0.351576
-0.348007
-0.344505
-0.341818
-0.340313
-0.339981
-0.340656
-0.342071
-0.343985
-0.346164
-0.348433
-0.350597
-0.352506
-0.354039
-0.355122
-0.355731
-0.355882
-0.355601
-0.354964
-0.354035
-0.352902
-0.351622
-0.350247
-0.348837
-0.347434
-0.346083
-0.3448
-0.343618
-0.342565
-0.341638
-0.340873
-0.340275
-0.339842
-0.339597
-0.339533
-0.339647
-0.339915
-0.34033
-0.340874
-0.341492
-0.342177
-0.342892
-0.343642
-0.344391
-0.345155
-0.345892
-0.346569
-0.347119
-0.347449
-0.347489
-0.347153
-0.346427
-0.345325
-0.34398
-0.342608
-0.341499
-0.340945
-0.341164
-0.342241
-0.3441
-0.346506
-0.349093
-0.351471
-0.353307
-0.354352
-0.354524
-0.353843
-0.352445
-0.350539
-0.348327
-0.345999
-0.343669
-0.341415
-0.339273
-0.337267
-0.335471
-0.333957
-0.332808
-0.332057
-0.331686
-0.331517
-0.331321
-0.33083
-0.329868
-0.328452
-0.326789
-0.325285
-0.324424
-0.324644
-0.326216
-0.3292
-0.333393
-0.338433
-0.343876
-0.349262
-0.354231
-0.358462
-0.361723
-0.363856
-0.364769
-0.36438
-0.362629
-0.359487
-0.354979
-0.349223
-0.342429
-0.334924
-0.327115
-0.319477
-0.312471
-0.306523
-0.30196
-0.299051
-0.297903
-0.298522
-0.300743
-0.304304
-0.308867
-0.314071
-0.319513
-0.324827
-0.329719
-0.334003
-0.337589
-0.340466
-0.342703
-0.344378
-0.345595
-0.346405
-0.346866
-0.346982
-0.34674
-0.346123
-0.345112
-0.343665
-0.341798
-0.339532
-0.336916
-0.334057
-0.331139
-0.328339
-0.325916
-0.324048
-0.322912
-0.322555
-0.322933
-0.323899
-0.325249
-0.326808
-0.328385
-0.329878
-0.331222
-0.332387
-0.333376
-0.334216
-0.334957
-0.335641
-0.336288
-0.336922
-0.337561
-0.338217
-0.338869
-0.339496
-0.340043
-0.340481
-0.340725
-0.34072
-0.340423
-0.339792
-0.338866
-0.337697
-0.336423
-0.335213
-0.334254
-0.333739
-0.333772
-0.334426
-0.335672
-0.337429
-0.339581
-0.34204
-0.344646
-0.347336
-0.34999
-0.352505
-0.354772
-0.35668
-0.358074
-0.358822
-0.358813
-0.357922
-0.356076
-0.353223
-0.349447
-0.344945
-0.340068
-0.335306
-0.331199
-0.328238
-0.326644
-0.326333
-0.326961
-0.32806
-0.329184
-0.330115
-0.330925
-0.331977
-0.33374
-0.336598
-0.34059
-0.345415
-0.350521
-0.355312
-0.359324
-0.362307
-0.364228
-0.365208
-0.365393
-0.364896
-0.363746
-0.361804
-0.358801
-0.354489
-0.348823
-0.342251
-0.335869
-0.331233
-0.329779
-0.33208
-0.337579
-0.34501
-0.353035
-0.360836
-0.36803
-0.374499
-0.380197
-0.385036
-0.388841
-0.391361
-0.392286
-0.391213
-0.387618
-0.380911
-0.370562
-0.356597
-0.34022
-0.324229
-0.31233
-0.307029
-0.30783
-0.311862
-0.31631
-0.320047
-0.323513
-0.327471
-0.332274
-0.33773
-0.343345
-0.348778
-0.353802
-0.358252
-0.361983
-0.364865
-0.366835
-0.367913
-0.368261
-0.368143
-0.367892
-0.367825
-0.368217
-0.369197
-0.370719
-0.372639
-0.374671
-0.376589
-0.378219
-0.379469
-0.380334
-0.380849
-0.381052
-0.38091
-0.380367
-0.379349
-0.377759
-0.375556
-0.372776
-0.369572
-0.366171
-0.36285
-0.359799
-0.357061
-0.354525
-0.35189
-0.348838
-0.345079
-0.340477
-0.335178
-0.329571
-0.324268
-0.319965
-0.317155
-0.316011
-0.316381
-0.317873
-0.320041
-0.32256
-0.325278
-0.328239
-0.33161
-0.335529
-0.339952
-0.344636
-0.349203
-0.353254
-0.356468
-0.358685
-0.359877
-0.360127
-0.359573
-0.358376
-0.356697
-0.354777
-0.35278
-0.350903
-0.349309
-0.34812
-0.347432
-0.347262
-0.347604
-0.348376
-0.349472
-0.350787
-0.352196
-0.353573
-0.354812
-0.355812
-0.356472
-0.356716
-0.356473
-0.355669
-0.354301
-0.352407
-0.350063
-0.347417
-0.344624
-0.34183
-0.339052
-0.336203
-0.333067
-0.329405
-0.325018
-0.319815
-0.313838
-0.307236
-0.300303
-0.293605
-0.288205
-0.285602
-0.287209
-0.293422
-0.303086
-0.313954
-0.323749
-0.331023
-0.335309
-0.336856
-0.336341
-0.334554
-0.332301
-0.330275
-0.328981
-0.328658
-0.329202
-0.33016
-0.330794
-0.330248
-0.327767
-0.323004
-0.316234
-0.308439
-0.301146
-0.296108
-0.294773
-0.297796
-0.304839
-0.314591
-0.325255
-0.335201
-0.343338
-0.349232
-0.352961
-0.354855
-0.355322
-0.354742
-0.353371
-0.35135
-0.348774
-0.345621
-0.341946
-0.337827
-0.333507
-0.329362
-0.325845
-0.323317
-0.32195
-0.321606
-0.321903
-0.322411
-0.322815
-0.322965
-0.322958
-0.32298
-0.323255
-0.323933
-0.325047
-0.326446
-0.327918
-0.329133
-0.329886
-0.330072
-0.329775
-0.329288
-0.329033
-0.329455
-0.33077
-0.332964
-0.335771
-0.338784
-0.341601
-0.343895
-0.345491
-0.346292
-0.346343
-0.345712
-0.344499
-0.342814
-0.340809
-0.338629
-0.33646
-0.334496
-0.332918
-0.331806
-0.331142
-0.330795
-0.330532
-0.330056
-0.329112
-0.327542
-0.325371
-0.322775
-0.320165
-0.318025
-0.316882
-0.317101
-0.318843
-0.322001
-0.326263
-0.331226
-0.336522
-0.341768
-0.34671
-0.351154
-0.354971
-0.358052
-0.360321
-0.361739
-0.362221
-0.361725
-0.360229
-0.357718
-0.354277
-0.350059
-0.345388
-0.340715
-0.336604
-0.3336
-0.332071
-0.332072
-0.333365
-0.335452
-0.337779
-0.339882
-0.341445
-0.342321
-0.342503
-0.342079
-0.341173
-0.339893
-0.338325
-0.336537
-0.334589
-0.33253
-0.330438
-0.328443
-0.326686
-0.32535
-0.3246
-0.324554
-0.325287
-0.326817
-0.329051
-0.33189
-0.335169
-0.338696
-0.342285
-0.345772
-0.348984
-0.351795
-0.354092
-0.355763
-0.356676
-0.356711
-0.355695
-0.353405
-0.349617
-0.344101
-0.336821
-0.328037
-0.318587
-0.309995
-0.304167
-0.302574
-0.3055
-0.311827
-0.319699
-0.327362
-0.333655
-0.338085
-0.340588
-0.341342
-0.340583
-0.338537
-0.335429
-0.331469
-0.326863
-0.321853
-0.316692
-0.31168
-0.307118
-0.303294
-0.300464
-0.298788
-0.29834
-0.299074
-0.300806
-0.303318
-0.306292
-0.309433
-0.312456
-0.315115
-0.317265
-0.318815
-0.319761
-0.320136
-0.32004
-0.319605
-0.318945
-0.318194
-0.317455
-0.316814
-0.316333
-0.31603
-0.315931
-0.31602
-0.316307
-0.316757
-0.317336
-0.318012
-0.318742
-0.319468
-0.320148
-0.320786
-0.321366
-0.321923
-0.322526
-0.323225
-0.324093
-0.325155
-0.32638
-0.32771
-0.329017
-0.330117
-0.330846
-0.330991
-0.33041
-0.329027
-0.326837
-0.323979
-0.320664
-0.317237
-0.314084
-0.311632
-0.310305
-0.310489
-0.312464
-0.316342
-0.321998
-0.329002
-0.336764
-0.344572
-0.351837
-0.358097
-0.363093
-0.366711
-0.368968
-0.369916
-0.369655
-0.368285
-0.365862
-0.36243
-0.358037
-0.352677
-0.346382
-0.339252
-0.331437
-0.323189
-0.314884
-0.307028
-0.300244
-0.295167
-0.292333
-0.291943
-0.293773
-0.297201
-0.301468
-0.305989
-0.310547
-0.315292
-0.320517
-0.326489
-0.333269
-0.340727
-0.348672
-0.356911
-0.365245
-0.37343
-0.381234
-0.388382
-0.394663
-0.399919
-0.404136
-0.40735
-0.409724
-0.411458
-0.412802
-0.413966
-0.415098
-0.416283
-0.417487
-0.418612
-0.419544
-0.420141
-0.420348
-0.420179
-0.419752
-0.419275
-0.41901
-0.419169
-0.419895
-0.421085
-0.422416
-0.423379
-0.423428
-0.422124
-0.419168
-0.414391
-0.407745
-0.399402
-0.390053
-0.38122
-0.375113
-0.373701
-0.377445
-0.385035
-0.394269
-0.403308
-0.41121
-0.417791
-0.423232
-0.427755
-0.431472
-0.43435
-0.436263
-0.437047
-0.436566
-0.434709
-0.431495
-0.42704
-0.421631
-0.41571
-0.409831
-0.404583
-0.400451
-0.397703
-0.396342
-0.39619
-0.396921
-0.398213
-0.39977
-0.401349
-0.402726
-0.40368
-0.404006
-0.403472
-0.401929
-0.399266
-0.395501
-0.390806
-0.385542
-0.380308
-0.375783
-0.372603
-0.371144
-0.371367
-0.372918
-0.375223
-0.37775
-0.380105
-0.382079
-0.383616
-0.384736
-0.385477
-0.385876
-0.385904
-0.385494
-0.384553
-0.382954
-0.380582
-0.377398
-0.37348
-0.369078
-0.36465
-0.360794
-0.358122
-0.357068
-0.357632
-0.35943
-0.361747
-0.363856
-0.36505
-0.364784
-0.362641
-0.358361
-0.35175
-0.342815
-0.331905
-0.319787
-0.307717
-0.297207
-0.28972
-0.286233
-0.287083
-0.291873
-0.299468
-0.308243
-0.316536
-0.323156
-0.327585
-0.329977
-0.330927
-0.331142
-0.331266
-0.331693
-0.332601
-0.333929
-0.335447
-0.336921
-0.338153
-0.339014
-0.339463
-0.339565
-0.339407
-0.339114
-0.338818
-0.338638
-0.338642
-0.338896
-0.339411
-0.340155
-0.341089
-0.342141
-0.343242
-0.34433
-0.345342
-0.346237
-0.346993
-0.347602
-0.348052
-0.348365
-0.348533
-0.348581
-0.348522
-0.348372
-0.348149
-0.347862
-0.34751
-0.347106
-0.346649
-0.34614
-0.345581
-0.344987
-0.344345
-0.343678
-0.342996
-0.342333
-0.341677
-0.341047
-0.34045
-0.339851
-0.33926
-0.338671
-0.33808
-0.337526
-0.337081
-0.33683
-0.336863
-0.337273
-0.338164
-0.339575
-0.341532
-0.343989
-0.346853
-0.349973
-0.353147
-0.356155
-0.358746
-0.360722
-0.361899
-0.362168
-0.361506
-0.359973
-0.357716
-0.354932
-0.351797
-0.348416
-0.344777
-0.340697
-0.335934
-0.330272
-0.323801
-0.317167
-0.311657
-0.30897
-0.310536
-0.316874
-0.327299
-0.340204
-0.353823
-0.36675
-0.378108
-0.387438
-0.394641
-0.399781
-0.403037
-0.404589
-0.404663
-0.403455
-0.401157
-0.397944
-0.394015
-0.389553
-0.384794
-0.379973
-0.37535
-0.371205
-0.3678
-0.365347
-0.363996
-0.363818
-0.364774
-0.366762
-0.369581
-0.372983
-0.376655
-0.380289
-0.383552
-0.386158
-0.387825
-0.388367
-0.387652
-0.385646
-0.382376
-0.378001
-0.372723
-0.366798
-0.360485
-0.353984
-0.347464
-0.341086
-0.335161
-0.330328
-0.327584
-0.328014
-0.332165
-0.339553
-0.348789
-0.358242
-0.366626
-0.373321
-0.378246
-0.381658
-0.383975
-0.385612
-0.386939
-0.388191
-0.389493
-0.390891
-0.392307
-0.393559
-0.394441
-0.394627
-0.393772
-0.391411
-0.387032
-0.380142
-0.370474
-0.35845
-0.345637
-0.33478
-0.328864
-0.329364
-0.335278
-0.343901
-0.352579
-0.35978
-0.365179
-0.369137
-0.372255
-0.37507
-0.377948
-0.381091
-0.384478
-0.388003
-0.391488
-0.394698
-0.397422
-0.399434
-0.40054
-0.400514
-0.399162
-0.396264
-0.39163
-0.385163
-0.376917
-0.367246
-0.35689
-0.346896
-0.338497
-0.332727
-0.330107
-0.330481
-0.333174
-0.337295
-0.342001
-0.346614
-0.350643
-0.353655
-0.355339
-0.355525
-0.35435
-0.352391
-0.350571
-0.349865
-0.350865
-0.353463
-0.357005
-0.36073
-0.364148
-0.36721
-0.370111
-0.373062
-0.376098
-0.379039
-0.381596
-0.383503
-0.384583
-0.384855
-0.38442
-0.383435
-0.382036
-0.380261
-0.378011
-0.375058
-0.371175
-0.366248
-0.360504
-0.354591
-0.349553
-0.346526
-0.346191
-0.348474
-0.352502
-0.357087
-0.361158
-0.364091
-0.365716
-0.366249
-0.366133
-0.365875
-0.36587
-0.366282
-0.366986
-0.367662
-0.367992
-0.36781
-0.367197
-0.366461
-0.365996
-0.366104
-0.366974
-0.368594
-0.370892
-0.373736
-0.376983
-0.380423
-0.383808
-0.386888
-0.389456
-0.39137
-0.392618
-0.393286
-0.393564
-0.39365
-0.393755
-0.394028
-0.394534
-0.395251
-0.39608
-0.396883
-0.397508
-0.397829
-0.397751
-0.397224
-0.396234
-0.394795
-0.392958
-0.390789
-0.388383
-0.385858
-0.383384
-0.381138
-0.379325
-0.378185
-0.377864
-0.378479
-0.380022
-0.382448
-0.3856
-0.389271
-0.393224
-0.3972
-0.400933
-0.40416
-0.406657
-0.408215
-0.408673
-0.40798
-0.406184
-0.403509
-0.400258
-0.396921
-0.393981
-0.391857
-0.390749
-0.390664
-0.391415
-0.392622
-0.393879
-0.394716
-0.394744
-0.39372
-0.391683
