1.2232
1.22792
1.23353
1.23948
1.24518
1.25017
1.25413
1.25692
1.25855
1.2591
1.25876
1.25773
1.25624
1.25448
1.25259
1.25061
1.24855
1.24634
1.24392
1.2413
1.23852
1.23568
1.23294
1.23053
1.22876
1.22802
1.2287
1.23105
1.23511
1.24065
1.24723
1.25432
1.26138
1.26796
1.27377
1.27865
1.28257
1.28551
1.28754
1.2887
1.28907
1.28878
1.28797
1.28684
1.28561
1.2845
1.28369
1.28332
1.28343
1.28397
1.28487
1.286
1.28722
1.28844
1.2896
1.29069
1.29175
1.2928
1.29388
1.29499
1.29612
1.29721
1.29822
1.29912
1.29992
1.30062
1.30127
1.3019
1.30254
1.3032
1.30386
1.30449
1.30508
1.30562
1.30611
1.30658
1.30706
1.30761
1.30827
1.30906
1.31002
1.31115
1.31242
1.31379
1.31523
1.31667
1.31804
1.31927
1.32031
1.32109
1.32158
1.32172
1.32152
1.32096
1.32011
1.31903
1.31784
1.3167
1.31575
1.31511
1.31483
1.31486
1.31507
1.31527
1.31522
1.31471
1.31355
1.31168
1.30912
1.30611
1.30304
1.30051
1.29913
1.29942
1.30156
1.30537
1.31031
1.31571
1.32091
1.3254
1.3288
1.3309
1.33158
1.33085
1.32877
1.32552
1.32141
1.31693
1.31281
1.30995
1.30924
1.31106
1.31501
1.31998
1.32457
1.3276
1.32835
1.32659
1.32246
1.31641
1.30914
1.30151
1.29447
1.28889
1.28547
1.2846
1.28634
1.29034
1.29598
1.30246
1.30899
1.31498
1.32004
1.32403
1.32698
1.32904
1.3304
1.33127
1.33183
1.33223
1.33253
1.3328
1.33304
1.33324
1.33339
1.33348
1.33351
1.33346
1.33336
1.33321
1.33301
1.33276
1.33245
1.33205
1.33153
1.33082
1.32984
1.32848
1.32662
1.32411
1.32084
1.31676
1.312
1.30689
1.30203
1.29815
1.29589
1.2955
1.29679
1.29919
1.30205
1.30484
1.30726
1.30915
1.31054
1.31148
1.31208
1.31245
1.31268
1.31282
1.31287
1.31281
1.31257
1.31211
1.3114
1.31045
1.30934
1.30819
1.30714
1.30636
1.30601
1.30618
1.30688
1.30806
1.30959
1.31129
1.31301
1.31461
1.31597
1.31704
1.31781
1.31829
1.3185
1.3185
1.31834
1.31809
1.31778
1.31746
1.31715
1.31686
1.31661
1.31639
1.3162
1.31605
1.31594
1.31591
1.31598
1.31617
1.31648
1.31689
1.31735
1.31778
1.31809
1.31817
1.31789
1.31714
1.31582
1.31382
1.31107
1.30752
1.30325
1.29847
1.29357
1.28909
1.28568
1.28385
1.2839
1.28584
1.28943
1.29429
1.29999
1.30607
1.31205
1.31753
1.3222
1.32582
1.32831
1.32963
1.32981
1.32891
1.32699
1.32416
1.32054
1.3163
1.31167
1.30697
1.30259
1.29897
1.29655
1.2956
1.29617
1.29798
1.30059
1.30345
1.30607
1.30815
1.30951
1.31019
1.31029
1.31003
1.30963
1.30931
1.30921
1.30941
1.30984
1.31042
1.31102
1.31151
1.31183
1.31196
1.31194
1.31184
1.31174
1.3117
1.31176
1.31194
1.31222
1.31256
1.31291
1.31323
1.31349
1.31367
1.31376
1.31378
1.31373
1.31364
1.31349
1.31331
1.31306
1.31275
1.31235
1.31181
1.31113
1.31027
1.30922
1.30799
1.3066
1.3051
1.30358
1.30213
1.30085
1.29983
1.29913
1.29875
1.29865
1.29876
1.29897
1.29918
1.29931
1.29932
1.29919
1.29891
1.2985
1.29797
1.29734
1.29661
1.29579
1.2949
1.29396
1.29301
1.29212
1.29137
1.29084
1.29057
1.2906
1.29092
1.29151
1.29234
1.29342
1.29476
1.29637
1.29824
1.30034
1.30261
1.30493
1.30719
1.30931
1.31119
1.31279
1.31408
1.31506
1.31575
1.31617
1.31638
1.31642
1.31636
1.31626
1.31617
1.31611
1.31609
1.31607
1.31599
1.31575
1.31525
1.31441
1.31318
1.31156
1.30962
1.30751
1.30541
1.30356
1.30221
1.30156
1.30175
1.30283
1.30473
1.30728
1.31027
1.31346
1.31667
1.31972
1.32253
1.32506
1.32732
1.32934
1.33114
1.33273
1.33408
1.33514
1.33583
1.33603
1.33564
1.33454
1.33262
1.32983
1.32615
1.32163
1.31647
1.31093
1.3054
1.30029
1.29595
1.29261
1.29037
1.2892
1.28905
1.28989
1.29167
1.29439
1.29803
1.30254
1.30783
1.31368
1.3198
1.32579
1.33131
1.33606
1.33987
1.34269
1.34456
1.34554
1.34575
1.34531
1.34432
1.34291
1.34122
1.33939
1.33756
1.3359
1.33452
1.33354
1.33301
1.33294
1.3333
1.33402
1.33501
1.33615
1.33732
1.3384
1.33928
1.33986
1.34007
1.33985
1.33918
1.33806
1.33649
1.33448
1.33203
1.3291
1.32566
1.32161
1.31685
1.31128
1.30487
1.29777
1.29046
1.28385
1.27903
1.27692
1.2777
1.28087
1.28559
1.29122
1.29738
1.30387
1.31047
1.31691
1.32285
1.328
1.33215
1.33519
1.33713
1.33806
1.33812
1.33753
1.33653
1.3354
1.33442
1.33382
1.33375
1.33422
1.33514
1.33635
1.33766
1.33892
1.34002
1.3409
1.34156
1.34202
1.34231
1.34249
1.34261
1.34272
1.34284
1.34303
1.3433
1.34367
1.34414
1.34471
1.34535
1.34605
1.34678
1.34751
1.34819
1.34878
1.34925
1.34952
1.34953
1.3492
1.34845
1.34718
1.34537
1.34306
1.34042
1.33779
1.3356
1.33425
1.33397
1.33473
1.33628
1.3383
1.34057
1.34301
1.34564
1.34851
1.35159
1.35474
1.35779
1.36052
1.36275
1.36432
1.36515
1.36521
1.36451
1.36315
1.36124
1.35897
1.35653
1.35411
1.35178
1.34954
1.34725
1.34469
1.34161
1.33784
1.33333
1.32826
1.32306
1.3184
1.31508
1.31377
1.31475
1.31784
1.32243
1.32782
1.33336
1.33861
1.3433
1.34731
1.35057
1.35304
1.35473
1.35564
1.35581
1.35527
1.3541
1.35239
1.35025
1.34785
1.34535
1.34297
1.34091
1.33931
1.33823
1.33765
1.33747
1.33752
1.33764
1.33772
1.33766
1.33743
1.33706
1.33658
1.33606
1.33554
1.3351
1.33476
1.33456
1.3345
1.33457
1.33474
1.33498
1.33526
1.33554
1.33578
1.33595
1.33604
1.33602
1.33586
1.33557
1.33512
1.33454
1.33382
1.33301
1.33214
1.33128
1.33048
1.32983
1.32938
1.32917
1.3292
1.32945
1.32987
1.3304
1.33099
1.3316
1.33219
1.33279
1.33342
1.3341
1.33487
1.33575
1.33675
1.33786
1.33902
1.34019
1.34128
1.3422
1.34287
1.34319
1.34308
1.34245
1.34125
1.33945
1.33706
1.3342
1.33108
1.32809
1.32569
1.3244
1.32453
1.32613
1.32889
1.33228
1.3357
1.33866
1.34081
1.34201
1.34226
1.34171
1.34067
1.33953
1.33874
1.33873
1.33978
1.34196
1.34511
1.34886
1.35278
1.35641
1.35939
1.36149
1.36254
1.36248
1.36132
1.35916
1.35621
1.35285
1.3496
1.34699
1.34538
1.34478
1.34478
1.34478
1.34418
1.34262
1.34015
1.3372
1.33445
1.33269
1.33249
1.33407
1.33726
1.34155
1.34638
1.35121
1.35568
1.35957
1.36274
1.3651
1.36658
1.36714
1.36673
1.36532
1.36293
1.35963
1.35553
1.35081
1.3457
1.34046
1.33533
1.33057
1.32644
1.32327
1.32143
1.32131
1.32315
1.32692
1.33226
1.33852
1.34498
1.35103
1.35622
1.36031
1.36321
1.36488
1.36533
1.36462
1.36278
1.35993
1.35624
1.35197
1.34748
1.3432
1.33959
1.33702
1.33577
1.33594
1.33745
1.34012
1.34362
1.3476
1.35167
1.35548
1.35871
1.36114
1.36258
1.36291
1.36209
1.36009
1.35701
1.353
1.34837
1.34356
1.33909
1.33546
1.33297
1.33163
1.33117
1.33111
1.33102
1.33061
1.3298
1.32872
1.32759
1.32669
1.32623
1.32628
1.32664
1.32688
1.32656
1.32548
1.32386
1.32234
1.32168
1.32248
1.32491
1.32873
1.33343
1.33843
1.34317
1.34728
1.35048
1.35269
1.35389
1.35415
1.3536
1.35238
1.3507
1.34879
1.34692
1.34541
1.34448
1.3443
1.34485
1.34603
1.34761
1.34942
1.35128
1.35311
1.35486
1.35654
1.35815
1.3597
1.36121
1.36267
1.36408
1.36544
1.36676
1.36804
1.36929
1.37055
1.37182
1.3731
1.37442
1.37575
1.37708
1.37837
1.3796
1.38071
1.38164
1.38235
1.38277
1.38286
1.38257
1.38186
1.38075
1.37924
1.37743
1.37544
1.37346
1.3717
1.3704
1.36975
1.36988
1.37079
1.37243
1.37465
1.37732
1.38029
1.38344
1.38665
1.38976
1.39257
1.39487
1.39646
1.39723
1.39718
1.39639
1.39503
1.39325
1.39116
1.38886
1.38649
1.38435
1.38291
1.38268
1.38391
1.38638
1.38945
1.39233
1.39444
1.39558
1.3959
1.39569
1.39519
1.39445
1.39341
1.39202
1.39032
1.38849
1.38671
1.38516
1.38395
1.38315
1.38286
1.3832
1.38419
1.38578
1.38779
1.38999
1.39211
1.39397
1.39549
1.39668
1.39761
1.39837
1.39901
1.39953
1.39989
1.40001
1.39982
1.39923
1.39816
1.39652
1.39426
1.39134
1.38782
1.38382
1.37967
1.37581
1.3728
1.37115
1.37112
1.37263
1.3753
1.37854
1.38179
1.38463
1.38678
1.38813
1.38869
1.38855
1.38785
1.38679
1.38557
1.38436
1.3833
1.38247
1.38188
1.38148
1.38123
1.38106
1.3809
1.38068
1.38033
1.37978
1.37896
1.37783
1.37637
1.37456
1.37242
1.36996
1.36723
1.36425
1.361
1.35743
1.35342
1.34884
1.34352
1.33732
1.33009
1.32176
1.31273
1.30453
1.29998
1.30173
1.30983
1.32119
1.33182
1.33913
1.34257
1.34305
1.34225
1.34197
1.34366
1.34797
1.35454
1.36227
1.36976
1.37583
1.37985
1.3817
1.38171
1.3805
1.37883
1.3774
1.37661
1.37652
1.37682
1.37702
1.37663
1.37525
1.37263
1.36861
1.36316
1.35643
1.34884
1.34108
1.33388
1.3279
1.32359
1.32132
1.32128
1.32334
1.32699
1.3317
1.33717
1.34334
1.35006
1.35702
1.3637
1.36955
1.3742
1.37748
1.37942
1.38018
1.37998
1.37905
1.37758
1.37573
1.37359
1.37121
1.36861
1.3658
1.36279
1.35962
1.35636
1.35308
1.3499
1.34695
1.34435
1.34224
1.34074
1.33998
1.34006
1.341
1.34274
1.34515
1.34804
1.35117
1.35435
1.3574
1.36021
1.36269
1.36478
1.36644
1.36762
1.36828
1.36837
1.36784
1.36665
1.36477
1.3622
1.359
1.35528
1.35124
1.34715
1.34331
1.34001
1.3375
1.33592
1.33534
1.33569
1.33685
1.3386
1.34074
1.34305
1.34536
1.34758
1.34964
1.35154
1.35324
1.35473
1.35595
1.35683
1.35729
1.35726
1.35668
1.35554
1.35384
1.35166
1.34909
1.34631
1.34352
1.34095
1.33884
1.33741
1.33681
1.33712
1.33829
1.34016
1.34246
1.34486
1.34702
1.34864
1.34952
1.34952
1.34861
1.34682
1.3443
1.34124
1.33792
1.33466
1.33178
1.32956
1.32818
1.32771
1.32809
1.32913
1.33058
1.33218
1.3337
1.33498
1.33596
1.33666
1.33717
1.3376
1.3381
1.33877
1.33969
1.34087
1.34227
1.34381
1.34542
1.34701
1.34851
1.34984
1.35097
1.35186
1.35246
1.35274
1.35264
1.35212
1.3511
1.34951
1.34728
1.34436
1.34071
1.33639
1.33154
1.32639
1.32131
1.31673
1.31305
1.31055
1.30933
1.30931
1.31026
1.31192
1.31404
1.31639
1.31882
1.32116
1.32331
1.32522
1.32686
1.32826
1.32946
1.33051
1.33144
1.33227
1.33297
1.33355
1.33398
1.33424
1.33434
1.33428
1.33407
1.33369
1.33312
1.3323
1.3312
1.32983
1.32826
1.32668
1.32536
1.32457
1.32446
1.325
1.32599
1.32707
1.32793
1.3284
1.32849
1.32846
1.32861
1.32928
1.3306
1.33254
1.33484
1.33718
1.33924
1.34077
1.34163
1.34177
1.34117
1.33989
1.338
1.33561
1.33284
1.32986
1.32686
1.32404
1.32158
1.31964
1.31835
1.31779
1.31798
1.31885
1.32026
1.322
1.32382
1.32551
1.32695
1.32811
1.32909
1.33005
1.33118
1.33259
1.33434
1.33634
1.33849
1.34062
1.3426
1.3443
1.34567
1.34666
1.34727
1.3475
1.34735
1.34684
1.34597
1.34473
1.34313
1.34117
1.33887
1.33627
1.33341
1.3304
1.32734
1.3244
1.32172
1.31948
1.3178
1.31676
1.31639
1.31664
1.31739
1.31852
1.31988
1.32133
1.32278
1.32414
1.32538
1.32647
1.32739
1.32812
1.32862
1.32885
1.32872
1.32818
1.32714
1.32558
1.32347
1.32087
1.31788
1.31472
1.31165
1.30904
1.3073
1.30679
1.30772
1.31003
1.31341
1.31731
1.32113
1.32432
1.3265
1.32748
1.32727
1.32604
1.32407
1.32173
1.31937
1.31726
1.31556
1.31425
1.31319
1.3122
1.31117
1.31007
1.30904
1.30831
1.30816
1.30876
1.31014
1.31208
1.31417
1.31589
1.31674
1.31641
1.31496
1.31287
1.31093
1.30992
1.31018
1.3115
1.31329
1.3151
1.31679
1.31858
1.32071
1.32328
1.32613
1.32898
1.33153
1.33362
1.33518
1.3363
1.33706
1.3376
1.338
1.33832
1.3386
1.33882
1.33898
1.33904
1.33897
1.33876
1.33838
1.33782
1.33711
1.33625
1.33529
1.33426
1.33324
1.33228
1.33147
1.33088
1.33057
1.3306
1.331
1.33177
1.33291
1.33438
1.33611
1.33805
1.34013
1.3423
1.34449
1.34667
1.34879
1.35084
1.35277
1.35454
1.35611
1.35742
1.35836
1.35884
1.35873
1.35788
1.35615
1.35341
1.34959
1.34472
1.33899
1.33277
1.3266
1.32113
1.3169
1.31422
1.3131
1.31332
1.31464
1.31703
1.3206
1.32544
1.33139
1.33794
1.34441
1.3502
1.35491
1.35841
1.36076
1.36211
1.36268
1.36263
1.36214
1.36131
1.36025
1.359
1.35759
1.35602
1.35428
1.35236
1.35022
1.34787
1.34531
1.34256
1.3397
1.33681
1.33398
1.33133
1.32898
1.327
1.32546
1.32438
1.32376
1.32355
1.32371
1.32417
1.32486
1.32571
1.32665
1.32762
1.32858
1.32948
1.3303
1.33102
1.33163
1.33212
1.3325
1.33278
1.33297
1.33308
1.33312
1.33311
1.33307
1.333
1.33293
1.33287
1.33283
1.33281
1.33283
1.33289
1.333
1.33316
1.33336
1.33361
1.3339
1.33421
1.33453
1.33484
1.33512
1.33532
1.3354
1.33531
1.335
1.3344
1.33344
1.33205
1.33019
1.32783
1.32497
1.32168
1.31807
1.31433
1.31071
1.3075
1.30504
1.30367
1.30366
1.30513
1.308
1.31196
1.31659
1.32142
1.32608
1.33037
1.33418
1.33755
1.34052
1.34317
1.34552
1.34757
1.34928
1.35057
1.35133
1.35146
1.35085
1.34945
1.34729
1.34455
1.34157
1.33889
1.33708
1.33654
1.33735
1.3392
1.34153
1.34372
1.3453
1.346
1.3458
1.34484
1.34346
1.34204
1.34098
1.34055
1.34086
1.34179
1.34311
1.34455
1.3459
1.34705
1.34802
1.34889
1.34975
1.35067
1.35168
1.35272
1.35376
1.35474
1.35565
1.35655
1.35749
1.35856
1.35977
1.36108
1.36237
1.36345
1.36416
1.36436
1.36404
1.36327
1.36221
1.36105
1.35996
1.35898
1.35801
1.35685
1.35517
1.35252
1.3484
1.34227
1.33389
1.32399
1.31496
1.31044
1.31311
1.32241
1.33493
1.34711
1.35694
1.36401
1.3687
1.37163
1.37334
1.37427
1.3747
1.37484
1.37482
1.37473
1.37464
1.37455
1.37448
1.3744
1.37428
1.37408
1.37372
1.37312
1.37217
1.37072
1.36856
1.36537
1.36071
1.35405
1.34489
1.33337
1.32104
1.31145
1.3088
1.31485
1.32714
1.34118
1.3535
1.36273
1.36897
1.37284
1.37505
1.37618
1.37662
1.37666
1.37646
1.37615
1.37578
1.37538
1.37496
1.37453
1.3741
1.37368
1.37327
1.3729
1.37259
1.37235
1.37218
1.37207
1.37202
1.372
1.37199
1.37198
1.37196
1.37195
1.37198
1.37208
1.37232
1.37277
1.37347
1.37448
1.37582
1.37748
1.37942
1.38155
1.3838
1.38603
1.38812
1.38998
1.3915
1.39262
1.3933
1.39354
1.39334
1.39279
1.39198
1.39104
1.39011
1.38934
1.38883
1.38861
1.38866
1.38892
1.38927
1.38961
1.38985
1.38997
1.38995
1.38985
1.38974
1.38971
1.38984
1.39018
1.39076
1.39153
1.39242
1.39332
1.3941
1.39463
1.3948
1.39453
1.39381
1.3927
1.39132
1.38985
1.38847
1.38737
1.38663
1.38628
1.38627
1.38652
1.38696
1.38755
1.38829
1.38921
1.39031
1.39163
1.39313
1.39476
1.39648
1.39819
1.39985
1.40139
1.4028
1.40404
1.40509
1.40592
1.4065
1.40678
1.4067
1.40621
1.40525
1.40377
1.40179
1.39936
1.39663
1.3938
1.39111
1.38874
1.3867
1.38474
1.38233
1.37867
1.3729
1.36432
1.35279
1.33925
1.32606
1.31666
1.31411
1.31922
1.3301
1.3435
1.35638
1.36656
1.3727
1.37394
1.36991
1.36092
1.34847
1.3353
1.3245
1.31793
1.31574
1.31749
1.32301
1.33182
1.34242
1.35276
1.36121
1.36715
1.37077
1.37274
1.37382
1.37462
1.37546
1.37636
1.3771
1.37739
1.37699
1.37585
1.37412
1.37215
1.37042
1.36939
1.36936
1.37035
1.37216
1.37443
1.3768
1.37901
1.38092
1.38245
1.3836
1.3844
1.38484
1.38495
1.38472
1.38414
1.38319
1.38188
1.38022
1.3782
1.37588
1.37328
1.37043
1.36736
1.36407
1.36057
1.35688
1.35308
1.34942
1.34636
1.3445
1.34448
1.34664
1.35089
1.35667
1.3632
1.36978
1.37591
1.38133
1.386
1.38993
1.39324
1.39601
1.39833
1.40027
1.40191
1.40328
1.40444
1.40542
1.40625
1.40696
1.40755
1.40802
1.40831
1.40837
1.4081
1.40739
1.40613
1.4042
1.40151
1.398
1.3937
1.38872
1.3833
1.37785
1.37292
1.36916
1.36717
1.36738
1.36989
1.37442
1.3804
1.3871
1.3938
1.39987
1.40477
1.40812
1.40963
1.40915
1.40672
1.40266
1.39756
1.39228
1.38767
1.3843
1.38231
1.38154
1.3819
1.38349
1.38657
1.39118
1.39702
1.40343
1.40964
1.41502
1.4192
1.42207
1.42371
1.42433
1.42418
1.42351
1.42256
1.42151
1.42052
1.41969
1.41905
1.41865
1.41844
1.4184
1.41842
1.41842
1.4183
1.41794
1.41727
1.41622
1.41478
1.41296
1.4108
1.40839
1.40585
1.4033
1.40085
1.39858
1.39653
1.39466
1.39293
1.3913
1.38976
1.38839
1.38734
1.38681
1.38704
1.38817
1.39032
1.39344
1.39738
1.40188
1.40661
1.41122
1.41541
1.41896
1.42171
1.42359
1.42458
1.4247
1.42401
1.42255
1.42041
1.41767
1.41442
1.41074
1.4067
1.40236
1.39776
1.39293
1.38787
1.38256
1.377
1.37132
1.36588
1.36129
1.35825
1.35726
1.35834
1.36102
1.36444
1.36775
1.37028
1.37171
1.37201
1.37137
1.37011
1.36863
1.3673
1.36641
1.36615
1.36656
1.36753
1.36882
1.37012
1.3711
1.3715
1.37122
1.37037
1.36924
1.36819
1.36753
1.36735
1.3675
1.36765
1.36747
1.36676
1.36548
1.36383
1.36214
1.36082
1.36019
1.36038
1.36131
1.36269
1.36419
1.36552
1.36647
1.36697
1.36701
1.36665
1.36598
1.36509
1.36406
1.36295
1.36182
1.36068
1.35955
1.35844
1.35733
1.35626
1.35524
1.35431
1.35354
1.35297
1.35263
1.35254
1.35269
1.35301
1.35343
1.35385
1.35419
1.35435
1.35424
1.35381
1.35298
1.35172
1.35
1.34785
1.34533
1.3426
1.33991
1.33758
1.33593
1.33522
1.33553
1.33679
1.33877
1.34118
1.34374
1.34624
1.34854
1.35057
1.35229
1.35367
1.35468
1.35525
1.3553
1.3547
1.35333
1.35105
1.34778
1.3436
1.33882
1.33406
1.3302
1.32809
1.32819
1.3304
1.3341
1.3385
1.34297
1.34711
1.35081
1.35406
1.35692
1.35944
1.36164
1.3635
1.365
1.3661
1.36675
1.36693
1.36664
1.36588
1.3647
1.36315
1.36134
1.3594
1.35747
1.35573
1.35434
1.35344
1.35314
1.35348
1.35445
1.35599
1.35796
1.36024
1.36269
1.36518
1.36762
1.36994
1.37211
1.37412
1.37595
1.37761
1.37911
1.38044
1.38162
1.38264
1.38351
1.38426
1.38491
1.38552
1.38613
1.38682
1.38763
1.38861
1.3898
1.39119
1.39274
1.39438
1.39603
1.39755
1.3988
1.39962
1.39986
1.39933
1.3979
1.39544
1.39193
1.38746
1.38226
1.37675
1.37143
1.36686
1.36346
1.36142
1.36068
1.36097
1.36196
1.36332
1.36484
1.3664
1.36791
1.36935
1.3707
1.37196
1.37323
1.37462
1.37626
1.37824
1.3805
1.38286
1.38504
1.38679
1.38793
1.38842
1.38836
1.38794
1.3874
1.38697
1.38686
1.3872
1.38806
1.38942
1.3912
1.39325
1.39542
1.39757
1.39956
1.40133
1.40282
1.40402
1.40495
1.40561
1.40602
1.4062
1.40614
1.40584
1.40529
1.40448
1.40338
1.40198
1.40027
1.39825
1.39593
1.39335
1.39059
1.38776
1.38501
1.38252
1.38052
1.37918
1.37863
1.37893
1.38001
1.38174
1.38393
1.38641
1.38903
1.39168
1.3943
1.39684
1.39926
1.40155
1.40368
1.40563
1.40737
1.40889
1.41017
1.41117
1.41189
1.41228
1.41232
1.41195
1.41113
1.40982
1.40797
1.40559
1.40275
1.39968
1.39675
1.3945
1.39355
1.39436
1.39709
1.40147
1.40696
1.41284
1.41852
1.42354
1.42766
1.43078
1.43291
1.43412
1.43451
1.43417
1.43319
1.43165
1.42962
1.42717
1.42439
1.42138
1.41831
1.41531
1.41253
1.41003
1.40781
1.40581
1.40397
1.40218
1.40037
1.39842
1.39623
1.39378
1.39118
1.38875
1.38702
1.38658
1.38794
1.39126
1.39629
1.40245
1.40901
1.41533
1.42095
1.42562
1.42929
1.43201
1.43389
1.43505
1.43564
1.43575
1.43549
1.43492
1.43412
1.43315
1.43208
1.43097
1.42991
1.42895
1.42815
1.42754
1.42711
1.42684
1.42667
1.42653
1.42634
1.426
1.42546
1.42463
1.42348
1.422
1.42023
1.41825
1.4162
1.41425
1.41254
1.41114
1.41003
1.40911
1.40821
1.40728
1.40639
1.40576
1.40561
1.40601
1.4067
1.40706
1.40633
1.40378
1.3991
1.39264
1.38565
1.38019
1.37823
1.38056
1.38623
1.39319
1.39937
1.40336
1.40448
1.4026
1.39794
1.39119
1.3835
1.37641
1.37148
1.36977
1.37157
1.37642
1.38336
1.39116
1.39865
1.40498
1.40969
1.4127
1.41416
1.41436
1.41361
1.41224
1.41057
1.40887
1.40738
1.40628
1.40565
1.40549
1.40574
1.40626
1.40697
1.40777
1.40863
1.40955
1.41054
1.41163
1.41283
1.41415
1.41557
1.41711
1.41875
1.4205
1.42234
1.42427
1.42623
1.42817
1.42997
1.43153
1.4327
1.43337
1.43344
1.43287
1.43176
1.43033
1.42894
1.42806
1.4281
1.42925
1.43144
1.43432
1.43744
1.44036
1.44274
1.44438
1.44517
1.44509
1.44414
1.44238
1.4399
1.43687
1.43351
1.43008
1.42683
1.42389
1.42127
1.41884
1.41642
1.41387
1.41117
1.40842
1.40589
1.40387
1.40266
1.40244
1.40322
1.40483
1.40696
1.40923
1.41125
1.41272
1.41342
1.4133
1.41242
1.41099
1.40932
1.40781
1.40686
1.40681
1.40783
1.40987
1.41269
1.41589
1.41906
1.42183
1.42397
1.42533
1.42587
1.42562
1.42465
1.42307
1.42102
1.41867
1.41618
1.41374
1.4115
1.40953
1.40782
1.40629
1.40477
1.40304
1.4009
1.3982
1.39487
1.39096
1.38665
1.38226
1.37813
1.37461
1.37193
1.37014
1.36917
1.36883
1.36886
1.36906
1.36925
1.36938
1.36946
1.36956
1.36978
1.37014
1.37061
1.37108
1.37138
1.37134
1.37081
1.36973
1.36811
1.36608
1.36378
1.36147
1.3595
1.35842
1.35891
1.36153
1.36631
1.37262
1.37947
1.38588
1.3912
1.39517
1.39784
1.39937
1.39999
1.3999
1.39929
1.3983
1.39704
1.39561
1.39409
1.39258
1.39114
1.38986
1.38881
1.38802
1.38752
1.3873
1.38732
1.38751
1.38782
1.38821
1.38868
1.38927
1.39007
1.39118
1.39265
1.39448
1.39657
1.39876
1.40085
1.40263
1.40392
1.4046
1.40458
1.40386
1.40248
1.40055
1.39823
1.39577
1.39349
1.39174
1.39085
1.39108
1.39251
1.39504
1.39839
1.40213
1.40584
1.40905
1.41139
1.4125
1.41209
1.40993
1.40591
1.40011
1.39292
1.38507
1.37751
1.3711
1.3664
1.3636
1.3628
1.36411
1.36751
1.37268
1.37892
1.3854
1.39142
1.39661
1.40096
1.40466
1.408
1.4112
1.41436
1.41746
1.42035
1.42286
1.42485
1.42619
1.42684
1.4268
1.42608
1.42471
1.42276
1.42029
1.41735
1.41403
1.41044
1.40669
1.40294
1.39934
1.39607
1.39328
1.39107
1.38943
1.38824
1.38723
1.386
1.38405
1.38075
1.3755
1.36785
1.35791
1.34689
1.33734
1.33242
1.33397
1.34114
1.35124
1.36156
1.37058
1.37781
1.38334
1.38743
1.39033
1.39222
1.39323
1.39348
1.39302
1.39194
1.39028
1.38812
1.38552
1.38257
1.3794
1.37613
1.3729
1.36988
1.36722
1.36506
1.36352
1.36265
1.36243
1.36278
1.36355
1.36458
1.36573
1.3669
1.36804
1.36913
1.37019
1.37126
1.37234
1.37345
1.37457
1.37565
1.37665
1.37747
1.37804
1.37825
1.378
1.3772
1.37578
1.3737
1.37104
1.36795
1.36472
1.36171
1.35926
1.35758
1.35671
1.35647
1.3566
1.35686
1.35713
1.35743
1.35786
1.35857
1.35968
1.36122
1.36312
1.36526
1.36745
1.36952
1.37134
1.37279
1.37383
1.37442
1.37457
1.3743
1.37364
1.37265
1.37141
1.37003
1.36865
1.36742
1.36649
1.36591
1.36569
1.36566
1.36558
1.36507
1.36373
1.36117
1.35709
1.35141
1.34438
1.33667
1.32942
1.32406
1.32195
1.32382
1.32941
1.33748
1.3464
1.35478
1.36178
1.36709
1.37079
1.37308
1.37424
1.37453
1.37421
1.37348
1.37251
1.37149
1.37053
1.36977
1.36926
1.36905
1.3691
1.36937
1.36972
1.37001
1.37004
1.36956
1.36835
1.36615
1.36284
1.35851
1.3536
1.34901
1.34584
1.34501
1.34672
1.3503
1.35466
1.35872
1.36179
1.36361
1.3642
1.36371
1.36232
1.36022
1.35754
1.35435
1.35074
1.34683
1.34282
1.33906
1.33603
1.33424
1.33408
1.33569
1.33884
1.34307
1.34782
1.35255
1.35687
1.36052
1.36333
1.36526
1.3663
1.3665
1.36596
1.36481
1.36324
1.36145
1.35965
1.35805
1.35678
1.3559
1.35537
1.3551
1.3549
1.35461
1.35408
1.35323
1.35205
1.35063
1.34914
1.34781
1.34685
1.34646
1.3467
1.34756
1.34893
1.35064
1.35256
1.35454
1.35649
1.35832
1.35995
1.36134
1.36239
1.36304
1.3632
1.36279
1.36174
1.36003
1.35768
1.3548
1.35163
1.34849
1.34581
1.34397
1.34321
1.3436
1.34499
1.3471
1.34959
1.35216
1.35456
1.35663
1.35827
1.35947
1.36026
1.36075
1.36105
1.3613
1.36164
1.36215
1.36285
1.36372
1.36467
1.3656
1.36637
1.36689
1.36705
1.36679
1.36604
1.36476
1.36296
1.36063
1.35785
1.35474
1.35147
1.34831
1.34554
1.34343
1.34216
1.34181
1.34226
1.34332
1.34472
1.34624
1.3477
1.34904
1.35024
1.35131
1.35231
1.35325
1.35416
1.35505
1.3559
1.35672
1.3575
1.35824
1.35893
1.35958
1.36018
1.36075
1.36127
1.36176
1.3622
1.36258
1.36292
1.3632
1.36343
1.3636
1.36372
1.3638
1.36383
1.36384
1.36384
1.36385
1.36389
1.36399
1.36417
1.36445
1.36485
1.36538
1.36604
1.36683
1.36772
1.3687
1.36975
1.37082
1.37188
1.37289
1.3738
1.37458
1.37518
1.37554
1.37561
1.37534
1.37467
1.37356
1.37198
1.3699
1.36733
1.3643
1.36085
1.35706
1.35302
1.34884
1.34468
1.34073
1.33722
1.33446
1.33278
1.33244
1.3336
1.33623
1.34009
1.34478
1.34985
1.3549
1.35962
1.36386
1.36757
1.37075
1.37346
1.37574
1.37764
1.37919
1.38041
1.38132
1.38195
1.38233
1.38249
1.38245
1.38224
1.38189
1.3814
1.38079
1.38005
1.37919
1.37821
1.3771
1.37588
1.37456
1.37316
1.37173
1.37034
1.36903
1.36788
1.36696
1.36632
1.36599
1.36602
1.36639
1.36711
1.36813
1.36939
1.3708
1.37227
1.37368
1.37495
1.37598
1.37671
1.37708
1.37707
1.37666
1.37586
1.37468
1.37315
1.37134
1.36931
1.36716
1.36498
1.36288
1.36095
1.35927
1.35795
1.35712
1.35692
1.35742
1.35852
1.35991
1.36111
1.36175
1.36186
1.36202
1.36319
1.36623
1.37129
1.37774
1.38451
1.39068
1.39572
1.39948
1.40205
1.40364
1.40441
1.40449
1.40395
1.40282
1.40112
1.39884
1.39601
1.39265
1.38881
1.38457
1.38003
1.37531
1.37056
1.36595
1.36167
1.35788
1.35476
1.35244
1.35101
1.35051
1.35098
1.35241
1.35475
1.35789
1.3616
1.36555
1.36942
1.37297
1.37605
1.37865
1.38079
1.38253
1.38392
1.38496
1.38567
1.38602
1.38596
1.38542
1.38431
1.38255
1.38008
1.37692
1.37325
1.36948
1.36618
1.36399
1.36334
1.36424
1.36628
1.36882
1.3712
1.37301
1.37408
1.37449
1.37444
1.37417
1.37389
1.37375
1.37379
1.37398
1.37425
1.37453
1.37479
1.375
1.3752
1.37538
1.37557
1.37575
1.37589
1.37595
1.37586
1.37555
1.37497
1.37408
1.37286
1.37135
1.36962
1.36777
1.36593
1.36423
1.36279
1.36166
1.36087
1.36039
1.36013
1.36001
1.35995
1.35989
1.35983
1.35979
1.35981
1.35992
1.36011
1.36033
1.36047
1.36039
1.35994
1.35904
1.35769
1.35599
1.3542
1.35263
1.35159
1.35127
1.35167
1.35263
1.35391
1.35528
1.35661
1.35787
1.35906
1.36021
1.36132
1.36238
1.36333
1.36412
1.36469
1.36502
1.36509
1.36493
1.36455
1.36396
1.36321
1.3623
1.36124
1.36005
1.35872
1.35723
1.35558
1.35375
1.35172
1.34948
1.34704
1.34441
1.34162
1.33872
1.33577
1.33283
1.33001
1.32743
1.32524
1.32359
1.32263
1.32247
1.32307
1.32432
1.326
1.32788
1.32975
1.33146
1.33294
1.33417
1.33518
1.33601
1.3367
1.3373
1.33785
1.33838
1.33891
1.33944
1.33998
1.34052
1.34105
1.34154
1.34197
1.34233
1.34259
1.34274
1.34278
1.34267
1.34242
1.34201
1.3414
1.34057
1.33948
1.3381
1.3364
1.33438
1.33206
1.32952
1.32694
1.32457
1.32273
1.32174
1.32184
1.32309
1.32536
1.32838
1.3318
1.33532
1.33872
1.34185
1.34468
1.34718
1.34938
1.35131
1.353
1.35447
1.35574
1.35681
1.35768
1.35832
1.35871
1.35879
1.3585
1.35773
1.35641
1.35441
1.35167
1.34812
1.34381
1.33886
1.33361
1.32855
1.32435
1.32172
1.32123
1.32314
1.32727
1.33308
1.33985
1.34688
1.35364
1.3598
1.36521
1.36984
1.37373
1.37692
1.37948
1.38145
1.38288
1.38379
1.38421
1.38417
1.38374
1.38301
1.38208
1.38112
1.38031
1.3798
1.37971
1.38006
1.38082
1.38185
1.383
1.38414
1.38514
1.38592
1.38647
1.3868
1.38693
1.38691
1.38678
1.38656
1.38625
1.38583
1.38527
1.38454
1.38365
1.38268
1.38176
1.3811
1.38096
1.38158
1.38314
1.3857
1.38917
1.39337
1.39803
1.40284
1.40753
1.41183
1.41554
1.41849
1.42052
1.42153
1.4214
1.42009
1.41761
1.41408
1.40975
1.405
1.40026
1.39596
1.39241
1.38974
1.38796
1.38706
1.38703
1.38785
1.3894
1.39145
1.39368
1.39569
1.39715
1.39782
1.39765
1.3968
1.39558
1.39443
1.39372
1.39364
1.39416
1.3951
1.39622
1.39736
1.39849
1.39971
1.40114
1.40289
1.40497
1.40729
1.40964
1.41177
1.4134
1.41426
1.41414
1.41289
1.41048
1.40704
1.40292
1.39867
1.39496
1.39241
1.39131
1.39152
1.39258
1.39383
1.39472
1.3948
1.39378
1.39143
1.38759
1.38215
1.37518
1.36712
1.35898
1.35231
1.34868
1.34894
1.35264
1.35838
1.3646
1.37025
1.37486
1.37842
1.38108
1.38296
1.38411
1.38444
1.38377
1.38191
1.37867
1.37394
1.36778
1.36046
1.35248
1.34456
1.33753
1.33218
1.32911
1.32864
1.33079
1.33526
1.34145
1.3486
1.35592
1.36279
1.36879
1.37376
1.3777
1.38068
1.38285
1.38433
1.38526
1.38573
1.38583
1.38559
1.38507
1.38425
1.38314
1.38172
1.37995
1.3778
1.37525
1.37231
1.36907
1.36568
1.3624
1.35963
1.35774
1.35709
1.35781
1.35981
1.36275
1.3662
1.36974
1.37303
1.37584
1.37809
1.37976
1.38092
1.38168
1.38217
1.38253
1.38288
1.3833
1.38382
1.38443
1.38506
1.38561
1.38598
1.38611
1.38597
1.38561
1.38514
1.38473
1.38457
1.38486
1.38571
1.38717
1.38917
1.39153
1.39399
1.39622
1.3979
1.39871
1.39841
1.39682
1.3939
1.38973
1.3846
1.37893
1.3733
1.36831
1.36451
1.36226
1.36166
1.36256
1.36457
1.36723
1.37009
1.37287
1.37544
1.37787
1.38031
1.38288
1.38564
1.38849
1.39125
1.3937
1.39564
1.39692
1.39747
1.39734
1.39665
1.3956
1.39442
1.39335
1.39253
1.39203
1.39177
1.39162
1.39139
1.39091
1.39002
1.38866
1.3868
1.38447
1.38177
1.37881
1.37574
1.37274
1.36993
1.36743
1.36527
1.36345
1.36188
1.36049
1.35917
1.35789
1.35666
1.35556
1.35472
1.35425
1.35421
1.35454
1.35509
1.35564
1.356
1.35601
1.35559
1.35476
1.35365
1.35241
1.35125
1.35034
1.34981
1.3497
1.34996
1.3505
1.35125
1.3521
1.35302
1.35399
1.35499
1.35601
1.35702
1.35797
1.3588
1.35943
1.35979
1.35981
1.35945
1.3587
1.35757
1.35617
1.35461
1.3531
1.35183
1.35096
1.35054
1.35051
1.35067
1.35077
1.35058
1.34995
1.34888
1.34755
1.34626
1.34535
1.34512
1.3457
1.34701
1.34875
1.3505
1.35183
1.35239
1.352
1.35065
1.34853
1.34593
1.3431
1.34013
1.33699
1.33355
1.32971
1.32557
1.32146
1.31801
1.31595
1.31596
1.31834
1.32293
1.32929
1.3368
1.34486
1.3529
1.36045
1.36714
1.37276
1.37723
1.38061
1.383
1.38456
1.38542
1.38573
1.3856
1.38512
1.38436
1.38336
1.38217
1.3808
1.37926
1.37754
1.37563
1.37349
1.37107
1.36832
1.36523
1.36181
1.3582
1.35467
1.35162
1.34954
1.34881
1.34956
1.3516
1.35451
1.35777
1.36092
1.36366
1.36584
1.36741
1.3684
1.36886
1.36887
1.36849
1.36781
1.36693
1.36593
1.36493
1.36403
1.36334
1.36293
1.36287
1.36316
1.36381
1.36475
1.36592
1.36724
1.36863
1.37001
1.3713
1.37244
1.3734
1.37412
1.3746
1.37484
1.37486
1.3747
1.37442
1.37408
1.37374
1.37343
1.37316
1.3729
1.3726
1.37222
1.37172
1.37116
1.37062
1.3703
1.37039
1.37109
1.37252
1.37469
1.37744
1.38054
1.38369
1.38661
1.38906
1.39087
1.39193
1.39222
1.39176
1.39066
1.38908
1.38722
1.3853
1.38348
1.38184
1.38034
1.3788
1.37702
1.37481
1.37221
1.36948
1.36704
1.36527
1.36424
1.36382
1.36394
1.36484
1.36707
1.37098
1.37638
1.38251
1.38845
1.39347
1.39725
1.39978
1.40126
1.40197
1.40218
1.40211
1.40196
1.40182
1.40174
1.40171
1.40168
1.40155
1.40123
1.40063
1.39966
1.39827
1.39643
1.39417
1.39153
1.3886
1.38548
1.38228
1.37907
1.37584
1.37247
1.36863
1.36383
1.35742
1.34889
1.33857
1.32848
1.32234
1.32367
1.3327
1.3461
1.35963
1.37065
1.37839
1.38321
1.3858
1.3868
1.38674
1.38598
1.38479
1.38333
1.38173
1.38005
1.37835
1.37665
1.37496
1.37326
1.37156
1.36984
1.3681
1.36638
1.36469
1.3631
1.36166
1.36043
1.35944
1.35867
1.35808
1.35755
1.35692
1.35597
1.35443
1.352
1.34835
1.3432
1.33648
1.32863
1.32087
1.31515
1.31339
1.31636
1.32305
1.33142
1.33949
1.34608
1.35076
1.35358
1.3548
1.35468
1.35344
1.35126
1.34828
1.34464
1.34054
1.33626
1.33223
1.32894
1.32689
1.32638
1.32739
1.32958
1.33238
1.33521
1.33755
1.33907
1.3396
1.33911
1.33767
1.33544
1.33262
1.32945
1.32615
1.32292
1.31986
1.31703
1.31438
1.31187
1.3095
1.30736
1.30565
1.30464
1.30464
1.30584
1.30831
1.31192
1.31647
1.32163
1.32708
1.33248
1.33752
1.34195
1.34557
1.34829
1.35011
1.35109
1.35134
1.35103
1.35034
1.34943
1.34849
1.34767
1.34706
1.34671
1.34663
1.34679
1.34711
1.34753
1.34798
1.34842
1.3488
1.34912
1.34936
1.34952
1.34962
1.34966
1.34964
1.34957
1.34943
1.34921
1.34888
1.34841
1.34778
1.34698
1.34601
1.34489
1.34368
1.34247
1.34136
1.34044
1.33982
1.33955
1.33962
1.33999
1.34057
1.34123
1.34183
1.34226
1.34247
1.34245
1.3423
1.3422
1.34236
1.34299
1.34421
1.34601
1.34828
1.35081
1.35335
1.35569
1.3577
1.35928
1.36039
1.36104
1.36126
1.36112
1.36066
1.35996
1.35911
1.35819
1.35733
1.35663
1.35624
1.3563
1.35691
1.35815
1.36005
1.36257
1.36561
1.36904
1.37271
1.3765
1.38027
1.38393
1.3874
1.39061
1.39349
1.39598
1.39797
1.39936
1.39997
1.39961
1.39806
1.39512
1.3907
1.38501
1.37864
1.3727
1.36856
1.36732
1.36924
1.37362
1.37916
1.3845
1.38865
1.39102
1.39143
1.38992
1.38678
1.38242
1.3775
1.37287
1.36958
1.36859
1.37039
1.37467
1.38043
1.38647
1.39188
1.39625
1.39962
1.40231
1.40471
1.40711
1.40964
1.41227
1.41484
1.41711
1.41881
1.4197
1.41957
1.41832
1.41598
1.4128
1.4092
1.40579
1.40316
1.40176
1.40166
1.40264
1.4043
1.40618
1.40796
1.40939
1.41033
1.41068
1.41027
1.40892
1.40637
1.40236
1.39679
1.38996
1.38279
1.3768
1.37349
1.37349
1.37606
1.37954
1.38234
1.38355
1.3831
1.38154
1.37973
1.37854
1.37858
1.38004
1.3827
1.38612
1.38979
1.39332
1.39642
1.39896
1.40088
1.40217
1.40287
1.40303
1.40269
1.4019
1.40072
1.39919
1.39736
1.39528
1.39302
1.39066
1.38829
1.38602
1.38397
1.38227
1.38101
1.38028
1.38008
1.38039
1.38112
1.38214
1.3833
1.38444
1.38544
1.38618
1.38658
1.38656
1.38606
1.38503
1.38342
1.38119
1.37834
1.37487
1.37082
1.36622
1.36114
1.35564
1.3498
1.34381
1.33802
1.33296
1.32932
1.32776
1.32868
1.33204
1.33738
1.34397
1.35108
1.35811
1.36462
1.37037
1.37524
1.3792
1.38221
1.38425
1.38524
1.38498
1.38317
1.37935
1.373
1.36379
1.35213
1.33983
1.33016
1.32629
1.32887
1.3355
1.34266
1.3479
1.3504
1.35048
1.34891
1.34656
1.34419
1.34233
1.34124
1.34095
1.34134
1.34225
1.3435
1.34495
1.34646
1.34792
1.34922
1.35027
1.35102
1.35146
1.35158
1.35142
1.35101
1.35041
1.34967
1.34882
1.34791
1.34697
1.34603
1.34513
1.34427
1.34347
1.34275
1.34213
1.34161
1.3412
1.3409
1.34073
1.34068
1.34075
1.34092
1.34119
1.34154
1.34195
1.3424
1.34288
1.34337
1.34388
1.34439
1.34488
1.34534
1.34572
1.34596
1.34601
1.34581
1.34535
1.34464
1.34376
1.34285
1.34208
1.34167
1.34176
1.34242
1.34362
1.34519
1.34691
1.34852
1.34979
1.35055
1.35072
1.35032
1.34943
1.34819
1.34673
1.34518
1.34363
1.34212
1.34068
1.33934
1.33812
1.33709
1.33629
1.33577
1.33551
1.33539
1.33527
1.33497
1.33437
1.33346
1.33236
1.33133
1.3307
1.33076
1.33172
1.33362
1.33635
1.33967
1.34328
1.34689
1.35023
1.3531
1.35534
1.35684
1.35753
1.35736
1.35627
1.35427
1.35136
1.3476
1.34313
1.33815
1.33295
1.32783
1.32311
1.31906
1.31592
1.31387
1.31299
1.31328
1.31466
1.31696
1.31995
1.32338
1.327
1.33057
1.33387
1.33677
1.3392
1.34116
1.34269
1.34384
1.34468
1.34525
1.34558
1.34568
1.34554
1.34515
1.3445
1.34357
1.34235
1.34086
1.33914
1.33725
1.3353
1.33342
1.33177
1.33048
1.32967
1.32938
1.32958
1.33019
1.33108
1.33211
1.33316
1.33417
1.33507
1.33585
1.33652
1.33709
1.3376
1.33805
1.33848
1.33891
1.33934
1.33977
1.34021
1.34063
1.34101
1.34131
1.34149
1.34151
1.34133
1.34094
1.34034
1.33957
1.33872
1.33791
1.33725
1.33686
1.33685
1.33725
1.33804
1.33918
1.3406
1.34221
1.34395
1.34574
1.34751
1.3492
1.35073
1.35202
1.35299
1.35355
1.3536
1.35307
1.3519
1.35006
1.3476
1.34463
1.34139
1.33819
1.33539
1.33333
1.33217
1.33189
1.33227
1.33298
1.33373
1.33436
1.3349
1.33557
1.33669
1.33851
1.34111
1.34428
1.34768
1.35091
1.35364
1.35571
1.35706
1.35777
1.35795
1.35766
1.35694
1.3557
1.35378
1.35099
1.34729
1.34295
1.33863
1.33538
1.33417
1.33547
1.33896
1.34382
1.34916
1.35439
1.35923
1.36359
1.36745
1.37073
1.37334
1.37511
1.37585
1.37529
1.37308
1.36883
1.36218
1.35309
1.34227
1.33148
1.32318
1.31919
1.31938
1.32195
1.32494
1.32748
1.32978
1.33236
1.33552
1.33912
1.34287
1.34651
1.34989
1.35289
1.35544
1.35742
1.3588
1.35957
1.35984
1.35978
1.35961
1.35955
1.35977
1.36038
1.36137
1.36262
1.36398
1.36527
1.36638
1.36724
1.36785
1.36821
1.36836
1.36829
1.36796
1.36732
1.3663
1.36486
1.36304
1.36093
1.35867
1.35644
1.35438
1.35253
1.35084
1.3491
1.3471
1.34465
1.34164
1.33813
1.33439
1.33082
1.32786
1.32588
1.32501
1.32517
1.3261
1.32751
1.32918
1.33097
1.33293
1.33514
1.33772
1.34064
1.34376
1.34683
1.34957
1.35178
1.35332
1.35419
1.35441
1.35409
1.35332
1.35223
1.35096
1.34963
1.34837
1.34728
1.34645
1.34595
1.34581
1.346
1.34648
1.3472
1.34806
1.349
1.34992
1.35075
1.35143
1.3519
1.35209
1.35196
1.35147
1.3506
1.34937
1.34783
1.34609
1.34423
1.34237
1.34051
1.33862
1.33656
1.33417
1.3313
1.32788
1.32394
1.31958
1.31496
1.31046
1.30673
1.30476
1.30552
1.30938
1.31565
1.32288
1.32954
1.33459
1.33764
1.33884
1.3386
1.33747
1.33598
1.3346
1.33368
1.3334
1.33372
1.33436
1.33484
1.33458
1.33307
1.33005
1.32565
1.32048
1.31553
1.31198
1.31081
1.31254
1.31699
1.32336
1.33047
1.33718
1.34275
1.34683
1.34945
1.35082
1.35122
1.35089
1.35002
1.34872
1.34703
1.34498
1.34256
1.33984
1.33696
1.33418
1.33178
1.33003
1.32904
1.32875
1.32892
1.32925
1.32953
1.32964
1.32964
1.32965
1.32981
1.33023
1.33094
1.33186
1.33284
1.33369
1.33423
1.33439
1.33421
1.33389
1.3337
1.33392
1.33473
1.33614
1.33799
1.34
1.3419
1.34347
1.34458
1.34517
1.34525
1.34488
1.34411
1.34301
1.34169
1.34024
1.33879
1.33746
1.33638
1.3356
1.33514
1.33489
1.33472
1.33443
1.33384
1.33284
1.33142
1.32972
1.32796
1.32649
1.32564
1.32569
1.32675
1.32876
1.33154
1.33482
1.33834
1.34185
1.34518
1.34818
1.35077
1.35287
1.35444
1.35543
1.35582
1.35555
1.35462
1.35302
1.35078
1.34801
1.34491
1.34178
1.33898
1.33689
1.33577
1.33567
1.33646
1.33781
1.33936
1.34079
1.34187
1.3425
1.34267
1.34243
1.34185
1.34102
1.33999
1.33881
1.33752
1.33615
1.33476
1.33342
1.33223
1.33131
1.33076
1.33068
1.33112
1.33208
1.33353
1.33539
1.33755
1.33989
1.34228
1.34462
1.34678
1.34869
1.35026
1.35142
1.35209
1.35217
1.35156
1.35013
1.34771
1.34416
1.33942
1.33364
1.32735
1.32151
1.31738
1.31602
1.31769
1.32174
1.32694
1.3321
1.3364
1.33949
1.34128
1.3419
1.34148
1.3402
1.33819
1.3356
1.33257
1.32925
1.32582
1.32246
1.31938
1.31678
1.31482
1.31362
1.31324
1.31364
1.31474
1.31637
1.31833
1.32042
1.32245
1.32425
1.32572
1.32679
1.32746
1.32774
1.32771
1.32743
1.327
1.3265
1.32601
1.32557
1.32524
1.32503
1.32496
1.32501
1.3252
1.32549
1.32588
1.32632
1.32681
1.32729
1.32776
1.32819
1.32858
1.32895
1.32935
1.3298
1.33037
1.33106
1.33187
1.33275
1.33363
1.33438
1.33489
1.33503
1.33469
1.33383
1.33242
1.33055
1.32836
1.32607
1.32393
1.32224
1.32127
1.32128
1.32247
1.32493
1.32859
1.33319
1.33833
1.34355
1.34845
1.35271
1.35613
1.35863
1.36022
1.36094
1.36085
1.36001
1.35846
1.35624
1.35337
1.34986
1.34573
1.34102
1.33585
1.33037
1.32483
1.31954
1.31493
1.31141
1.30936
1.30894
1.31002
1.31223
1.31504
1.31804
1.32108
1.32422
1.32766
1.33158
1.33604
1.34097
1.34625
1.35173
1.35728
1.36276
1.36799
1.37281
1.37706
1.38063
1.38351
1.38571
1.38734
1.38854
1.38945
1.39024
1.39099
1.39178
1.39259
1.39335
1.39398
1.3944
1.39457
1.39448
1.39421
1.39389
1.39369
1.39376
1.3942
1.39496
1.39585
1.39652
1.39663
1.39586
1.39401
1.39095
1.38664
1.38118
1.37498
1.369
1.36468
1.36339
1.36557
1.37043
1.37653
1.38261
1.38796
1.39243
1.39613
1.3992
1.40173
1.40371
1.40505
1.40566
1.40542
1.40428
1.40222
1.39932
1.39577
1.39184
1.3879
1.38434
1.3815
1.37957
1.37858
1.37841
1.37885
1.37968
1.38071
1.38177
1.38271
1.38337
1.38363
1.38334
1.38238
1.38068
1.37823
1.37514
1.37165
1.36814
1.36505
1.36283
1.36174
1.36178
1.36274
1.36424
1.36592
1.36751
1.36885
1.3699
1.37067
1.37119
1.37148
1.37152
1.37128
1.37069
1.36967
1.36815
1.36608
1.36351
1.36059
1.35763
1.355
1.35313
1.35231
1.35258
1.35371
1.35525
1.35669
1.35757
1.3575
1.35621
1.3535
1.34924
1.34344
1.33628
1.32825
1.32016
1.31301
1.30778
1.30516
1.30544
1.3084
1.31332
1.31914
1.32475
1.32929
1.33239
1.33412
1.33483
1.33499
1.33506
1.33533
1.3359
1.33676
1.33777
1.33876
1.3396
1.3402
1.34053
1.34062
1.34053
1.34034
1.34014
1.34
1.34
1.34015
1.34047
1.34096
1.34157
1.34226
1.343
1.34373
1.34441
1.34502
1.34554
1.34595
1.34626
1.34647
1.34659
1.34663
1.3466
1.34651
1.34636
1.34618
1.34595
1.34569
1.34539
1.34505
1.34469
1.34429
1.34386
1.34342
1.34297
1.34252
1.34209
1.34167
1.34126
1.34087
1.34047
1.34007
1.33968
1.33931
1.339
1.33881
1.33881
1.33906
1.33961
1.34051
1.34178
1.34338
1.34527
1.34734
1.34946
1.35148
1.35325
1.35461
1.35545
1.35569
1.35531
1.35434
1.35288
1.35105
1.34898
1.34674
1.34433
1.34165
1.33853
1.33481
1.33054
1.3261
1.32231
1.32027
1.32101
1.32493
1.33164
1.34013
1.34921
1.35791
1.36559
1.37196
1.37691
1.38048
1.38277
1.38391
1.38405
1.38332
1.38185
1.37976
1.37719
1.37425
1.37109
1.36788
1.36478
1.36197
1.35965
1.35794
1.35697
1.35677
1.35734
1.3586
1.36043
1.36267
1.36511
1.36755
1.36976
1.37155
1.37273
1.37317
1.37278
1.37152
1.36943
1.36658
1.36311
1.3592
1.355
1.35068
1.34633
1.34206
1.33807
1.33474
1.33275
1.3328
1.33532
1.34006
1.34615
1.35248
1.35817
1.36275
1.36615
1.36851
1.37011
1.37124
1.37213
1.37296
1.37382
1.37475
1.37569
1.37655
1.37716
1.37735
1.37686
1.3754
1.37263
1.36821
1.36195
1.35407
1.34551
1.33805
1.3337
1.33362
1.33727
1.34292
1.34876
1.35368
1.35739
1.36011
1.36223
1.36412
1.36603
1.3681
1.37035
1.3727
1.37502
1.37719
1.37904
1.38044
1.38124
1.38131
1.3805
1.37868
1.37571
1.37152
1.36613
1.35977
1.35288
1.34616
1.34041
1.33637
1.33441
1.33449
1.33616
1.33884
1.34197
1.34507
1.3478
1.34989
1.35111
1.35133
1.35063
1.34936
1.3481
1.34754
1.34809
1.34973
1.35205
1.35454
1.35685
1.35891
1.36084
1.3628
1.36482
1.3668
1.36854
1.36986
1.37064
1.37087
1.37062
1.36999
1.36908
1.36793
1.36646
1.36455
1.36202
1.35881
1.35502
1.35105
1.3476
1.34542
1.34501
1.34638
1.34899
1.35204
1.35482
1.35686
1.35803
1.35844
1.35839
1.35822
1.35819
1.35843
1.35889
1.35935
1.3596
1.35951
1.35912
1.35863
1.35828
1.35831
1.35884
1.35988
1.36137
1.36324
1.36538
1.36766
1.36993
1.37202
1.37376
1.37508
1.37596
1.37644
1.37664
1.37671
1.37678
1.37694
1.37726
1.37773
1.37828
1.37882
1.37925
1.37948
1.37946
1.37913
1.3785
1.37758
1.37638
1.37495
1.37336
1.37168
1.37002
1.3685
1.36726
1.36645
1.36618
1.36652
1.3675
1.36906
1.37112
1.37354
1.37616
1.37882
1.38134
1.38354
1.38526
1.38637
1.38675
1.38637
1.38524
1.3835
1.38136
1.37912
1.37712
1.37564
1.37484
1.37472
1.37518
1.37597
1.37682
1.37741
1.37749
1.37688
1.37558
