1.83479
1.84187
1.85029
1.85921
1.86777
1.87525
1.88119
1.88538
1.88782
1.88865
1.88814
1.8866
1.88437
1.88173
1.87888
1.87592
1.87282
1.8695
1.86589
1.86195
1.85778
1.85352
1.84941
1.84579
1.84314
1.84203
1.84305
1.84657
1.85266
1.86097
1.87085
1.88149
1.89207
1.90194
1.91065
1.91798
1.92385
1.92827
1.9313
1.93304
1.93361
1.93317
1.93195
1.93026
1.92841
1.92675
1.92554
1.92498
1.92514
1.92596
1.92731
1.929
1.93083
1.93265
1.9344
1.93604
1.93762
1.9392
1.94082
1.94249
1.94417
1.94581
1.94733
1.94869
1.94987
1.95093
1.9519
1.95285
1.95382
1.9548
1.95578
1.95673
1.95762
1.95842
1.95916
1.95987
1.9606
1.96142
1.9624
1.9636
1.96503
1.96672
1.96862
1.97069
1.97285
1.975
1.97706
1.97891
1.98046
1.98164
1.98236
1.98258
1.98227
1.98145
1.98016
1.97854
1.97676
1.97505
1.97363
1.97267
1.97224
1.97229
1.97261
1.97291
1.97283
1.97206
1.97033
1.96751
1.96368
1.95916
1.95456
1.95076
1.9487
1.94913
1.95234
1.95805
1.96546
1.97356
1.98137
1.9881
1.9932
1.99634
1.99738
1.99627
1.99315
1.98828
1.98211
1.97539
1.96921
1.96493
1.96386
1.96658
1.97251
1.97997
1.98685
1.99139
1.99252
1.98988
1.98369
1.97461
1.9637
1.95226
1.9417
1.93334
1.92821
1.92691
1.9295
1.93551
1.94397
1.95368
1.96349
1.97247
1.98006
1.98605
1.99047
1.99356
1.9956
1.99691
1.99775
1.99834
1.9988
1.9992
1.99956
1.99986
2.00009
2.00022
2.00026
2.0002
2.00005
1.99982
1.99952
1.99915
1.99868
1.99808
1.99729
1.99623
1.99476
1.99272
1.98993
1.98616
1.98126
1.97515
1.968
1.96034
1.95305
1.94723
1.94383
1.94325
1.94518
1.94878
1.95307
1.95727
1.96088
1.96373
1.96581
1.96721
1.96812
1.96868
1.96902
1.96923
1.96931
1.96921
1.96885
1.96816
1.96709
1.96568
1.96401
1.96228
1.9607
1.95954
1.95902
1.95927
1.96033
1.9621
1.96438
1.96694
1.96952
1.97191
1.97395
1.97557
1.97672
1.97743
1.97775
1.97775
1.97752
1.97713
1.97667
1.97619
1.97572
1.9753
1.97492
1.97459
1.9743
1.97407
1.97391
1.97387
1.97397
1.97425
1.97472
1.97533
1.97602
1.97668
1.97714
1.97725
1.97683
1.97571
1.97373
1.97073
1.9666
1.96128
1.95488
1.94771
1.94035
1.93364
1.92851
1.92577
1.92585
1.92876
1.93414
1.94144
1.94999
1.9591
1.96808
1.9763
1.98329
1.98874
1.99247
1.99445
1.99472
1.99336
1.99049
1.98624
1.98081
1.97445
1.96751
1.96045
1.95388
1.94846
1.94483
1.94341
1.94425
1.94697
1.95089
1.95517
1.95911
1.96222
1.96427
1.96528
1.96543
1.96504
1.96444
1.96396
1.96382
1.96411
1.96476
1.96563
1.96652
1.96726
1.96774
1.96794
1.96791
1.96776
1.9676
1.96754
1.96764
1.96791
1.96833
1.96884
1.96937
1.96985
1.97024
1.9705
1.97064
1.97067
1.9706
1.97045
1.97024
1.96996
1.9696
1.96913
1.96852
1.96772
1.9667
1.96541
1.96383
1.96198
1.9599
1.95765
1.95537
1.95319
1.95127
1.94974
1.94869
1.94812
1.94798
1.94814
1.94845
1.94877
1.94897
1.94899
1.94879
1.94837
1.94775
1.94695
1.94601
1.94491
1.94369
1.94235
1.94094
1.93951
1.93818
1.93706
1.93626
1.93586
1.9359
1.93638
1.93726
1.93852
1.94014
1.94214
1.94455
1.94736
1.95052
1.95391
1.95739
1.96079
1.96396
1.96679
1.96919
1.97112
1.97259
1.97362
1.97426
1.97457
1.97464
1.97455
1.97439
1.97425
1.97417
1.97414
1.97411
1.97399
1.97362
1.97287
1.97161
1.96977
1.96734
1.96443
1.96126
1.95811
1.95534
1.95331
1.95234
1.95263
1.95425
1.95709
1.96091
1.9654
1.9702
1.975
1.97958
1.98379
1.98759
1.99098
1.99401
1.99671
1.99909
2.00112
2.00271
2.00374
2.00404
2.00346
2.0018
1.99894
1.99475
1.98922
1.98245
1.9747
1.96639
1.9581
1.95043
1.94392
1.93892
1.93555
1.9338
1.93358
1.93483
1.93751
1.94159
1.94705
1.95382
1.96174
1.97052
1.97969
1.98869
1.99696
2.00409
2.0098
2.01404
2.01684
2.01831
2.01863
2.01796
2.01648
2.01437
2.01183
2.00908
2.00635
2.00385
2.00178
2.00031
1.99951
1.99941
1.99995
2.00103
2.00251
2.00422
2.00598
2.0076
2.00892
2.00979
2.0101
2.00978
2.00878
2.00709
2.00474
2.00172
1.99804
1.99365
1.98849
1.98242
1.97528
1.96692
1.95731
1.94665
1.9357
1.92577
1.91855
1.91538
1.91656
1.9213
1.92839
1.93683
1.94607
1.9558
1.96571
1.97537
1.98428
1.99201
1.99822
2.00278
2.00569
2.00708
2.00718
2.00629
2.00479
2.00309
2.00163
2.00073
2.00063
2.00133
2.00271
2.00453
2.00649
2.00838
2.01003
2.01136
2.01234
2.01303
2.01347
2.01374
2.01392
2.01407
2.01427
2.01455
2.01495
2.01551
2.01621
2.01706
2.01803
2.01908
2.02017
2.02126
2.02228
2.02318
2.02387
2.02428
2.0243
2.02381
2.02267
2.02077
2.01805
2.01458
2.01063
2.00669
2.0034
2.00137
2.00095
2.00209
2.00441
2.00745
2.01085
2.01451
2.01847
2.02277
2.02738
2.03211
2.03669
2.04079
2.04412
2.04648
2.04773
2.04781
2.04677
2.04472
2.04186
2.03845
2.0348
2.03116
2.02767
2.02431
2.02088
2.01704
2.01242
2.00676
2
1.99239
1.98459
1.97761
1.97262
1.97065
1.97213
1.97676
1.98365
1.99173
2.00004
2.00791
2.01496
2.02097
2.02585
2.02956
2.03209
2.03346
2.03371
2.03291
2.03116
2.02859
2.02538
2.02177
2.01803
2.01446
2.01137
2.00896
2.00735
2.00648
2.0062
2.00628
2.00646
2.00657
2.00649
2.00615
2.00559
2.00487
2.00408
2.00331
2.00265
2.00214
2.00184
2.00175
2.00185
2.00211
2.00248
2.00289
2.00331
2.00367
2.00393
2.00406
2.00402
2.00379
2.00335
2.00269
2.00181
2.00074
1.99952
1.99821
1.99691
1.99572
1.99475
1.99407
1.99376
1.9938
1.99418
1.99481
1.99561
1.99649
1.99739
1.99829
1.99919
2.00012
2.00114
2.0023
2.00362
2.00513
2.00679
2.00854
2.01028
2.01192
2.0133
2.0143
2.01478
2.01461
2.01368
2.01188
2.00917
2.00559
2.0013
1.99662
1.99213
1.98854
1.9866
1.9868
1.9892
1.99334
1.99842
2.00355
2.00798
2.01122
2.01302
2.01339
2.01257
2.011
2.00929
2.00811
2.00809
2.00967
2.01294
2.01766
2.02329
2.02916
2.03461
2.03909
2.04223
2.04381
2.04372
2.04198
2.03873
2.03431
2.02928
2.0244
2.02049
2.01808
2.01717
2.01718
2.01718
2.01626
2.01393
2.01023
2.0058
2.00168
1.99903
1.99873
2.00111
2.00589
2.01233
2.01956
2.02681
2.03352
2.03936
2.04411
2.04765
2.04988
2.05071
2.05009
2.04798
2.0444
2.03944
2.03329
2.02621
2.01855
2.01068
2.00299
1.99585
1.98966
1.98491
1.98215
1.98197
1.98472
1.99038
1.99838
2.00777
2.01747
2.02654
2.03433
2.04047
2.04481
2.04731
2.048
2.04693
2.04417
2.0399
2.03436
2.02795
2.02122
2.01481
2.00938
2.00554
2.00366
2.00391
2.00618
2.01018
2.01544
2.0214
2.02751
2.03322
2.03807
2.04171
2.04386
2.04437
2.04313
2.04014
2.03551
2.0295
2.02255
2.01534
2.00863
2.00318
1.99945
1.99745
1.99675
1.99666
1.99653
1.99591
1.9947
1.99308
1.99138
1.99003
1.98935
1.98943
1.98996
1.99032
1.98984
1.98821
1.98579
1.9835
1.98252
1.98372
1.98737
1.9931
2.00015
2.00764
2.01476
2.02091
2.02573
2.02903
2.03083
2.03122
2.03039
2.02857
2.02605
2.02318
2.02038
2.01811
2.01672
2.01645
2.01728
2.01904
2.02142
2.02413
2.02692
2.02966
2.03229
2.03481
2.03722
2.03956
2.04182
2.04401
2.04612
2.04816
2.05014
2.05205
2.05394
2.05582
2.05772
2.05966
2.06163
2.06362
2.06562
2.06756
2.0694
2.07106
2.07246
2.07353
2.07416
2.07429
2.07385
2.0728
2.07112
2.06886
2.06615
2.06316
2.06019
2.05755
2.0556
2.05463
2.05482
2.05619
2.05864
2.06198
2.06598
2.07043
2.07516
2.07997
2.08464
2.08886
2.09231
2.0947
2.09585
2.09577
2.09459
2.09255
2.08988
2.08675
2.08329
2.07973
2.07652
2.07437
2.07402
2.07586
2.07957
2.08418
2.0885
2.09166
2.09337
2.09384
2.09353
2.09278
2.09168
2.09012
2.08803
2.08548
2.08273
2.08007
2.07774
2.07592
2.07472
2.0743
2.07479
2.07628
2.07867
2.08169
2.08498
2.08816
2.09095
2.09323
2.09502
2.09642
2.09756
2.09851
2.09929
2.09983
2.10002
2.09974
2.09885
2.09723
2.09478
2.09138
2.08701
2.08172
2.07573
2.0695
2.06371
2.0592
2.05672
2.05668
2.05895
2.06295
2.06781
2.07269
2.07695
2.08017
2.0822
2.08304
2.08282
2.08178
2.08019
2.07835
2.07654
2.07496
2.07371
2.07281
2.07222
2.07185
2.0716
2.07136
2.07102
2.0705
2.06966
2.06844
2.06675
2.06455
2.06184
2.05862
2.05495
2.05085
2.04637
2.0415
2.03614
2.03014
2.02326
2.01529
2.00599
1.99514
1.98264
1.9691
1.9568
1.94997
1.9526
1.96475
1.98179
1.99773
2.0087
2.01385
2.01457
2.01337
2.01295
2.01549
2.02195
2.03182
2.04341
2.05464
2.06375
2.06977
2.07255
2.07256
2.07075
2.06825
2.0661
2.06492
2.06479
2.06523
2.06553
2.06494
2.06288
2.05894
2.05291
2.04473
2.03464
2.02327
2.01162
2.00083
1.99185
1.98538
1.98198
1.98192
1.98501
1.99048
1.99755
2.00576
2.015
2.0251
2.03554
2.04555
2.05433
2.0613
2.06622
2.06913
2.07027
2.06997
2.06857
2.06637
2.06359
2.06039
2.05682
2.05292
2.0487
2.04419
2.03944
2.03453
2.02962
2.02485
2.02042
2.01653
2.01336
2.01111
2.00998
2.01009
2.01149
2.01411
2.01773
2.02206
2.02676
2.03152
2.0361
2.04031
2.04403
2.04717
2.04966
2.05143
2.05242
2.05256
2.05177
2.04998
2.04716
2.0433
2.0385
2.03292
2.02686
2.02072
2.01496
2.01001
2.00624
2.00389
2.00301
2.00354
2.00527
2.0079
2.01111
2.01457
2.01804
2.02137
2.02446
2.0273
2.02986
2.03209
2.03392
2.03524
2.03593
2.03589
2.03503
2.03331
2.03077
2.02749
2.02364
2.01947
2.01528
2.01143
2.00826
2.00611
2.00522
2.00568
2.00744
2.01024
2.01369
2.01729
2.02053
2.02297
2.02428
2.02428
2.02291
2.02023
2.01644
2.01186
2.00688
2.00199
1.99767
1.99433
1.99227
1.99157
1.99214
1.99369
1.99587
1.99827
2.00055
2.00247
2.00395
2.005
2.00575
2.0064
2.00715
2.00816
2.00954
2.0113
2.0134
2.01572
2.01814
2.02052
2.02276
2.02477
2.02646
2.02779
2.02869
2.02911
2.02897
2.02818
2.02665
2.02427
2.02093
2.01654
2.01107
2.00459
1.9973
1.98958
1.98197
1.9751
1.96958
1.96583
1.964
1.96396
1.96539
1.96788
1.97106
1.97459
1.97822
1.98174
1.98497
1.98783
1.99029
1.99239
1.99419
1.99576
1.99716
1.9984
1.99946
2.00033
2.00097
2.00136
2.00151
2.00143
2.00111
2.00054
1.99968
1.99845
1.9968
1.99474
1.99239
1.99003
1.98805
1.98685
1.98668
1.98751
1.98898
1.99061
1.9919
1.99259
1.99274
1.99268
1.99292
1.99392
1.99591
1.99881
2.00227
2.00577
2.00886
2.01116
2.01245
2.01265
2.01176
2.00984
2.007
2.00341
1.99926
1.99479
1.9903
1.98606
1.98236
1.97945
1.97752
1.97668
1.97696
1.97827
1.98039
1.983
1.98573
1.98827
1.99042
1.99216
1.99363
1.99507
1.99677
1.99889
2.0015
2.00452
2.00774
2.01094
2.0139
2.01645
2.0185
2.01999
2.0209
2.02125
2.02103
2.02026
2.01895
2.01709
2.01469
2.01176
2.00831
2.0044
2.00012
1.9956
1.99102
1.9866
1.98258
1.97922
1.9767
1.97515
1.97459
1.97496
1.97609
1.97778
1.97982
1.982
1.98416
1.98621
1.98807
1.9897
1.99108
1.99217
1.99293
1.99327
1.99308
1.99227
1.99072
1.98836
1.9852
1.9813
1.97683
1.97208
1.96747
1.96356
1.96095
1.96019
1.96158
1.96505
1.97011
1.97597
1.9817
1.98648
1.98975
1.99122
1.9909
1.98905
1.98611
1.9826
1.97905
1.9759
1.97334
1.97137
1.96978
1.96831
1.96676
1.96511
1.96356
1.96247
1.96224
1.96314
1.96521
1.96811
1.97125
1.97383
1.9751
1.97461
1.97244
1.9693
1.96639
1.96488
1.96527
1.96724
1.96994
1.97265
1.97519
1.97787
1.98106
1.98492
1.9892
1.99347
1.9973
2.00042
2.00278
2.00445
2.0056
2.0064
2.007
2.00748
2.00789
2.00823
2.00846
2.00855
2.00846
2.00813
2.00756
2.00673
2.00566
2.00437
2.00293
2.00139
1.99986
1.99843
1.99721
1.99632
1.99586
1.9959
1.9965
1.99766
1.99937
2.00156
2.00417
2.00708
2.0102
2.01345
2.01674
2.02
2.02319
2.02626
2.02915
2.03182
2.03417
2.03612
2.03754
2.03826
2.03809
2.03682
2.03423
2.03012
2.02439
2.01709
2.00848
1.99915
1.9899
1.98169
1.97534
1.97133
1.96965
1.96997
1.97196
1.97554
1.9809
1.98816
1.99708
2.00691
2.01662
2.0253
2.03236
2.03761
2.04113
2.04317
2.04402
2.04395
2.0432
2.04197
2.04037
2.0385
2.03639
2.03403
2.03143
2.02854
2.02533
2.0218
2.01796
2.01385
2.00956
2.00521
2.00097
1.997
1.99347
1.9905
1.98819
1.98657
1.98564
1.98533
1.98557
1.98626
1.98729
1.98857
1.98997
1.99143
1.99287
1.99422
1.99545
1.99653
1.99744
1.99818
1.99876
1.99918
1.99946
1.99962
1.99968
1.99967
1.9996
1.99951
1.9994
1.99931
1.99924
1.99921
1.99924
1.99934
1.9995
1.99973
2.00004
2.00042
2.00085
2.00131
2.0018
2.00227
2.00267
2.00297
2.0031
2.00297
2.0025
2.0016
2.00016
1.99808
1.99529
1.99175
1.98746
1.98252
1.97711
1.9715
1.96606
1.96125
1.95756
1.95551
1.95549
1.95769
1.96199
1.96794
1.97488
1.98212
1.98913
1.99555
2.00127
2.00632
2.01078
2.01475
2.01828
2.02136
2.02392
2.02585
2.027
2.02719
2.02627
2.02417
2.02094
2.01682
2.01236
2.00834
2.00562
2.0048
2.00602
2.0088
2.0123
2.01559
2.01795
2.019
2.01869
2.01727
2.01519
2.01307
2.01147
2.01083
2.01129
2.01269
2.01467
2.01682
2.01884
2.02058
2.02204
2.02334
2.02463
2.02601
2.02751
2.02908
2.03064
2.03211
2.03348
2.03482
2.03624
2.03784
2.03966
2.04162
2.04355
2.04518
2.04624
2.04655
2.04606
2.0449
2.04331
2.04158
2.03994
2.03847
2.03702
2.03528
2.03275
2.02879
2.02261
2.0134
2.00083
1.98599
1.97245
1.96566
1.96967
1.98361
2.0024
2.02067
2.03541
2.04601
2.05305
2.05744
2.06002
2.06141
2.06205
2.06226
2.06223
2.0621
2.06195
2.06182
2.06172
2.0616
2.06143
2.06112
2.06058
2.05968
2.05826
2.05609
2.05284
2.04806
2.04107
2.03107
2.01734
2.00006
1.98156
1.96717
1.96321
1.97227
1.99071
2.01177
2.03025
2.0441
2.05345
2.05926
2.06258
2.06427
2.06493
2.06498
2.06469
2.06422
2.06366
2.06306
2.06244
2.0618
2.06115
2.06051
2.05991
2.05935
2.05889
2.05852
2.05826
2.05811
2.05803
2.058
2.05799
2.05797
2.05794
2.05793
2.05796
2.05812
2.05849
2.05915
2.06021
2.06172
2.06373
2.06622
2.06912
2.07233
2.0757
2.07904
2.08218
2.08497
2.08725
2.08893
2.08996
2.0903
2.09002
2.08919
2.08797
2.08656
2.08517
2.08401
2.08324
2.08291
2.08299
2.08338
2.0839
2.08441
2.08478
2.08495
2.08492
2.08477
2.0846
2.08456
2.08475
2.08527
2.08614
2.08729
2.08863
2.08998
2.09116
2.09195
2.0922
2.09179
2.09072
2.08905
2.08698
2.08477
2.08271
2.08105
2.07994
2.07942
2.0794
2.07978
2.08044
2.08133
2.08244
2.08381
2.08547
2.08744
2.08969
2.09215
2.09471
2.09728
2.09977
2.10209
2.1042
2.10606
2.10763
2.10888
2.10975
2.11017
2.11006
2.10932
2.10787
2.10566
2.10268
2.09904
2.09494
2.0907
2.08666
2.08311
2.08005
2.07712
2.07349
2.06801
2.05935
2.04648
2.02919
2.00888
1.98909
1.975
1.97117
1.97883
1.99515
2.01526
2.03457
2.04984
2.05905
2.06091
2.05486
2.04138
2.02271
2.00295
1.98675
1.97689
1.97361
1.97623
1.98451
1.99773
2.01363
2.02913
2.04182
2.05072
2.05615
2.05911
2.06072
2.06193
2.0632
2.06455
2.06565
2.06608
2.06549
2.06378
2.06118
2.05823
2.05563
2.05409
2.05404
2.05553
2.05824
2.06164
2.0652
2.06852
2.07137
2.07367
2.07541
2.0766
2.07727
2.07743
2.07708
2.0762
2.07479
2.07282
2.07032
2.06731
2.06382
2.05991
2.05564
2.05103
2.04611
2.04086
2.03532
2.02962
2.02413
2.01953
2.01675
2.01672
2.01997
2.02634
2.035
2.0448
2.05467
2.06386
2.072
2.07899
2.0849
2.08986
2.09401
2.09749
2.10041
2.10286
2.10493
2.10666
2.10813
2.10938
2.11044
2.11133
2.11202
2.11246
2.11255
2.11215
2.11109
2.1092
2.1063
2.10226
2.097
2.09055
2.08308
2.07495
2.06678
2.05938
2.05373
2.05075
2.05107
2.05484
2.06163
2.07059
2.08065
2.09071
2.0998
2.10716
2.11218
2.11444
2.11372
2.11009
2.10399
2.09634
2.08842
2.08151
2.07645
2.07346
2.07232
2.07285
2.07524
2.07985
2.08677
2.09554
2.10515
2.11446
2.12253
2.1288
2.1331
2.13557
2.1365
2.13627
2.13526
2.13384
2.13227
2.13079
2.12953
2.12858
2.12797
2.12767
2.12759
2.12763
2.12764
2.12745
2.12691
2.1259
2.12434
2.12218
2.11944
2.1162
2.11259
2.10878
2.10495
2.10128
2.09788
2.09479
2.09199
2.0894
2.08695
2.08464
2.08258
2.08101
2.08022
2.08055
2.08226
2.08548
2.09016
2.09607
2.10282
2.10991
2.11683
2.12312
2.12844
2.13256
2.13538
2.13687
2.13706
2.13601
2.13383
2.13061
2.1265
2.12162
2.1161
2.11005
2.10354
2.09664
2.0894
2.08181
2.07385
2.0655
2.05698
2.04882
2.04193
2.03737
2.03589
2.03752
2.04153
2.04666
2.05162
2.05542
2.05757
2.05801
2.05705
2.05517
2.05295
2.05095
2.04962
2.04923
2.04984
2.0513
2.05324
2.05519
2.05665
2.05725
2.05683
2.05556
2.05385
2.05228
2.0513
2.05103
2.05125
2.05147
2.05121
2.05014
2.04822
2.04574
2.04321
2.04123
2.04028
2.04058
2.04196
2.04404
2.04629
2.04827
2.0497
2.05045
2.05051
2.04998
2.04897
2.04763
2.04608
2.04443
2.04273
2.04102
2.03933
2.03765
2.036
2.03439
2.03285
2.03147
2.03031
2.02945
2.02895
2.02882
2.02903
2.02951
2.03014
2.03078
2.03129
2.03152
2.03136
2.03071
2.02947
2.02758
2.02501
2.02177
2.01799
2.0139
2.00987
2.00637
2.0039
2.00282
2.0033
2.00519
2.00816
2.01177
2.01561
2.01936
2.02281
2.02586
2.02844
2.03051
2.03202
2.03288
2.03295
2.03206
2.03
2.02657
2.02167
2.01539
2.00822
2.0011
1.99531
1.99213
1.99229
1.9956
2.00115
2.00776
2.01445
2.02067
2.02621
2.03108
2.03538
2.03916
2.04245
2.04525
2.0475
2.04915
2.05013
2.0504
2.04996
2.04882
2.04704
2.04472
2.04201
2.0391
2.03621
2.0336
2.03151
2.03016
2.0297
2.03022
2.03168
2.03398
2.03694
2.04036
2.04403
2.04777
2.05143
2.05491
2.05817
2.06118
2.06392
2.06642
2.06866
2.07066
2.07243
2.07396
2.07527
2.07639
2.07737
2.07828
2.0792
2.08023
2.08144
2.08292
2.0847
2.08678
2.0891
2.09157
2.09404
2.09632
2.0982
2.09943
2.09978
2.099
2.09684
2.09316
2.0879
2.08119
2.07339
2.06512
2.05715
2.05029
2.04519
2.04213
2.04102
2.04146
2.04294
2.04498
2.04727
2.0496
2.05187
2.05403
2.05604
2.05794
2.05984
2.06192
2.06439
2.06736
2.07076
2.07429
2.07757
2.08018
2.08189
2.08263
2.08254
2.08192
2.0811
2.08046
2.08029
2.0808
2.08209
2.08413
2.08679
2.08987
2.09313
2.09635
2.09935
2.102
2.10423
2.10604
2.10742
2.10841
2.10903
2.1093
2.10921
2.10876
2.10794
2.10672
2.10507
2.10297
2.1004
2.09737
2.09389
2.09003
2.08589
2.08164
2.07751
2.07379
2.07078
2.06877
2.06795
2.0684
2.07002
2.0726
2.07589
2.07961
2.08354
2.08753
2.09145
2.09525
2.09889
2.10232
2.10552
2.10844
2.11106
2.11334
2.11525
2.11676
2.11783
2.11842
2.11847
2.11792
2.1167
2.11473
2.11195
2.10838
2.10413
2.09952
2.09512
2.09176
2.09033
2.09154
2.09563
2.10221
2.11043
2.11926
2.12778
2.13531
2.14148
2.14616
2.14936
2.15118
2.15176
2.15125
2.14978
2.14748
2.14443
2.14076
2.13658
2.13207
2.12746
2.12297
2.1188
2.11505
2.11171
2.10872
2.10595
2.10328
2.10056
2.09763
2.09435
2.09066
2.08676
2.08313
2.08053
2.07987
2.08191
2.08688
2.09443
2.10367
2.11352
2.123
2.13142
2.13843
2.14393
2.14801
2.15083
2.15258
2.15346
2.15363
2.15323
2.15238
2.15118
2.14973
2.14812
2.14646
2.14486
2.14342
2.14223
2.14131
2.14067
2.14026
2.14001
2.1398
2.13951
2.13901
2.13818
2.13694
2.13522
2.133
2.13034
2.12738
2.12431
2.12138
2.11881
2.11671
2.11505
2.11366
2.11232
2.11093
2.10959
2.10864
2.10842
2.10902
2.11005
2.1106
2.10949
2.10567
2.09865
2.08895
2.07848
2.07028
2.06734
2.07083
2.07935
2.08979
2.09905
2.10504
2.10673
2.10389
2.09691
2.08679
2.07525
2.06462
2.05722
2.05466
2.05736
2.06463
2.07504
2.08673
2.09797
2.10746
2.11453
2.11904
2.12124
2.12154
2.12042
2.11837
2.11585
2.1133
2.11107
2.10942
2.10848
2.10824
2.1086
2.1094
2.11045
2.11166
2.11295
2.11433
2.11581
2.11745
2.11925
2.12122
2.12336
2.12566
2.12812
2.13074
2.13351
2.1364
2.13935
2.14225
2.14495
2.14729
2.14905
2.15005
2.15015
2.14931
2.14764
2.14549
2.14341
2.1421
2.14215
2.14388
2.14716
2.15149
2.15617
2.16054
2.16411
2.16656
2.16775
2.16763
2.16621
2.16357
2.15985
2.1553
2.15026
2.14513
2.14024
2.13583
2.1319
2.12826
2.12463
2.12081
2.11675
2.11263
2.10883
2.10581
2.104
2.10366
2.10483
2.10724
2.11044
2.11385
2.11688
2.11908
2.12013
2.11994
2.11863
2.11648
2.11398
2.11171
2.11029
2.11021
2.11174
2.11481
2.11904
2.12384
2.12858
2.13274
2.13595
2.13799
2.1388
2.13843
2.13697
2.13461
2.13153
2.128
2.12427
2.12062
2.11725
2.11429
2.11173
2.10944
2.10715
2.10456
2.10135
2.0973
2.0923
2.08643
2.07998
2.07338
2.0672
2.06192
2.05789
2.05521
2.05376
2.05324
2.05329
2.05359
2.05388
2.05407
2.05419
2.05435
2.05467
2.05521
2.05591
2.05661
2.05707
2.057
2.05621
2.05459
2.05217
2.04911
2.04567
2.04221
2.03925
2.03763
2.03837
2.0423
2.04946
2.05894
2.06921
2.07882
2.08679
2.09276
2.09676
2.09906
2.09999
2.09986
2.09894
2.09745
2.09556
2.09341
2.09114
2.08887
2.08672
2.0848
2.08321
2.08203
2.08128
2.08095
2.08098
2.08127
2.08174
2.08232
2.08302
2.08391
2.08511
2.08677
2.08897
2.09171
2.09485
2.09815
2.10128
2.10395
2.10588
2.10689
2.10687
2.10579
2.10373
2.10082
2.09734
2.09366
2.09024
2.08761
2.08628
2.08662
2.08877
2.09257
2.09758
2.1032
2.10875
2.11358
2.11708
2.11875
2.11813
2.1149
2.10886
2.10016
2.08937
2.0776
2.06626
2.05666
2.04959
2.0454
2.0442
2.04616
2.05126
2.05902
2.06838
2.0781
2.08713
2.09492
2.10144
2.10699
2.11199
2.11679
2.12155
2.12619
2.13052
2.13429
2.13727
2.13929
2.14027
2.1402
2.13911
2.13707
2.13415
2.13043
2.12602
2.12105
2.11566
2.11004
2.1044
2.09901
2.0941
2.08992
2.08661
2.08415
2.08236
2.08084
2.07901
2.07607
2.07113
2.06325
2.05178
2.03687
2.02033
2.00601
1.99864
2.00095
2.01172
2.02685
2.04234
2.05587
2.06672
2.07501
2.08115
2.08549
2.08832
2.08985
2.09022
2.08954
2.08791
2.08542
2.08217
2.07828
2.07386
2.0691
2.06419
2.05935
2.05482
2.05083
2.0476
2.04529
2.04398
2.04365
2.04417
2.04532
2.04687
2.04859
2.05035
2.05205
2.05369
2.05529
2.05689
2.05851
2.06018
2.06185
2.06348
2.06497
2.06621
2.06706
2.06738
2.06701
2.06581
2.06367
2.06056
2.05656
2.05193
2.04709
2.04257
2.03888
2.03637
2.03506
2.0347
2.03489
2.03529
2.0357
2.03615
2.03679
2.03786
2.03952
2.04183
2.04468
2.04789
2.05117
2.05428
2.05701
2.05919
2.06074
2.06163
2.06186
2.06145
2.06046
2.05897
2.05711
2.05504
2.05297
2.05113
2.04973
2.04887
2.04853
2.0485
2.04837
2.04761
2.0456
2.04175
2.03563
2.02711
2.01656
2.00501
1.99414
1.98609
1.98292
1.98573
1.99412
2.00622
2.0196
2.03217
2.04266
2.05064
2.05618
2.05961
2.06135
2.0618
2.06132
2.06021
2.05877
2.05723
2.0558
2.05465
2.05389
2.05357
2.05366
2.05405
2.05458
2.05502
2.05505
2.05435
2.05252
2.04923
2.04426
2.03776
2.0304
2.02351
2.01876
2.01752
2.02008
2.02546
2.03199
2.03807
2.04269
2.04542
2.0463
2.04556
2.04349
2.04034
2.0363
2.03153
2.02612
2.02025
2.01424
2.0086
2.00404
2.00135
2.00113
2.00354
2.00827
2.01461
2.02172
2.02882
2.0353
2.04077
2.045
2.04789
2.04945
2.04975
2.04894
2.04722
2.04486
2.04217
2.03948
2.03707
2.03517
2.03384
2.03306
2.03264
2.03235
2.03192
2.03112
2.02984
2.02807
2.02594
2.02371
2.02171
2.02028
2.01969
2.02006
2.02134
2.02339
2.02597
2.02884
2.03181
2.03473
2.03747
2.03993
2.042
2.04359
2.04456
2.04479
2.04418
2.04261
2.04004
2.03652
2.0322
2.02744
2.02274
2.01872
2.01595
2.01482
2.01541
2.01749
2.02065
2.02439
2.02824
2.03184
2.03494
2.0374
2.0392
2.04039
2.04112
2.04157
2.04196
2.04246
2.04323
2.04428
2.04558
2.04701
2.04839
2.04956
2.05033
2.05058
2.05018
2.04906
2.04715
2.04443
2.04094
2.03678
2.0321
2.02721
2.02247
2.01831
2.01514
2.01325
2.01271
2.0134
2.01498
2.01708
2.01935
2.02155
2.02356
2.02536
2.02697
2.02846
2.02988
2.03124
2.03257
2.03386
2.03509
2.03626
2.03736
2.03839
2.03937
2.04027
2.04112
2.04191
2.04264
2.04329
2.04388
2.04438
2.04481
2.04515
2.0454
2.04558
2.04569
2.04575
2.04576
2.04576
2.04577
2.04584
2.04599
2.04626
2.04668
2.04728
2.04807
2.04906
2.05024
2.05158
2.05306
2.05462
2.05622
2.05781
2.05933
2.0607
2.06188
2.06277
2.06331
2.06342
2.06301
2.062
2.06034
2.05796
2.05485
2.05099
2.04645
2.04127
2.03559
2.02953
2.02326
2.01702
2.01109
2.00583
2.0017
1.99917
1.99866
2.0004
2.00434
2.01013
2.01717
2.02478
2.03235
2.03943
2.04579
2.05135
2.05612
2.06019
2.06361
2.06647
2.06879
2.07061
2.07198
2.07293
2.0735
2.07373
2.07367
2.07336
2.07283
2.0721
2.07118
2.07008
2.06879
2.06732
2.06566
2.06382
2.06183
2.05974
2.0576
2.05551
2.05355
2.05183
2.05044
2.04947
2.04899
2.04902
2.04959
2.05066
2.05219
2.05408
2.0562
2.0584
2.06053
2.06243
2.06397
2.06506
2.06562
2.06561
2.065
2.06379
2.06202
2.05973
2.05701
2.05396
2.05074
2.04747
2.04432
2.04142
2.0389
2.03692
2.03568
2.03539
2.03613
2.03778
2.03986
2.04166
2.04263
2.0428
2.04303
2.04479
2.04934
2.05694
2.06661
2.07677
2.08603
2.09358
2.09921
2.10308
2.10546
2.10662
2.10674
2.10593
2.10424
2.10168
2.09826
2.09401
2.08897
2.08322
2.07686
2.07005
2.06297
2.05584
2.04893
2.0425
2.03682
2.03214
2.02866
2.02651
2.02577
2.02647
2.02861
2.03213
2.03684
2.0424
2.04832
2.05413
2.05945
2.06408
2.06797
2.07119
2.0738
2.07588
2.07745
2.07851
2.07903
2.07893
2.07812
2.07647
2.07383
2.07012
2.06538
2.05988
2.05422
2.04927
2.04599
2.045
2.04636
2.04943
2.05322
2.0568
2.05951
2.06112
2.06174
2.06166
2.06125
2.06084
2.06063
2.06069
2.06097
2.06138
2.0618
2.06218
2.06251
2.06279
2.06307
2.06335
2.06362
2.06384
2.06393
2.06379
2.06333
2.06246
2.06112
2.05929
2.05703
2.05443
2.05166
2.0489
2.04635
2.04418
2.04249
2.04131
2.04058
2.0402
2.04001
2.03992
2.03983
2.03974
2.03968
2.03971
2.03988
2.04017
2.0405
2.0407
2.04058
2.03991
2.03857
2.03653
2.03398
2.03129
2.02894
2.02738
2.0269
2.02751
2.02895
2.03086
2.03292
2.03492
2.0368
2.03858
2.04031
2.04198
2.04357
2.045
2.04618
2.04703
2.04752
2.04764
2.0474
2.04682
2.04595
2.04481
2.04344
2.04186
2.04007
2.03807
2.03585
2.03337
2.03062
2.02757
2.02422
2.02056
2.01662
2.01243
2.00808
2.00365
1.99925
1.99502
1.99115
1.98785
1.98538
1.98395
1.9837
1.9846
1.98647
1.989
1.99182
1.99462
1.99719
1.99941
2.00126
2.00277
2.00401
2.00505
2.00595
2.00678
2.00757
2.00836
2.00916
2.00997
2.01079
2.01157
2.01231
2.01295
2.01349
2.01388
2.01412
2.01416
2.01401
2.01364
2.01301
2.0121
2.01085
2.00922
2.00715
2.00461
2.00157
1.99809
1.99428
1.99042
1.98686
1.9841
1.98261
1.98276
1.98463
1.98804
1.99257
1.9977
2.00298
2.00808
2.01278
2.01702
2.02077
2.02407
2.02697
2.0295
2.03171
2.03361
2.03521
2.03652
2.03749
2.03807
2.03819
2.03774
2.0366
2.03461
2.03162
2.0275
2.02219
2.01571
2.0083
2.00042
1.99283
1.98652
1.98258
1.98185
1.98471
1.99091
1.99962
2.00977
2.02032
2.03045
2.0397
2.04782
2.05477
2.06059
2.06538
2.06921
2.07217
2.07431
2.07568
2.07631
2.07626
2.07562
2.07451
2.07312
2.07168
2.07046
2.0697
2.06956
2.07009
2.07122
2.07277
2.07451
2.07621
2.07771
2.07889
2.07971
2.0802
2.0804
2.08037
2.08017
2.07984
2.07938
2.07875
2.07791
2.07681
2.07548
2.07402
2.07264
2.07165
2.07144
2.07237
2.07471
2.07855
2.08376
2.09006
2.09705
2.10426
2.11129
2.11774
2.12331
2.12773
2.13078
2.13229
2.1321
2.13014
2.12642
2.12113
2.11463
2.1075
2.10039
2.09395
2.08862
2.08461
2.08194
2.08059
2.08055
2.08177
2.0841
2.08718
2.09052
2.09354
2.09573
2.09673
2.09648
2.09519
2.09337
2.09164
2.09057
2.09046
2.09124
2.09265
2.09433
2.09604
2.09774
2.09956
2.1017
2.10433
2.10745
2.11093
2.11446
2.11766
2.1201
2.12139
2.1212
2.11933
2.11572
2.11057
2.10438
2.098
2.09244
2.08862
2.08696
2.08729
2.08886
2.09075
2.09208
2.0922
2.09067
2.08715
2.08138
2.07322
2.06277
2.05068
2.03848
2.02846
2.02303
2.02341
2.02896
2.03756
2.0469
2.05537
2.0623
2.06764
2.07162
2.07444
2.07616
2.07665
2.07566
2.07287
2.068
2.06091
2.05168
2.04069
2.02872
2.01684
2.0063
1.99827
1.99366
1.99295
1.99618
2.00288
2.01218
2.0229
2.03389
2.04418
2.05319
2.06064
2.06655
2.07102
2.07427
2.0765
2.07789
2.0786
2.07874
2.07839
2.0776
2.07638
2.07472
2.07258
2.06992
2.0667
2.06287
2.05847
2.0536
2.04851
2.04361
2.03944
2.03661
2.03564
2.03672
2.03971
2.04412
2.04931
2.05462
2.05954
2.06376
2.06713
2.06964
2.07138
2.07252
2.07326
2.0738
2.07432
2.07494
2.07573
2.07665
2.07759
2.07841
2.07897
2.07916
2.07895
2.07841
2.0777
2.07709
2.07686
2.07728
2.07856
2.08076
2.08376
2.0873
2.09098
2.09433
2.09684
2.09807
2.09761
2.09523
2.09084
2.0846
2.0769
2.0684
2.05995
2.05247
2.04677
2.04339
2.04249
2.04383
2.04685
2.05084
2.05514
2.0593
2.06315
2.0668
2.07046
2.07433
2.07846
2.08273
2.08688
2.09055
2.09346
2.09537
2.09621
2.09601
2.09497
2.0934
2.09163
2.09002
2.0888
2.08804
2.08766
2.08744
2.08709
2.08636
2.08503
2.08298
2.08019
2.07671
2.07265
2.06821
2.06361
2.0591
2.05489
2.05114
2.04791
2.04517
2.04282
2.04073
2.03876
2.03683
2.03498
2.03334
2.03208
2.03138
2.03132
2.03181
2.03263
2.03347
2.034
2.03401
2.03338
2.03215
2.03047
2.02861
2.02687
2.02551
2.02472
2.02454
2.02493
2.02576
2.02687
2.02815
2.02953
2.03098
2.03248
2.03401
2.03553
2.03695
2.03819
2.03914
2.03968
2.03971
2.03918
2.03805
2.03636
2.03425
2.03192
2.02965
2.02775
2.02644
2.02581
2.02576
2.026
2.02615
2.02586
2.02492
2.02332
2.02133
2.01938
2.01802
2.01768
2.01855
2.02052
2.02313
2.02576
2.02775
2.02859
2.028
2.02597
2.0228
2.0189
2.01464
2.0102
2.00549
2.00032
1.99457
1.98836
1.9822
1.97701
1.97393
1.97394
1.9775
1.9844
1.99393
2.0052
2.01729
2.02936
2.04067
2.05071
2.05913
2.06585
2.07091
2.07451
2.07684
2.07814
2.0786
2.0784
2.07768
2.07653
2.07504
2.07325
2.0712
2.06889
2.06632
2.06345
2.06023
2.0566
2.05249
2.04785
2.04272
2.0373
2.032
2.02743
2.02431
2.02321
2.02433
2.0274
2.03176
2.03665
2.04138
2.04549
2.04876
2.05112
2.0526
2.05329
2.0533
2.05273
2.05172
2.05039
2.0489
2.04739
2.04605
2.04501
2.0444
2.0443
2.04475
2.04571
2.04712
2.04888
2.05086
2.05295
2.05501
2.05695
2.05867
2.0601
2.06118
2.06191
2.06227
2.0623
2.06206
2.06163
2.06113
2.06061
2.06015
2.05974
2.05935
2.0589
2.05833
2.05759
2.05674
2.05594
2.05544
2.05558
2.05663
2.05879
2.06203
2.06616
2.0708
2.07553
2.07991
2.08359
2.0863
2.0879
2.08833
2.08764
2.08599
2.08362
2.08083
2.07794
2.07521
2.07276
2.07051
2.0682
2.06553
2.06222
2.05832
2.05422
2.05057
2.0479
2.04636
2.04574
2.04591
2.04726
2.0506
2.05647
2.06457
2.07377
2.08267
2.0902
2.09587
2.09967
2.1019
2.10296
2.10326
2.10317
2.10294
2.10273
2.10261
2.10257
2.10252
2.10232
2.10185
2.10094
2.09949
2.0974
2.09465
2.09126
2.0873
2.0829
2.07822
2.07342
2.06861
2.06376
2.0587
2.05295
2.04575
2.03612
2.02333
2.00786
1.99271
1.98351
1.9855
1.99905
2.01915
2.03945
2.05597
2.06759
2.07482
2.07869
2.0802
2.0801
2.07897
2.07718
2.075
2.07259
2.07008
2.06753
2.06498
2.06243
2.05989
2.05733
2.05475
2.05215
2.04956
2.04704
2.04465
2.0425
2.04065
2.03916
2.03801
2.03712
2.03632
2.03537
2.03395
2.03165
2.02801
2.02253
2.0148
2.00472
1.99294
1.98131
1.97272
1.97009
1.97454
1.98458
1.99713
2.00924
2.01912
2.02613
2.03038
2.0322
2.03202
2.03016
2.02689
2.02242
2.01696
2.01081
2.00439
1.99834
1.99341
1.99034
1.98957
1.99108
1.99436
1.99857
2.00281
2.00632
2.0086
2.0094
2.00866
2.00651
2.00316
1.99894
1.99418
1.98923
1.98437
1.9798
1.97554
1.97156
1.9678
1.96425
1.96104
1.95847
1.95697
1.95696
1.95876
1.96246
1.96789
1.9747
1.98244
1.99062
1.99872
2.00629
2.01292
2.01835
2.02244
2.02516
2.02663
2.02702
2.02655
2.0255
2.02415
2.02274
2.0215
2.02059
2.02007
2.01995
2.02018
2.02066
2.02129
2.02197
2.02263
2.02321
2.02368
2.02404
2.02428
2.02443
2.02449
2.02447
2.02436
2.02415
2.02381
2.02332
2.02262
2.02168
2.02047
2.01901
2.01733
2.01552
2.01371
2.01203
2.01066
2.00973
2.00932
2.00943
2.00999
2.01086
2.01184
2.01274
2.01339
2.0137
2.01367
2.01345
2.0133
2.01354
2.01448
2.01631
2.01902
2.02242
2.02621
2.03002
2.03354
2.03655
2.03891
2.04058
2.04156
2.0419
2.04168
2.04099
2.03994
2.03866
2.03729
2.03599
2.03495
2.03437
2.03444
2.03536
2.03722
2.04008
2.04385
2.04841
2.05356
2.05907
2.06475
2.07041
2.07589
2.0811
2.08591
2.09024
2.09397
2.09696
2.09904
2.09996
2.09942
2.09709
2.09268
2.08606
2.07751
2.06796
2.05905
2.05285
2.05098
2.05387
2.06044
2.06874
2.07675
2.08297
2.08653
2.08714
2.08489
2.08016
2.07363
2.06624
2.0593
2.05436
2.05289
2.05559
2.062
2.07064
2.07971
2.08782
2.09437
2.09943
2.10347
2.10707
2.11066
2.11446
2.11841
2.12226
2.12567
2.12822
2.12955
2.12935
2.12748
2.12398
2.1192
2.1138
2.10868
2.10475
2.10263
2.10249
2.10397
2.10645
2.10928
2.11194
2.11408
2.1155
2.11601
2.11541
2.11338
2.10955
2.10354
2.09519
2.08494
2.07419
2.06519
2.06024
2.06024
2.06409
2.06931
2.0735
2.07533
2.07466
2.07231
2.06959
2.06781
2.06787
2.07006
2.07405
2.07918
2.08469
2.08998
2.09464
2.09844
2.10131
2.10325
2.1043
2.10454
2.10403
2.10285
2.10108
2.09879
2.09604
2.09292
2.08953
2.08598
2.08243
2.07903
2.07596
2.0734
2.07152
2.07041
2.07012
2.07059
2.07168
2.07321
2.07494
2.07666
2.07816
2.07928
2.07988
2.07985
2.0791
2.07755
2.07513
2.07179
2.06751
2.06231
2.05623
2.04934
2.04171
2.03345
2.0247
2.01572
2.00703
1.99944
1.99397
1.99164
1.99302
1.99806
2.00606
2.01596
2.02662
2.03716
2.04693
2.05556
2.06287
2.06879
2.07331
2.07638
2.07786
2.07748
2.07476
2.06903
2.05951
2.04569
2.0282
2.00975
1.99524
1.98943
1.99331
2.00325
2.01399
2.02185
2.0256
2.02572
2.02336
2.01984
2.01629
2.0135
2.01186
2.01142
2.01202
2.01337
2.01525
2.01742
2.01969
2.02188
2.02383
2.0254
2.02654
2.02719
2.02737
2.02712
2.02652
2.02562
2.0245
2.02323
2.02186
2.02045
2.01905
2.01769
2.0164
2.01521
2.01413
2.0132
2.01241
2.01179
2.01135
2.01109
2.01102
2.01112
2.01139
2.01179
2.01231
2.01293
2.0136
2.01431
2.01506
2.01582
2.01658
2.01733
2.01801
2.01858
2.01894
2.01901
2.01872
2.01802
2.01696
2.01564
2.01427
2.01313
2.0125
2.01264
2.01363
2.01543
2.01779
2.02037
2.02278
2.02468
2.02582
2.02608
2.02548
2.02414
2.02228
2.0201
2.01778
2.01545
2.01319
2.01103
2.00901
2.00718
2.00563
2.00444
2.00366
2.00326
2.00309
2.00291
2.00246
2.00156
2.00018
1.99854
1.997
1.99605
1.99615
1.99758
2.00043
2.00452
2.0095
2.01492
2.02034
2.02535
2.02965
2.03301
2.03526
2.0363
2.03603
2.03441
2.0314
2.02703
2.02139
2.01469
2.00723
1.99943
1.99175
1.98466
1.97859
1.97388
1.9708
1.96948
1.96993
1.972
1.97544
1.97992
1.98507
1.99051
1.99585
2.0008
2.00515
2.0088
2.01174
2.01403
2.01576
2.01702
2.01787
2.01837
2.01852
2.01831
2.01773
2.01675
2.01535
2.01352
2.01129
2.00871
2.00588
2.00295
2.00013
1.99765
1.99572
1.9945
1.99407
1.99437
1.99528
1.99661
1.99816
1.99975
2.00125
2.0026
2.00378
2.00478
2.00564
2.00639
2.00708
2.00773
2.00837
2.00901
2.00966
2.01031
2.01094
2.01151
2.01196
2.01223
2.01226
2.012
2.01141
2.01051
2.00936
2.00809
2.00686
2.00587
2.0053
2.00528
2.00587
2.00706
2.00877
2.0109
2.01332
2.01592
2.01861
2.02127
2.0238
2.0261
2.02804
2.02949
2.03032
2.0304
2.0296
2.02784
2.02509
2.0214
2.01695
2.01209
2.00728
2.00309
1.99999
1.99826
1.99784
1.9984
1.99947
2.0006
2.00154
2.00235
2.00336
2.00504
2.00777
2.01166
2.01642
2.02153
2.02637
2.03047
2.03356
2.03559
2.03666
2.03692
2.0365
2.03542
2.03356
2.03067
2.02648
2.02094
2.01442
2.00795
2.00307
2.00126
2.0032
2.00844
2.01573
2.02374
2.03159
2.03885
2.04539
2.05117
2.0561
2.06001
2.06267
2.06377
2.06293
2.05962
2.05324
2.04327
2.02964
2.0134
1.99721
1.98476
1.97878
1.97907
1.98292
1.98741
1.99122
1.99467
1.99854
2.00327
2.00868
2.0143
2.01977
2.02483
2.02934
2.03315
2.03613
2.03819
2.03936
2.03976
2.03968
2.03942
2.03932
2.03966
2.04057
2.04205
2.04393
2.04596
2.04791
2.04957
2.05086
2.05177
2.05232
2.05254
2.05244
2.05195
2.05098
2.04944
2.04729
2.04456
2.04139
2.038
2.03465
2.03156
2.0288
2.02625
2.02365
2.02066
2.01697
2.01245
2.0072
2.00159
1.99623
1.9918
1.98882
1.98752
1.98775
1.98914
1.99127
1.99377
1.99646
1.99939
2.00271
2.00657
2.01096
2.01564
2.02024
2.02436
2.02766
2.02999
2.03128
2.03162
2.03113
2.02998
2.02835
2.02644
2.02445
2.02255
2.02091
2.01968
2.01893
2.01871
2.019
2.01973
2.0208
2.0221
2.02349
2.02487
2.02613
2.02715
2.02785
2.02814
2.02794
2.0272
2.0259
2.02405
2.02175
2.01913
2.01635
2.01355
2.01077
2.00793
2.00484
2.00125
1.99694
1.99182
1.98592
1.97936
1.97244
1.96568
1.96009
1.95714
1.95829
1.96407
1.97348
1.98433
1.99431
2.00188
2.00646
2.00826
2.0079
2.00621
2.00397
2.0019
2.00052
2.0001
2.00058
2.00154
2.00225
2.00186
1.9996
1.99508
1.98848
1.98072
1.9733
1.96797
1.96622
1.9688
1.97548
1.98504
1.9957
2.00578
2.01412
2.02024
2.02417
2.02623
2.02683
2.02633
2.02503
2.02308
2.02055
2.01746
2.01383
2.00975
2.00545
2.00127
1.99767
1.99504
1.99356
1.99312
1.99338
1.99388
1.99429
1.99447
1.99446
1.99447
1.99471
1.99535
1.99641
1.99779
1.99926
2.00053
2.00134
2.00158
2.00132
2.00083
2.00054
2.00087
2.00209
2.00421
2.00698
2.01
2.01285
2.01521
2.01687
2.01776
2.01788
2.01732
2.01616
2.01452
2.01253
2.01036
2.00818
2.00619
2.00457
2.0034
2.0027
2.00234
2.00208
2.00164
2.00076
1.99926
1.99714
1.99457
1.99194
1.98973
1.98847
1.98854
1.99012
1.99314
1.99731
2.00224
2.00751
2.01277
2.01776
2.02227
2.02615
2.02931
2.03166
2.03315
2.03372
2.03333
2.03193
2.02953
2.02617
2.02202
2.01737
2.01267
2.00847
2.00534
2.00365
2.00351
2.00469
2.00671
2.00904
2.01118
2.0128
2.01375
2.014
2.01364
2.01278
2.01153
2.00999
2.00822
2.00629
2.00423
2.00214
2.00013
1.99835
1.99697
1.99614
1.99602
1.99667
1.99812
2.00029
2.00308
2.00632
2.00983
2.01343
2.01693
2.02018
2.02304
2.0254
2.02713
2.02813
2.02825
2.02734
2.02519
2.02156
2.01624
2.00913
2.00046
1.99102
1.98226
1.97607
1.97402
1.97653
1.98261
1.99041
1.99815
2.00461
2.00923
2.01193
2.01285
2.01223
2.0103
2.00729
2.0034
1.99885
1.99388
1.98873
1.98369
1.97907
1.97516
1.97222
1.97043
1.96985
1.97047
1.97211
1.97456
1.9775
1.98063
1.98367
1.98637
1.98858
1.99019
1.99119
1.99162
1.99156
1.99115
1.9905
1.98975
1.98901
1.98836
1.98786
1.98755
1.98744
1.98752
1.9878
1.98824
1.98881
1.98949
1.99021
1.99094
1.99164
1.99228
1.99286
1.99343
1.99402
1.99471
1.99555
1.99659
1.9978
1.99913
2.00044
2.00157
2.00233
2.00254
2.00204
2.00074
1.99863
1.99582
1.99254
1.9891
1.9859
1.98336
1.9819
1.98192
1.98371
1.9874
1.99289
1.99978
2.00749
2.01533
2.02268
2.02906
2.03419
2.03795
2.04034
2.04141
2.04127
2.04001
2.03769
2.03436
2.03006
2.02479
2.01859
2.01154
2.00378
1.99556
1.98724
1.97932
1.97239
1.96712
1.96404
1.9634
1.96503
1.96834
1.97256
1.97707
1.98162
1.98632
1.99149
1.99738
2.00407
2.01146
2.01937
2.0276
2.03593
2.04414
2.05199
2.05921
2.06559
2.07095
2.07526
2.07857
2.08101
2.08281
2.08418
2.08536
2.08649
2.08767
2.08888
2.09002
2.09097
2.0916
2.09185
2.09172
2.09132
2.09084
2.09053
2.09064
2.0913
2.09245
2.09377
2.09479
2.09495
2.0938
2.09101
2.08642
2.07997
2.07177
2.06247
2.0535
2.04702
2.04509
2.04835
2.05565
2.0648
2.07391
2.08194
2.08865
2.09419
2.0988
2.1026
2.10556
2.10758
2.10848
2.10813
2.10641
2.10333
2.09899
2.09366
2.08776
2.08185
2.07651
2.07225
2.06936
2.06787
2.06761
2.06827
2.06952
2.07107
2.07265
2.07406
2.07506
2.07545
2.07501
2.07357
2.07101
2.06734
2.06271
2.05748
2.0522
2.04758
2.04424
2.0426
2.04267
2.04411
2.04636
2.04888
2.05126
2.05328
2.05485
2.056
2.05678
2.05721
2.05728
2.05693
2.05604
2.05451
2.05222
2.04911
2.04526
2.04089
2.03644
2.0325
2.0297
2.02847
2.02888
2.03057
2.03288
2.03504
2.03635
2.03624
2.03431
2.03024
2.02387
2.01516
2.00443
1.99238
1.98024
1.96951
1.96166
1.95775
1.95817
1.9626
1.96998
1.97871
1.98712
1.99394
1.99859
2.00118
2.00224
2.00249
2.00259
2.00299
2.00385
2.00514
2.00665
2.00814
2.0094
2.0103
2.0108
2.01093
2.01079
2.01051
2.01021
2.01
2.00999
2.01022
2.01071
2.01144
2.01235
2.0134
2.0145
2.01559
2.01661
2.01753
2.01831
2.01893
2.01939
2.01971
2.01989
2.01994
2.0199
2.01976
2.01955
2.01927
2.01893
2.01853
2.01808
2.01758
2.01703
2.01643
2.01579
2.01513
2.01446
2.01379
2.01313
2.0125
2.01189
2.0113
2.01071
2.01011
2.00952
2.00896
2.0085
2.00822
2.00821
2.00858
2.00942
2.01077
2.01267
2.01507
2.0179
2.02101
2.02419
2.02722
2.02987
2.03191
2.03317
2.03353
2.03296
2.03151
2.02932
2.02658
2.02346
2.0201
2.01649
2.01248
2.00779
2.00222
1.99581
1.98915
1.98346
1.98041
1.98151
1.9874
1.99746
2.01019
2.02381
2.03686
2.04839
2.05794
2.06536
2.07071
2.07415
2.07587
2.07607
2.07498
2.07277
2.06965
2.06578
2.06137
2.05664
2.05181
2.04716
2.04296
2.03947
2.03692
2.03546
2.03516
2.03601
2.0379
2.04065
2.044
2.04767
2.05132
2.05464
2.05732
2.05909
2.05976
2.05917
2.05729
2.05414
2.04987
2.04467
2.0388
2.03251
2.02602
2.01949
2.01309
2.0071
2.00212
1.99912
1.9992
2.00298
2.0101
2.01922
2.02872
2.03726
2.04413
2.04922
2.05276
2.05517
2.05686
2.05819
2.05944
2.06074
2.06213
2.06354
2.06482
2.06575
2.06602
2.06528
2.0631
2.05895
2.05232
2.04293
2.0311
2.01826
2.00707
2.00056
2.00042
2.0059
2.01438
2.02314
2.03052
2.03609
2.04017
2.04335
2.04617
2.04905
2.05215
2.05552
2.05904
2.06254
2.06579
2.06857
2.07066
2.07186
2.07197
2.07075
2.06802
2.06356
2.05728
2.0492
2.03966
2.02932
2.01923
2.01062
2.00456
2.00162
2.00173
2.00424
2.00827
2.01295
2.0176
2.0217
2.02483
2.02666
2.02699
2.02594
2.02403
2.02216
2.02131
2.02213
2.0246
2.02808
2.03181
2.03528
2.03836
2.04126
2.0442
2.04723
2.0502
2.05281
2.05478
2.05596
2.0563
2.05592
2.05498
2.05363
2.05189
2.04969
2.04682
2.04304
2.03821
2.03252
2.02658
2.0214
2.01813
2.01752
2.01957
2.02348
2.02806
2.03223
2.03529
2.03704
2.03766
2.03759
2.03732
2.03728
2.03765
2.03833
2.03902
2.0394
2.03927
2.03868
2.03794
2.03742
2.03747
2.03826
2.03981
2.04205
2.04485
2.04806
2.05149
2.0549
2.05802
2.06065
2.06263
2.06394
2.06466
2.06497
2.06506
2.06516
2.06542
2.0659
2.06659
2.06742
2.06822
2.06887
2.06922
2.06918
2.0687
2.06776
2.06636
2.06457
2.06243
2.06004
2.05752
2.05503
2.05275
2.0509
2.04968
2.04927
2.04978
2.05124
2.05359
2.05667
2.0603
2.06424
2.06823
2.07201
2.07531
2.07789
2.07955
2.08012
2.07955
2.07786
2.07525
2.07204
2.06869
2.06569
2.06346
2.06225
2.06209
2.06277
2.06396
2.06522
2.06612
2.06624
2.06532
2.06336
