0.0644548
0.0632723
0.0618065
0.0602595
0.0588406
0.057719
0.0570064
0.0567565
0.0569702
0.0576123
0.0586162
0.0599025
0.0613866
0.0629947
0.0646722
0.0663856
0.0681291
0.0699076
0.0717236
0.0735661
0.0754011
0.0771758
0.0788204
0.080239
0.0813147
0.0819061
0.0818852
0.0811738
0.0797794
0.0777994
0.0754044
0.0728
0.0701889
0.067738
0.0655604
0.0637216
0.0622489
0.0611435
0.0603946
0.0599802
0.0598687
0.0600121
0.0603476
0.0607996
0.0612784
0.061703
0.0620003
0.0621259
0.0620612
0.061816
0.061423
0.0609234
0.0603636
0.0597786
0.0591883
0.058599
0.0580059
0.0573986
0.0567722
0.0561296
0.0554829
0.0548491
0.0542479
0.0536917
0.0531833
0.0527188
0.0522842
0.0518686
0.0514674
0.0510796
0.0507111
0.0503698
0.0500616
0.049789
0.0495488
0.0493315
0.0491229
0.0489086
0.0486726
0.0484044
0.0480978
0.0477553
0.0473863
0.0470093
0.0466416
0.0463107
0.0460421
0.0458605
0.0457922
0.0458576
0.0460714
0.0464457
0.046983
0.0476724
0.048496
0.0494157
0.0503799
0.0513318
0.0522141
0.0529823
0.0536191
0.0541378
0.0545861
0.0550338
0.0555563
0.0562281
0.0571011
0.0581951
0.0594804
0.0608689
0.0622001
0.0632661
0.0638497
0.0637867
0.063028
0.0616634
0.0598859
0.0579452
0.056078
0.0544798
0.0532854
0.0525797
0.0524053
0.0527652
0.0536263
0.0549161
0.0565101
0.0582186
0.0597764
0.0608624
0.0611951
0.0606677
0.0594516
0.0579489
0.0566432
0.0559294
0.0560442
0.0570565
0.0588997
0.0613954
0.0642779
0.0672224
0.0698774
0.0719243
0.0731152
0.0733112
0.0725008
0.0708111
0.0684746
0.0657788
0.0630028
0.0603699
0.0580208
0.0560174
0.0543605
0.0530098
0.0519045
0.0509822
0.0501848
0.0494694
0.0488092
0.048189
0.0476091
0.047072
0.0465861
0.0461545
0.0457826
0.0454699
0.0452165
0.0450217
0.0448869
0.0448156
0.0448144
0.0448935
0.0450697
0.0453645
0.0458077
0.0464339
0.0472862
0.0484043
0.0498154
0.0515149
0.053442
0.0554513
0.0573218
0.0587897
0.0596425
0.0597981
0.0593401
0.0584656
0.0573999
0.056323
0.0553503
0.0545315
0.0538743
0.0533603
0.0529572
0.0526329
0.0523579
0.0521209
0.0519212
0.0517684
0.0516806
0.0516697
0.0517419
0.0518849
0.0520726
0.0522553
0.0523753
0.0523728
0.0521978
0.0518183
0.0512341
0.0504724
0.0495817
0.0486262
0.0476705
0.0467692
0.0459622
0.0452778
0.0447258
0.0443059
0.044008
0.0438192
0.0437202
0.0436939
0.0437228
0.043793
0.0438971
0.044026
0.0441786
0.0443547
0.0445523
0.0447685
0.0449972
0.0452296
0.045457
0.0456732
0.0458789
0.0460831
0.0463051
0.0465754
0.0469277
0.0474024
0.0480361
0.0488682
0.0499315
0.0512536
0.0528505
0.0547165
0.0568078
0.05903
0.0612242
0.0631777
0.0646643
0.0654997
0.0655864
0.0649311
0.0636251
0.0618096
0.0596522
0.0573326
0.0550286
0.0529
0.0510717
0.0496309
0.0486249
0.0480703
0.0479607
0.0482783
0.0489922
0.0500585
0.0514209
0.0530056
0.0547126
0.056413
0.0579553
0.0591738
0.0599162
0.0600894
0.0596908
0.0588184
0.0576401
0.0563499
0.0551155
0.0540552
0.0532242
0.0526219
0.0522093
0.0519178
0.0516705
0.0513975
0.0510501
0.0506118
0.0500985
0.0495468
0.0490016
0.0485018
0.0480691
0.0477076
0.0474025
0.0471296
0.0468628
0.0465782
0.0462612
0.045911
0.0455329
0.0451444
0.0447593
0.0443941
0.0440603
0.0437672
0.0435152
0.0433034
0.0431302
0.0429933
0.0428902
0.042822
0.0427951
0.0428149
0.0428932
0.0430382
0.0432609
0.0435681
0.0439619
0.0444376
0.0449849
0.0455786
0.0461892
0.0467777
0.047307
0.0477445
0.0480737
0.0482889
0.0484076
0.0484596
0.048479
0.0485001
0.0485517
0.048651
0.0488057
0.0490158
0.0492771
0.0495823
0.0499259
0.0503037
0.0507096
0.051137
0.0515726
0.0519957
0.0523799
0.0526953
0.0529141
0.0530159
0.0529925
0.0528439
0.0525792
0.0522039
0.0517227
0.0511349
0.0504398
0.0496449
0.0487699
0.0478471
0.0469182
0.0460278
0.0452161
0.0445145
0.0439452
0.0435215
0.043244
0.0431101
0.0431049
0.0432159
0.0434213
0.0436983
0.0440239
0.0443791
0.044752
0.0451416
0.0455577
0.0460232
0.0465694
0.0472228
0.0480077
0.0489346
0.0499916
0.0511441
0.0523342
0.0534833
0.0544991
0.0552938
0.0557885
0.0559393
0.0557325
0.0551989
0.0544
0.0534174
0.0523408
0.0512502
0.0502076
0.0492525
0.048408
0.047679
0.0470662
0.0465708
0.0461966
0.0459586
0.0458825
0.0460006
0.0463523
0.0469758
0.0479084
0.0491775
0.050798
0.052757
0.0550135
0.0574879
0.060056
0.0625689
0.0648658
0.0668113
0.068313
0.0693303
0.0698586
0.0699084
0.0694924
0.0686212
0.0673061
0.0655672
0.0634346
0.0609659
0.0582511
0.0554224
0.0526306
0.0500193
0.0477027
0.0457513
0.0441948
0.0430313
0.0422401
0.0417882
0.0416359
0.0417403
0.0420538
0.042523
0.0430938
0.0437058
0.0443016
0.0448305
0.0452536
0.0455478
0.0457095
0.0457508
0.0456967
0.045583
0.0454545
0.0453554
0.0453322
0.0454282
0.04568
0.0461137
0.0467468
0.0475873
0.0486355
0.0498859
0.051332
0.0529687
0.0547972
0.0568277
0.0590755
0.0615606
0.0642972
0.0672667
0.0703832
0.0734398
0.0761031
0.0779789
0.0787741
0.0784397
0.0771639
0.0752283
0.0728596
0.0701981
0.0673384
0.0643797
0.061446
0.0586718
0.0561768
0.0540451
0.0523215
0.0510124
0.0500876
0.0494965
0.0491652
0.0490041
0.0489111
0.0487845
0.0485455
0.0481456
0.0475818
0.046888
0.0461227
0.045352
0.0446308
0.0439996
0.0434795
0.0430738
0.0427784
0.0425827
0.0424685
0.0424184
0.0424163
0.0424473
0.0425005
0.042567
0.0426415
0.042723
0.0428148
0.0429209
0.0430514
0.0432167
0.0434302
0.0437042
0.0440548
0.0444978
0.0450523
0.0457415
0.0465873
0.0476164
0.0488446
0.0502729
0.0518676
0.0535469
0.0551828
0.0566133
0.0576964
0.0583536
0.0585976
0.0585154
0.0582128
0.0577658
0.0572043
0.0565305
0.0557431
0.0548648
0.0539552
0.053089
0.0523489
0.0518091
0.0515251
0.0515305
0.0518377
0.0524395
0.0533041
0.0543802
0.0555982
0.0568864
0.05818
0.0594434
0.0606785
0.0619269
0.0632552
0.0647338
0.0664053
0.0682611
0.0702133
0.0720872
0.0736283
0.0745543
0.0746386
0.073794
0.0721072
0.0697931
0.0671137
0.0642996
0.0615196
0.0588851
0.0564612
0.0542879
0.0523905
0.0507849
0.0494743
0.0484552
0.0477141
0.0472288
0.0469638
0.0468741
0.0469018
0.0469781
0.0470276
0.0469784
0.0467819
0.0464138
0.0458894
0.0452475
0.044542
0.0438305
0.0431609
0.0425627
0.0420464
0.0416083
0.0412366
0.0409129
0.040617
0.0403296
0.0400384
0.0397363
0.039421
0.0390999
0.0387822
0.0384807
0.0382091
0.0379819
0.0378112
0.0377081
0.0376831
0.0377426
0.0378918
0.0381341
0.03847
0.038894
0.0393979
0.0399676
0.0405837
0.0412197
0.0418478
0.0424405
0.0429751
0.0434359
0.0438209
0.0441372
0.0443988
0.0446265
0.0448375
0.0450447
0.0452555
0.0454659
0.045668
0.0458513
0.0460046
0.0461219
0.0462032
0.0462576
0.0463011
0.0463593
0.04646
0.0466379
0.0469235
0.0473501
0.0479469
0.0487366
0.0497341
0.0509435
0.0523438
0.053884
0.0554694
0.0569576
0.0581725
0.0589443
0.0591686
0.0588469
0.0580962
0.0571106
0.0560983
0.0552354
0.0546381
0.0543624
0.0544033
0.0547009
0.0551507
0.0556059
0.0559091
0.0559178
0.0555417
0.0547669
0.0536659
0.0523733
0.0510551
0.0498711
0.0489526
0.0483944
0.0482513
0.0485466
0.0492719
0.0503835
0.0517881
0.0533397
0.0548482
0.0561248
0.0570499
0.0576255
0.0579885
0.0583452
0.0588835
0.0597004
0.0607617
0.0619033
0.0628747
0.0634129
0.0633247
0.062553
0.0611779
0.0593823
0.0573802
0.0553609
0.0534656
0.0517911
0.0503991
0.0493368
0.0486361
0.0483257
0.0484223
0.0489325
0.0498441
0.0511276
0.0527266
0.0545631
0.0565388
0.0585496
0.0604878
0.0622472
0.0637155
0.0647658
0.0652574
0.0650602
0.0641
0.0624081
0.0601361
0.0575241
0.0548374
0.052308
0.0501015
0.0483177
0.047006
0.0461878
0.0458641
0.0460232
0.04664
0.0476659
0.049028
0.0506155
0.0522869
0.0538734
0.0552073
0.0561453
0.0565926
0.0565138
0.0559371
0.0549394
0.0536389
0.0521743
0.0506934
0.049332
0.0482088
0.0474162
0.0470253
0.0470805
0.0476028
0.0485901
0.0500062
0.0517784
0.053782
0.0558507
0.0577918
0.0594311
0.0606623
0.0614863
0.0620036
0.0623677
0.062725
0.0631659
0.0637116
0.0643197
0.0649072
0.0653826
0.0656745
0.0657722
0.065748
0.0657428
0.0658934
0.0662445
0.066696
0.0670196
0.0669554
0.0663133
0.0650525
0.0632701
0.0611555
0.0589224
0.0567642
0.0548306
0.053218
0.0519735
0.0511033
0.0505844
0.0503761
0.0504216
0.0506475
0.0509636
0.0512638
0.0514411
0.0514076
0.0511139
0.0505611
0.0497952
0.0488852
0.0479033
0.0469067
0.0459282
0.044987
0.0440891
0.0432357
0.0424276
0.0416672
0.0409583
0.0403042
0.0397092
0.0391729
0.0386938
0.0382683
0.037895
0.0375703
0.0372916
0.0370601
0.0368823
0.0367656
0.0367228
0.0367694
0.0369228
0.0372021
0.0376258
0.0382123
0.0389768
0.0399304
0.0410768
0.0424095
0.0439073
0.0455332
0.0472276
0.0489156
0.050511
0.0519249
0.0530854
0.053949
0.0545102
0.0547917
0.0548413
0.0547144
0.0544626
0.0541325
0.0537762
0.0534567
0.053253
0.0532429
0.0534933
0.0540416
0.0548854
0.0559847
0.0572802
0.0587103
0.0602265
0.0617823
0.0633078
0.0646814
0.0657334
0.0662955
0.0662984
0.0658322
0.0651308
0.0644619
0.0640214
0.0638693
0.0639542
0.0641811
0.0644752
0.064818
0.0652233
0.0656985
0.0662117
0.0666987
0.0670854
0.0673129
0.0673432
0.0671428
0.0666807
0.06593
0.0648863
0.0635821
0.062091
0.0605109
0.0589374
0.0574412
0.0560581
0.0547902
0.0536215
0.052533
0.0515165
0.0505765
0.0497325
0.0490159
0.0484574
0.0480899
0.0479435
0.0480418
0.0484008
0.0490252
0.0498894
0.0509288
0.0520234
0.0530041
0.053674
0.0538676
0.0535036
0.0526261
0.0513833
0.0499793
0.0486153
0.0474455
0.0465654
0.0460195
0.0458062
0.0458946
0.0462308
0.0467459
0.0473681
0.0480296
0.0486805
0.0492916
0.0498566
0.0503819
0.0508865
0.051391
0.0519183
0.0524945
0.0531424
0.0538865
0.0547475
0.0557388
0.0568668
0.0581298
0.0595189
0.0610192
0.062615
0.0642906
0.0660427
0.0678831
0.0698412
0.0719544
0.074262
0.0767969
0.0795912
0.0826275
0.0857165
0.0882856
0.0893754
0.0881879
0.0848452
0.0804608
0.0763675
0.0733873
0.0716755
0.0709062
0.0705128
0.0698938
0.0685866
0.0664061
0.0635047
0.0602909
0.0572478
0.054772
0.0530833
0.0522151
0.0520523
0.0523808
0.0529429
0.0535056
0.0539338
0.0542215
0.0544773
0.0548641
0.0555447
0.0566406
0.0582304
0.0603511
0.0629868
0.0660508
0.0693598
0.0726496
0.0756366
0.0780782
0.0797975
0.0806546
0.0805815
0.0796401
0.0780061
0.075863
0.0733211
0.0704338
0.0672761
0.0640001
0.0608117
0.0579145
0.0554551
0.053504
0.0520614
0.05108
0.0504887
0.0502123
0.0501832
0.0503464
0.0506667
0.0511197
0.051693
0.0523739
0.053148
0.0539938
0.0548793
0.0557645
0.0565992
0.0573323
0.0579113
0.0582847
0.0584013
0.0582177
0.0577046
0.0568579
0.0557042
0.0543021
0.0527296
0.051075
0.0494204
0.0478315
0.0463641
0.0450566
0.04394
0.0430373
0.0423726
0.041964
0.0418325
0.0419931
0.0424584
0.0432318
0.0443012
0.045636
0.0471792
0.0488464
0.0505303
0.052111
0.0534748
0.0545297
0.0552173
0.0555186
0.0554511
0.0550656
0.0544333
0.053638
0.052755
0.0518504
0.050966
0.0501273
0.0493511
0.0486522
0.0480469
0.0475608
0.0472226
0.0470627
0.0471065
0.0473725
0.0478645
0.04857
0.0494612
0.0504892
0.0515896
0.0526783
0.0536681
0.0544697
0.055006
0.05522
0.0550942
0.0546485
0.0539482
0.0530972
0.0522185
0.0514375
0.0508597
0.0505623
0.0505933
0.0509639
0.0516511
0.0526036
0.0537394
0.0549534
0.0561258
0.0571375
0.0578867
0.0583054
0.0583719
0.0581113
0.0575888
0.0568942
0.0561212
0.0553495
0.0546349
0.0540008
0.053443
0.0529335
0.0524309
0.0518904
0.0512773
0.0505742
0.0497805
0.0489143
0.048005
0.047089
0.0462011
0.0453737
0.0446342
0.044006
0.0435085
0.0431608
0.0429811
0.042989
0.0432081
0.0436594
0.0443682
0.0453515
0.0466223
0.0481751
0.0499774
0.0519652
0.0540333
0.0560373
0.0578197
0.0592325
0.0601745
0.0606109
0.0605738
0.0601416
0.0594113
0.0584748
0.0574143
0.0563007
0.0551906
0.0541321
0.0531532
0.0522653
0.0514668
0.050749
0.050101
0.0495166
0.0489948
0.0485413
0.0481652
0.0478748
0.0476734
0.0475641
0.0475452
0.0476151
0.0477793
0.0480451
0.0484272
0.0489321
0.0495532
0.0502535
0.0509623
0.0515845
0.0520267
0.0522406
0.0522392
0.0521038
0.0519489
0.0518775
0.0519414
0.0521219
0.052337
0.052472
0.0524253
0.0521528
0.0516831
0.0511042
0.0505363
0.0500877
0.0498457
0.0498588
0.0501491
0.0507144
0.0515336
0.0525737
0.0537896
0.055123
0.0565043
0.057859
0.0591074
0.0601749
0.0609946
0.0615219
0.0617237
0.0615963
0.0611646
0.0604841
0.0596346
0.0587034
0.057769
0.0568765
0.0560353
0.0552154
0.054367
0.0534378
0.0523925
0.0512294
0.0499818
0.0487003
0.0474472
0.0462797
0.0452437
0.0443679
0.0436722
0.0431656
0.0428524
0.0427297
0.0427976
0.0430552
0.0434976
0.0441208
0.044917
0.045875
0.046971
0.048176
0.0494454
0.0507278
0.0519593
0.053073
0.0540059
0.0547066
0.0551459
0.0553195
0.0552441
0.0549606
0.0545215
0.0539822
0.0533948
0.0528034
0.0522388
0.0517241
0.0512747
0.0509028
0.0506212
0.050448
0.0504018
0.0505072
0.050789
0.0512681
0.0519511
0.0528312
0.0538817
0.055048
0.0562493
0.0573744
0.0582851
0.0588393
0.0589144
0.0584501
0.0574784
0.0561285
0.0545999
0.0531146
0.0518652
0.0509905
0.0505596
0.0505696
0.0509597
0.0516293
0.0524542
0.0533089
0.0540986
0.0547759
0.0553417
0.0558386
0.0563205
0.0568248
0.0573449
0.0578312
0.0581954
0.0583484
0.0582326
0.0578518
0.0572872
0.056686
0.0562293
0.0560796
0.056325
0.0569294
0.0577087
0.0583835
0.0586968
0.0585431
0.058008
0.0572797
0.05651
0.0557287
0.054875
0.0538751
0.0527162
0.051464
0.0502292
0.0491126
0.0481783
0.047443
0.0468912
0.0464902
0.046203
0.0459989
0.0458595
0.0457757
0.0457461
0.0457781
0.0458787
0.046055
0.0463152
0.0466613
0.0470906
0.0475957
0.0481647
0.0487805
0.0494192
0.0500557
0.05066
0.0511999
0.0516479
0.051976
0.0521647
0.0522012
0.052084
0.0518192
0.0514232
0.0509196
0.0503337
0.0496958
0.04903
0.0483605
0.0477099
0.047096
0.046538
0.0460539
0.0456626
0.045387
0.0452569
0.0453068
0.0455762
0.0461105
0.0469559
0.0481574
0.049747
0.0517355
0.0540873
0.0567122
0.0594521
0.0620934
0.0643991
0.0661681
0.067287
0.0677527
0.0676311
0.0669902
0.0658472
0.0641718
0.0619576
0.0592946
0.056383
0.0534777
0.0508012
0.0484978
0.0466272
0.0451813
0.0441132
0.0433648
0.0428754
0.0425942
0.0424784
0.0424962
0.0426267
0.0428587
0.0431863
0.0436098
0.0441303
0.0447478
0.0454591
0.0462527
0.0471097
0.0480006
0.0488863
0.049722
0.0504625
0.0510617
0.051487
0.0517146
0.0517327
0.0515441
0.0511628
0.0506091
0.0499121
0.0490995
0.0482014
0.0472481
0.0462651
0.0452765
0.0443025
0.0433578
0.0424543
0.0416033
0.0408103
0.0400775
0.0394067
0.0387984
0.0382516
0.0377616
0.0373274
0.0369467
0.0366144
0.0363271
0.0360834
0.0358782
0.0357108
0.0355779
0.0354801
0.0354156
0.0353849
0.0353909
0.0354342
0.0355191
0.0356499
0.0358352
0.0360822
0.0364
0.0368031
0.0373067
0.037927
0.0386831
0.0395967
0.0406857
0.0419669
0.043448
0.0451285
0.046992
0.0490012
0.051096
0.0531953
0.0551925
0.0569676
0.058391
0.0593387
0.0597164
0.059484
0.0586828
0.057427
0.0558784
0.0542037
0.0525393
0.0509738
0.0495475
0.0482674
0.0471267
0.0461146
0.0452314
0.0444871
0.0439068
0.0435228
0.0433724
0.0434954
0.0439234
0.0446669
0.0457043
0.046959
0.0482938
0.0495212
0.050443
0.0509253
0.0509524
0.0506412
0.0501881
0.0498035
0.0496451
0.0497967
0.0502649
0.0509844
0.0518434
0.0526983
0.0534146
0.0538961
0.0541134
0.0541032
0.053946
0.0537307
0.0535276
0.0533663
0.0532415
0.0531283
0.0529957
0.0528229
0.0526042
0.0523558
0.0520977
0.0518467
0.0516059
0.0513632
0.0510976
0.0507902
0.0504393
0.050071
0.0497321
0.0494881
0.0493995
0.0495071
0.0498176
0.0503013
0.0509003
0.0515467
0.0521895
0.0528146
0.0534576
0.0541941
0.0551335
0.0564166
0.0582059
0.060651
0.0637707
0.0672236
0.0701256
0.0712448
0.0697749
0.0660304
0.0611961
0.0564601
0.0524767
0.0494026
0.0471294
0.0454776
0.04428
0.0434033
0.0427509
0.0422563
0.041872
0.041566
0.0413215
0.0411291
0.0409891
0.0409091
0.0409026
0.0409905
0.0411973
0.041554
0.0421029
0.042896
0.0440071
0.0455396
0.0476312
0.0504389
0.0540693
0.0583977
0.0627831
0.0659613
0.0665581
0.0641364
0.0596259
0.054546
0.0500269
0.046521
0.0440226
0.0423409
0.0412611
0.0406048
0.0402385
0.0400697
0.0400334
0.0400891
0.0402111
0.0403853
0.0406014
0.0408528
0.0411334
0.0414359
0.0417507
0.0420689
0.042382
0.0426825
0.0429667
0.0432368
0.043495
0.0437461
0.0439947
0.0442427
0.0444906
0.0447292
0.0449483
0.0451283
0.0452476
0.0452854
0.0452202
0.0450383
0.0447344
0.0443162
0.0438009
0.0432201
0.0426179
0.0420374
0.0415253
0.0411214
0.0408611
0.0407707
0.0408645
0.0411418
0.0415906
0.042185
0.0428824
0.043632
0.0443795
0.0450727
0.045674
0.0461675
0.0465593
0.0468725
0.0471433
0.0474049
0.0476827
0.0479915
0.0483266
0.0486689
0.0489924
0.0492664
0.0494646
0.0495696
0.0495799
0.0495115
0.049393
0.0492655
0.049178
0.0491773
0.0493002
0.0495706
0.0499896
0.0505337
0.0511563
0.0517893
0.0523655
0.0528238
0.0531306
0.0532768
0.0532784
0.0531616
0.05295
0.0526565
0.0522829
0.0518249
0.0512783
0.0506475
0.0499427
0.0491875
0.0484124
0.0476452
0.0469149
0.0462473
0.0456584
0.045165
0.0447804
0.0445211
0.044402
0.0444463
0.0446757
0.0451116
0.0457752
0.0466742
0.0478049
0.0491369
0.0506156
0.052164
0.0537006
0.0551656
0.0565602
0.0579804
0.0596143
0.0617237
0.0645827
0.068385
0.0731053
0.0783412
0.0832076
0.0865128
0.0872834
0.085346
0.081413
0.0766197
0.0720179
0.0683577
0.0661309
0.0656333
0.0669765
0.0699948
0.0741068
0.0783209
0.0815838
0.0832847
0.0833724
0.0819691
0.0791408
0.0751038
0.0704264
0.0658306
0.0618637
0.0587439
0.0564136
0.0546622
0.0532484
0.0519794
0.0507605
0.0495953
0.0485592
0.047748
0.047229
0.0470117
0.0470307
0.0471542
0.0472134
0.0470508
0.0465704
0.04577
0.0447292
0.0435728
0.0424256
0.0413815
0.0404965
0.0397982
0.0392943
0.0389836
0.038866
0.0389396
0.0392065
0.039668
0.0403259
0.0411779
0.0422168
0.0434297
0.0447996
0.0463078
0.0479315
0.0496523
0.0514537
0.0533209
0.0552289
0.0571229
0.0588947
0.0603669
0.0613168
0.061533
0.0609095
0.059502
0.0575207
0.0552414
0.0529188
0.0507335
0.0487871
0.0471145
0.0457175
0.0445776
0.0436723
0.0429765
0.0424716
0.0421408
0.0419665
0.0419362
0.0420368
0.042259
0.0425923
0.0430334
0.0435905
0.0442753
0.0451092
0.0461203
0.0473427
0.0488143
0.0505647
0.052614
0.0549628
0.0575861
0.0604205
0.0633555
0.0662261
0.0688175
0.0708949
0.0722394
0.0727134
0.0722972
0.0711045
0.0693489
0.0672961
0.0652127
0.0633378
0.0618633
0.0609342
0.0606525
0.06106
0.0621282
0.063728
0.0656243
0.0675046
0.0690661
0.0701112
0.070587
0.0705324
0.069969
0.0688563
0.067128
0.0647941
0.0619948
0.0589829
0.0560408
0.0533978
0.0511913
0.0494708
0.048217
0.0473669
0.0468345
0.0465374
0.0463914
0.0463291
0.0462981
0.046263
0.0462012
0.0461059
0.045983
0.0458508
0.0457347
0.0456694
0.0456918
0.0458334
0.0461206
0.0465685
0.0471806
0.0479461
0.0488375
0.0498172
0.0508367
0.0518457
0.0527978
0.0536593
0.0544156
0.0550687
0.0556303
0.0561096
0.0565008
0.0567717
0.0568666
0.056715
0.0562452
0.0554045
0.0541759
0.0525832
0.0506984
0.0486289
0.0465088
0.0444719
0.0426402
0.0411056
0.039931
0.039153
0.0387872
0.0388292
0.0392662
0.0400751
0.0412279
0.0426858
0.0444101
0.046362
0.0485052
0.050807
0.053239
0.0557737
0.0583945
0.0610883
0.0638325
0.0665532
0.0691007
0.0712459
0.0727485
0.0734493
0.0733575
0.0726582
0.0716473
0.0706243
0.0698137
0.0693288
0.0691801
0.0692984
0.0695719
0.0698641
0.0700503
0.0700273
0.0697373
0.0691688
0.0683697
0.0674276
0.066459
0.0655801
0.0648805
0.0643905
0.064074
0.063831
0.0635361
0.0630964
0.0624886
0.0617713
0.0610512
0.0604363
0.0599888
0.0597065
0.0595162
0.0592983
0.0589132
0.0582548
0.0572873
0.0560523
0.0546506
0.0532025
0.0518127
0.0505522
0.0494538
0.0485229
0.0477416
0.047084
0.0465212
0.0460264
0.0455756
0.0451556
0.0447572
0.044378
0.0440143
0.0436651
0.043326
0.042985
0.0426301
0.0422432
0.0418099
0.0413197
0.0407726
0.0401796
0.0395647
0.038959
0.0383985
0.0379209
0.0375614
0.037349
0.03731
0.0374632
0.0378212
0.0383867
0.0391465
0.0400632
0.0410721
0.0420758
0.0429577
0.0436005
0.0439183
0.0438829
0.0435273
0.042936
0.0422137
0.0414608
0.0407561
0.0401539
0.0396858
0.0393749
0.0392369
0.03929
0.0395583
0.0400731
0.0408745
0.0420033
0.0434928
0.0453487
0.0475209
0.0498716
0.0521601
0.0540721
0.0553175
0.0557451
0.0554116
0.0545334
0.0533812
0.0521758
0.0510484
0.0500553
0.0492051
0.04849
0.0479028
0.047444
0.047122
0.0469515
0.0469502
0.0471297
0.0474965
0.04805
0.0487793
0.0496656
0.0506772
0.0517693
0.0528877
0.0539714
0.0549528
0.0557678
0.0563596
0.0566912
0.0567458
0.0565308
0.0560741
0.0554197
0.0546237
0.0537377
0.0528113
0.0518835
0.0509845
0.0501333
0.0493414
0.0486149
0.047957
0.04737
0.0468562
0.0464158
0.0460483
0.0457501
0.0455141
0.0453275
0.0451724
0.0450301
0.0448777
0.0446974
0.0444717
0.0441967
0.0438772
0.0435301
0.0431853
0.0428843
0.0426748
0.0426142
0.042763
0.0431811
0.0439261
0.0450484
0.0465744
0.0485042
0.0507892
0.0533251
0.0559501
0.0584656
0.0606747
0.062424
0.0636455
0.0643592
0.0646556
0.0646481
0.0644431
0.064115
0.063711
0.0632555
0.0627679
0.0622537
0.0617047
0.0610951
0.0603837
0.0595289
0.0585133
0.0573645
0.0561569
0.0549904
0.0539579
0.0531251
0.0525011
0.0520564
0.0517242
0.0514247
0.051077
0.0506125
0.0499832
0.0491711
0.0481846
0.0470575
0.0458394
0.0445896
0.0433651
0.0422124
0.0411636
0.0402385
0.0394483
0.038795
0.0382762
0.0378907
0.037639
0.0375228
0.0375437
0.0377066
0.0380156
0.038475
0.0390854
0.039848
0.0407556
0.0417945
0.0429423
0.044165
0.0454113
0.0466164
0.0477054
0.0486015
0.0492348
0.0495603
0.049564
0.0492714
0.0487328
0.0480141
0.0471838
0.0462982
0.0454028
0.0445279
0.0436977
0.0429298
0.0422397
0.0416388
0.0411427
0.0407634
0.0405104
0.0403934
0.040423
0.0406064
0.0409541
0.041476
0.0421814
0.0430824
0.0441835
0.0454866
0.0469755
0.0485997
0.0502664
0.0518197
0.0530581
0.0537696
0.0537994
0.0531129
0.0518129
0.0501139
0.0482642
0.0464903
0.044956
0.0437595
0.0429453
0.0425213
0.0424678
0.0427563
0.0433513
0.0442181
0.0453221
0.0466299
0.0481049
0.049704
0.0513753
0.053056
0.0546829
0.0562057
0.0575981
0.0588534
0.0599885
0.0610236
0.0619809
0.0628878
0.0637754
0.0646624
0.0655436
0.0663599
0.0669871
0.0672397
0.0669097
0.065843
0.064004
0.0615021
0.0585623
0.0554492
0.0524003
0.0495878
0.0471072
0.0449944
0.0432449
0.0418302
0.0407127
0.039852
0.0392119
0.0387612
0.0384708
0.0383142
0.0382654
0.0382945
0.038375
0.0384788
0.0385792
0.0386572
0.038703
0.0387159
0.0387074
0.0386994
0.0387183
0.0387943
0.0389574
0.0392351
0.039647
0.0402071
0.0409139
0.0417526
0.0426879
0.043666
0.0446298
0.045529
0.0463381
0.047066
0.0477536
0.0484461
0.0491634
0.0498748
0.050509
0.0509956
0.0513294
0.0516181
0.0520743
0.0529605
0.0544974
0.0567611
0.0595801
0.062479
0.0647506
0.0657504
0.0652721
0.0636897
0.0617214
0.0600661
0.0591919
0.0593272
0.0605164
0.0626511
0.065468
0.0685357
0.0712977
0.0732166
0.0739394
0.0733891
0.0717411
0.0693445
0.066637
0.0640277
0.06182
0.0601763
0.0591336
0.0586448
0.0586186
0.0589422
0.0594995
0.060177
0.0608679
0.061482
0.0619549
0.0622517
0.0623683
0.062328
0.0621647
0.0619125
0.0615965
0.0612284
0.0608094
0.0603324
0.0597922
0.0591864
0.0585152
0.0577811
0.056988
0.0561413
0.0552438
0.0543033
0.0533315
0.0523503
0.0513894
0.0504886
0.0496921
0.0490489
0.0486022
0.0483826
0.0483915
0.0485939
0.048899
0.0491737
0.0492588
0.0490227
0.0484054
0.0474518
0.0462898
0.0450886
0.0440053
0.0431606
0.042632
0.0424613
0.042661
0.0432269
0.044136
0.0453446
0.0467848
0.0483665
0.0499861
0.0515522
0.0530055
0.0543355
0.0555722
0.0567641
0.0579444
0.059105
0.0601868
0.061097
0.0617214
0.0619636
0.0617659
0.0611345
0.0601362
0.0588887
0.0575375
0.0562204
0.0550526
0.0541065
0.0534054
0.052925
0.05259
0.0522921
0.0518929
0.0512555
0.0502733
0.0488975
0.0471607
0.0451667
0.043063
0.0410044
0.0391271
0.0375271
0.0362609
0.0353503
0.0347923
0.0345648
0.0346273
0.0349312
0.0354176
0.0360187
0.0366712
0.0373237
0.0379473
0.0385437
0.0391453
0.0398116
0.0406092
0.0416058
0.042843
0.0443334
0.0460461
0.0479044
0.0497891
0.0515673
0.0531166
0.0543565
0.0552641
0.0558653
0.0562246
0.0564226
0.0565331
0.0566059
0.0566624
0.0566933
0.0566724
0.0565732
0.0563867
0.0561299
0.0558447
0.0555891
0.0554228
0.0553935
0.0555189
0.0557867
0.0561521
0.0565444
0.0568705
0.0569933
0.0567159
0.055804
0.0540967
0.0516187
0.0486155
0.0454537
0.0424787
0.0399224
0.0378833
0.0363649
0.0353175
0.0346762
0.0343698
0.0343373
0.0345278
0.0348968
0.035401
0.0360054
0.0366723
0.0373688
0.0380579
0.0387125
0.0393123
0.039845
0.0403107
0.0407212
0.0410959
0.0414526
0.0418013
0.0421392
0.0424496
0.0427029
0.0428701
0.0429349
0.0429069
0.0428243
0.0427516
0.0427623
0.0429337
0.0433265
0.043984
0.0449287
0.0461568
0.0476473
0.0493506
0.0511909
0.0530695
0.054863
0.0564384
0.0576728
0.0584789
0.0588315
0.0587746
0.0584157
0.0579047
0.0574067
0.0570823
0.0570758
0.0575098
0.0584833
0.0600678
0.0622819
0.065068
0.0682538
0.0715562
0.0746266
0.0771507
0.0789349
0.0798925
0.0799827
0.0791737
0.0774863
0.0750617
0.072164
0.0690975
0.0661145
0.063351
0.0608301
0.0585014
0.0562901
0.0541363
0.0520244
0.0499821
0.0480668
0.0463465
0.0448792
0.0437102
0.0428582
0.0423288
0.0421152
0.0422015
0.0425689
0.0431888
0.0440306
0.0450573
0.0462245
0.0474793
0.0487598
0.0500008
0.0511355
0.0521064
0.0528832
0.053468
0.0539093
0.0543035
0.0547939
0.055556
0.05679
0.0586851
0.0613468
0.0646748
0.0681739
0.0709191
0.0718599
0.070461
0.0670883
0.0626851
0.0581515
0.0540122
0.0504521
0.0474734
0.0450204
0.0430313
0.0414596
0.0402649
0.0394197
0.0388984
0.0386776
0.0387323
0.0390309
0.0395386
0.0402147
0.0410094
0.0418644
0.0427195
0.0435091
0.0441695
0.0446467
0.0449006
0.0449127
0.0446897
0.0442685
0.0436996
0.0430452
0.0423564
0.0416749
0.0410243
0.0404133
0.0398432
0.0393118
0.0388165
0.0383621
0.0379613
0.0376327
0.0374034
0.0373003
0.0373601
0.0376175
0.0381074
0.038859
0.0398894
0.0411968
0.0427465
0.0444646
0.0462394
0.0479349
0.0494254
0.0506298
0.0515371
0.0522017
0.0527033
0.0531143
0.0534704
0.0537588
0.0539412
0.0539677
0.0538067
0.0534522
0.0529327
0.0523066
0.0516421
0.0510044
0.0504514
0.0500236
0.0497456
0.0496307
0.0496808
0.0498895
0.0502431
0.0507209
0.0512899
0.0519066
0.0525199
0.0530752
0.0535274
0.0538531
0.0540652
0.0542179
0.0544089
0.0547627
0.0554181
0.0564995
0.0580892
0.0601856
0.0626659
0.0652615
0.0675519
0.0690317
0.069247
0.0679799
0.0653691
0.0618705
0.0580562
0.0544114
0.0512342
0.0486435
0.0466394
0.0451596
0.0441229
0.0434426
0.0430405
0.042841
0.0427776
0.0427926
0.0428346
0.0428609
0.0428463
0.042783
0.0426786
0.0425572
0.0424627
0.0424543
0.0426022
0.0429877
0.0436929
0.0447865
0.0462984
0.0481706
0.050217
0.0521122
0.0534672
0.0539887
0.0536407
0.052662
0.0514424
0.0503394
0.0495847
0.0492743
0.0494042
0.0499253
0.050773
0.0518853
0.0532106
0.0547053
0.0563277
0.0580177
0.0596833
0.0611859
0.062348
0.0629865
0.0629709
0.0622732
0.0609824
0.0592741
0.0573548
0.0554148
0.0536065
0.052034
0.0507603
0.0498169
0.0492112
0.0489274
0.0489295
0.0491684
0.0495765
0.0500756
0.0505868
0.0510389
0.0513808
0.051592
0.0516834
0.0516929
0.0516768
0.0516929
0.0517895
0.0519905
0.0522895
0.0526531
0.0530158
0.0532968
0.0534176
0.0533194
0.0529784
0.0524057
0.0516449
0.0507545
0.0497929
0.0488124
0.0478569
0.0469588
0.046153
0.0454686
0.0449375
0.0445913
0.0444573
0.0445647
0.0449336
0.0455692
0.0464491
0.0475227
0.0486961
0.0498395
0.0508032
0.0514524
0.0517002
0.0515323
0.0510037
0.0502148
0.049284
0.0483231
0.0474192
0.0466348
0.0460038
0.0455355
0.0452171
0.0450159
0.0448877
0.0447862
0.0446662
0.0445019
0.0442851
0.0440324
0.0437739
0.0435503
0.0434069
0.0433815
0.0435089
0.0438133
0.0443142
0.0450195
0.0459263
0.0470191
0.048265
0.0496079
0.0509719
0.0522565
0.0533557
0.0541676
0.0546272
0.0547166
0.0544712
0.0539705
0.0533039
0.0525551
0.0517835
0.0510225
0.0502835
0.049563
0.0488567
0.0481569
0.0474644
0.0467808
0.0461109
0.0454583
0.0448305
0.0442311
0.0436622
0.0431274
0.0426251
0.0421573
0.0417281
0.0413381
0.04099
0.0406849
0.0404262
0.0402125
0.040046
0.0399258
0.039851
0.0398187
0.0398254
0.0398642
0.0399301
0.0400134
0.0401059
0.0401974
0.0402799
0.0403449
0.0403871
0.0404034
0.0403939
0.0403618
0.0403135
0.0402599
0.0402128
0.0401865
0.0401948
0.040256
0.0403865
0.0406035
0.0409268
0.041375
0.0419656
0.0427168
0.043644
0.0447586
0.0460663
0.0475669
0.0492487
0.0510916
0.0530659
0.0551323
0.0572426
0.0593386
0.0613527
0.0632033
0.0647859
0.0659865
0.0666876
0.0667942
0.0662581
0.0651035
0.0634268
0.0613787
0.0591261
0.0568222
0.0545808
0.0524714
0.0505249
0.0487483
0.0471382
0.0456884
0.0443949
0.0432535
0.0422619
0.0414186
0.0407182
0.040154
0.0397186
0.0394033
0.0391999
0.0391031
0.0391051
0.0392064
0.0394009
0.0396875
0.0400635
0.0405254
0.0410644
0.0416708
0.0423295
0.0430168
0.0437097
0.0443774
0.044994
0.0455303
0.0459658
0.0462827
0.0464742
0.0465354
0.0464742
0.0463075
0.0460637
0.0457767
0.0454875
0.0452382
0.0450677
0.0450104
0.0450931
0.0453354
0.0457497
0.046341
0.0471065
0.0480354
0.0491094
0.0503042
0.0515858
0.052915
0.0542483
0.0555433
0.0567592
0.0578578
0.0587911
0.0595104
0.0599677
0.0601389
0.0600635
0.0598547
0.0596645
0.0596053
0.0596498
0.0595849
0.0590847
0.0578925
0.0559959
0.0536405
0.0512011
0.048998
0.0472195
0.0459233
0.0450862
0.0446571
0.044583
0.0448265
0.0453627
0.0461763
0.0472587
0.0486
0.0501826
0.0519838
0.0539731
0.0561077
0.0583374
0.0606005
0.062828
0.0649436
0.0668702
0.068531
0.069856
0.0707911
0.0712975
0.0713567
0.0709609
0.0701154
0.0688466
0.0672135
0.0653154
0.0632799
0.0612321
0.0592725
0.0574623
0.0558234
0.0543566
0.0530551
0.051915
0.0509358
0.0501234
0.049493
0.0490613
0.0488554
0.0488991
0.0492206
0.049829
0.0506989
0.0517475
0.0528223
0.0537094
0.0541913
0.0541305
0.0535355
0.0525584
0.051428
0.0503618
0.0495021
0.0489022
0.0485421
0.0483533
0.0482553
0.0481762
0.0480727
0.04793
0.0477578
0.0475788
0.0474141
0.0472762
0.0471708
0.0470933
0.0470381
0.0470038
0.0469941
0.0470225
0.0471066
0.0472696
0.0475334
0.0479162
0.0484296
0.0490717
0.0498267
0.0506639
0.0515411
0.0524073
0.0532123
0.0539147
0.0544868
0.0549203
0.0552258
0.0554275
0.0555557
0.0556364
0.0556831
0.0556998
0.0556796
0.0556097
0.0554819
0.0553044
0.0551006
0.0549065
0.0547721
0.0547436
0.054848
0.0550801
0.0553913
0.055692
0.0558672
0.055814
0.0554732
0.0548515
0.0540097
0.0530342
0.0520019
0.0509632
0.0499383
0.0489298
0.0479369
0.0469651
0.0460308
0.0451592
0.044376
0.0436979
0.0431414
0.042711
0.0424063
0.0422213
0.0421494
0.0421819
0.0423117
0.042534
0.0428446
0.0432427
0.0437278
0.044302
0.0449651
0.0457176
0.0465546
0.04747
0.0484512
0.0494799
0.050532
0.0515789
0.0525867
0.0535153
0.0543167
0.0549342
0.0553088
0.0553915
0.0551561
0.0546161
0.0538221
0.0528542
0.0518014
0.0507374
0.0497207
0.0487812
0.0479321
0.047169
0.0464804
0.0458558
0.0452818
0.0447461
0.0442435
0.0437688
0.0433179
0.0428946
0.0425034
0.0421519
0.0418482
0.0416004
0.0414162
0.0413028
0.0412676
0.0413144
0.0414477
0.0416715
0.0419923
0.0424172
0.0429544
0.0436118
0.0443986
0.0453165
0.046361
0.0475114
0.0487249
0.0499312
0.0510324
0.0519109
0.0524531
0.0525784
0.0522727
0.0515886
0.0506282
0.0495137
0.0483581
0.0472463
0.0462311
0.0453401
0.0445856
0.0439682
0.043483
0.0431283
0.0428989
0.0427945
0.0428166
0.0429698
0.0432611
0.0437077
0.044325
0.0451388
0.0461729
0.047457
0.0490144
0.050862
0.0529965
0.0553835
0.0579389
0.0605192
0.0629182
0.0648752
0.0661285
0.0664754
0.0658401
0.0643007
0.0620654
0.0594044
0.0565804
0.0537997
0.0511983
0.0488537
0.0467978
0.0450375
0.0435677
0.0423791
0.0414608
0.0408039
0.0403995
0.040235
0.0402934
0.0405495
0.0409647
0.0414876
0.0420559
0.0426023
0.0430671
0.0434103
0.0436195
0.0437127
0.043733
0.0437341
0.0437666
0.043872
0.0440755
0.0443879
0.0448057
0.0453149
0.0459028
0.0465526
0.0472562
0.0480099
0.0488185
0.0496857
0.050613
0.0515892
0.0525801
0.0535282
0.0543511
0.0549598
0.0552688
0.0552233
0.054808
0.0540581
0.0530539
0.0519
0.05071
0.0495958
0.0486526
0.0479651
0.0475994
0.0476122
0.048048
0.0489359
0.0502865
0.0520795
0.0542572
0.0567107
0.05929
0.0618224
0.0641475
0.0661513
0.0677747
0.0690003
0.069826
0.070251
0.0702868
0.0699803
0.0694199
0.0687293
0.0680493
0.0675015
0.0671651
0.0670545
0.0671139
0.0672247
0.0672442
0.0670475
0.0665758
0.0658438
0.0649186
0.0638798
0.06278
0.0616301
0.0604062
0.0590718
0.0576045
0.0560143
0.054352
0.052698
0.0511562
0.0498338
0.0488272
0.0482165
0.0480486
0.0483269
0.0489939
0.0499182
0.0508943
0.0516818
0.0520786
0.0519961
0.0514903
0.0507358
0.049951
0.0493363
0.0490422
0.0491736
0.0498033
0.0509799
0.0527199
0.0549665
0.0575262
0.0600125
0.0618773
0.0625905
0.061909
0.0600237
0.0574296
0.0546555
0.052066
0.049826
0.0479618
0.0464459
0.0452544
0.0443921
0.043898
0.0438369
0.044278
0.0452766
0.0468504
0.0489557
0.0514718
0.0541924
0.0568421
0.0591124
0.0607176
0.0614455
0.0611883
0.0599493
0.0578512
0.0551181
0.0520358
0.0488929
0.0459228
0.0432793
0.0410402
0.039223
0.0378111
0.036769
0.0360587
0.0356421
0.035487
0.035566
0.0358604
0.0363567
0.0370484
0.0379318
0.0390066
0.0402756
0.0417382
0.0433889
0.0452073
0.047148
0.0491375
0.0510635
0.0527826
0.0541473
0.0550405
0.0554162
0.0553186
0.0548641
0.0542068
0.0534994
0.0528614
0.0523692
0.0520603
0.0519411
0.0519902
0.0521714
0.0524378
0.0527407
0.0530397
0.053307
0.0535292
0.0537159
0.0538889
0.0540801
0.0543197
0.0546302
0.0550152
0.055453
0.0559001
0.056295
0.0565689
0.0566601
0.0565289
0.0561692
0.0556135
0.0549329
0.0542297
0.0536233
0.0532338
0.0531708
0.0535213
0.0543371
0.055627
0.0573383
0.0593592
0.061515
0.0635923
0.0653652
0.0666396
0.0672891
0.0672775
0.0666668
0.0655889
0.0642104
0.0626838
0.0611144
0.0595447
0.057962
0.0563253
0.0546033
0.0527986
0.0509561
0.0491468
0.0474565
0.045963
0.0447229
0.0437575
0.0430558
0.0425762
0.0422468
0.0419883
0.0417261
0.0414087
0.0410234
0.040594
0.0401766
0.039834
0.039631
0.0396116
0.0398037
0.0402105
0.0408144
0.0415817
0.0424626
0.043397
0.0443245
0.0451892
0.0459514
0.0465928
0.0471155
0.0475409
0.0478966
0.0482107
0.0484926
0.0487345
0.0489019
0.0489549
0.0488551
0.0485916
0.0481897
0.0477047
0.0472112
0.0467842
0.0464783
0.0463163
0.0462894
0.0463569
0.0464587
0.0465279
0.0465041
0.0463491
0.0460553
0.0456374
0.0451291
0.0445707
0.0439901
0.0434114
0.0428488
0.0423122
0.0418135
0.0413689
0.0410002
0.040735
0.0406022
0.0406283
0.0408359
0.0412373
0.0418345
0.0426102
0.0435298
0.0445347
0.0455554
0.0465179
0.0473678
0.0480851
0.0486926
0.0492555
0.049856
0.050568
0.0514318
0.0524336
0.0535087
0.0545474
0.0554268
0.0560504
0.0563822
0.0564623
0.0564008
0.0563474
0.0564507
0.0568296
0.057543
0.0585815
0.0598741
0.061317
0.0628194
0.0643353
0.065872
0.0674493
0.0690722
0.0706815
0.0721299
0.0731846
0.0735761
0.0730857
0.0716259
0.0692667
0.066186
0.0626109
0.0587808
0.0549152
0.0512065
0.0478045
0.044801
0.0422404
0.0401231
0.0384209
0.037094
0.0360953
0.0353821
0.0349145
0.0346605
0.0345914
0.0346881
0.0349327
0.0353137
0.0358225
0.0364575
0.0372165
0.0381043
0.0391295
0.0402968
0.0416036
0.0430259
0.0444991
0.0459141
0.0471173
0.0479418
0.0482605
0.0480388
0.0473538
0.0463645
0.0452533
0.0441812
0.04326
0.0425511
0.0420757
0.0418301
0.041799
0.041959
0.0422825
0.0427381
0.0432903
0.0438992
0.0445212
0.0451165
0.0456412
0.0460662
0.0463689
0.0465418
0.0465887
0.0465264
0.0463819
0.0461841
0.0459633
0.0457513
0.045576
0.0454591
0.0454201
0.0454721
0.0456227
0.0458695
0.0462046
0.0466116
0.0470695
0.047554
0.0480457
0.048531
0.0490079
0.0494826
0.0499698
0.0504807
0.0510175
0.0515634
0.0520755
0.0524887
0.0527294
0.0527336
0.0524649
0.0519339
0.051198
0.0503487
0.0494944
0.0487397
0.0481739
0.0478573
0.0478278
0.0480964
0.0486475
0.0494397
0.0504103
0.0514826
0.0525772
0.0536318
0.0546168
0.0555474
0.0564755
0.0574668
0.0585642
0.0597438
0.0609011
0.0618844
0.0625726
0.0629351
0.0630136
0.06282
0.0622581
0.0611567
0.0594247
0.0571655
0.0546601
0.052237
0.0501435
0.048498
0.0473074
0.0465102
0.0460203
0.0457464
0.0456093
0.04555
0.04553
0.0455348
0.0455685
0.0456491
0.0458062
0.0460713
0.046477
0.0470474
0.0477981
0.0487316
0.0498386
0.0510912
0.0524556
0.0538877
0.0553466
0.056803
0.0582564
0.0597505
0.061384
0.0633207
0.0657509
0.0687872
0.0722334
0.075316
0.0767419
0.0754338
0.0714528
0.0660058
0.0605086
0.0558288
0.0522273
0.0496166
0.0477951
0.0465596
0.045745
0.0452295
0.0449246
0.0447659
0.0447085
0.0447221
0.0447839
0.0448824
0.0450111
0.0451691
0.0453554
0.0455688
0.0458077
0.0460625
0.0463187
0.0465573
0.0467609
0.0469121
0.047004
0.0470447
0.0470573
0.0470873
0.0471954
0.0474617
0.0479771
0.0488478
0.050176
0.0520333
0.0544047
0.0570943
0.0596381
0.0613566
0.0616231
0.0602485
0.0576207
0.0544577
0.0514258
0.0489306
0.0471251
0.0460056
0.0455068
0.0455454
0.0460457
0.0469445
0.0481806
0.0496908
0.0513902
0.0531591
0.0548328
0.0562274
0.0571718
0.0575667
0.0574299
0.0568895
0.0561435
0.0554034
0.0548478
0.054594
0.0547018
0.0551803
0.0560029
0.0571114
0.058428
0.0598624
0.0613264
0.0627453
0.0640692
0.0652782
0.0663683
0.0673435
0.0681885
0.0688584
0.0692753
0.0693369
0.0689411
0.0680253
0.066581
0.0646591
0.0623521
0.0597849
0.0570896
0.0544014
0.0518455
0.0495261
0.0475193
0.0458669
0.0445803
0.0436398
0.0430051
0.0426222
0.042426
0.0423514
0.0423334
0.0423203
0.0422726
0.0421713
0.0420145
0.0418125
0.0415875
0.0413628
0.0411615
0.0410021
0.0408971
0.0408521
0.0408684
0.0409462
0.0410833
0.041278
0.0415249
0.0418261
0.0421825
0.042599
0.0430805
0.0436347
0.0442647
0.044971
0.0457462
0.046576
0.0474328
0.048281
0.0490805
0.0497892
0.0503725
0.0508101
0.051101
0.0512631
0.0513292
0.0513423
0.0513468
0.0513817
0.051463
0.051585
0.0517119
0.051781
0.0517173
0.0514555
0.0509597
0.050238
0.0493441
0.0483571
0.0473669
0.0464503
0.0456673
0.0450538
0.0446253
0.0443835
0.0443175
0.0444113
0.0446392
0.0449729
0.0453801
0.0458231
0.0462577
0.0466357
0.0469055
0.0470198
0.046937
0.0466338
0.0461058
0.0453735
0.044478
0.043471
0.0424124
0.0413589
0.0403635
0.0394692
0.038714
0.0381303
0.0377513
0.037608
0.0377392
0.0381909
0.0390197
0.0402897
0.0420656
0.0443973
0.0472805
0.0506101
0.0541284
0.0574245
0.0600162
0.0615413
0.061937
0.0614674
0.0605902
0.0597645
0.0593347
0.0594959
0.0603159
0.061767
0.0637447
0.0660775
0.0685201
0.0707511
0.0723957
0.0731267
0.0728022
0.0715505
0.0697263
0.0677383
0.0658944
0.0643356
0.06305
0.0619402
0.060891
0.059816
0.0586789
0.057505
0.0563596
0.055331
0.0545153
0.0540002
0.0538493
0.0540945
0.0547081
0.0555935
0.0565854
0.0574684
0.0580326
0.0581393
0.0577649
0.0569962
0.0559814
0.0548752
0.0538043
0.0528546
0.0520874
0.0515563
0.0513185
0.0514485
0.0520331
0.0531484
0.0548051
0.0568686
0.058986
0.0606308
0.0613064
0.0608475
0.0595402
0.0579421
0.056573
0.0557098
0.0553602
0.0553276
0.055314
0.0550278
0.0542754
0.0530066
0.0513096
0.0493484
0.0473003
0.045315
0.0434957
0.0419032
0.0405682
0.0395003
0.0386961
0.0381451
0.0378333
0.0377439
0.0378604
0.0381633
0.0386319
0.0392421
0.0399644
0.0407627
0.0416001
0.0424282
0.0432006
0.0438699
0.0443968
0.0447541
0.0449368
0.0449598
0.0448582
0.0446792
0.0444802
0.0443166
0.0442389
0.0442908
0.0445061
0.0449118
0.0455313
0.0463827
0.0474794
0.0488258
0.0504197
0.0522484
0.0542879
0.0565082
0.058875
0.0613441
0.0638593
0.0663318
0.0686142
0.0704985
0.071735
0.0720958
0.0714585
0.0698599
0.0674819
0.0645909
0.0614583
0.0583157
0.0553297
0.0526102
0.050222
0.0482012
0.0465756
0.0453718
0.0446368
0.0444412
0.044896
0.0461461
0.0483385
0.0515282
0.055489
0.059511
0.0624467
0.0632835
0.0619062
0.0591914
0.056313
0.0540646
0.0527055
0.0521396
0.0521091
0.0523248
0.0525349
0.0525629
0.0523203
0.0518003
0.0510412
0.0501046
0.0490511
0.0479391
0.0468189
0.0457412
0.044749
0.0438772
0.0431486
0.0425739
0.0421531
0.0418796
0.0417383
0.0417132
0.0417848
0.0419368
0.0421534
0.0424191
0.0427205
0.0430452
0.0433842
0.0437277
0.0440672
0.0443978
0.0447114
0.0450037
0.0452716
0.0455107
0.0457206
0.0459017
0.0460578
0.0461923
0.0463103
0.0464211
0.0465287
0.0466396
0.0467556
0.0468817
0.0470185
0.0471732
0.0473546
0.0475768
0.0478585
0.0482153
0.0486625
0.049201
0.0498198
0.0504847
0.0511414
0.051721
0.0521545
0.0523899
0.0524076
0.0522283
0.0519103
0.0515406
0.0512123
0.0510067
0.0509829
0.0511643
0.0515458
0.0520946
0.0527613
0.0534941
0.0542454
0.0549825
0.0556825
0.0563313
0.0569167
0.0574206
0.0578227
0.0581033
0.0582533
0.0582808
0.0582244
0.0581386
0.0580827
0.0580953
0.0581728
0.0582661
0.0582836
0.0581159
0.0576653
0.0568733
0.0557347
0.0543031
0.0526722
0.050957
0.0492755
0.0477286
0.0464026
0.0453624
0.0446547
0.0443105
0.0443523
0.0447929
0.0456342
0.046862
0.0484382
0.0502995
0.0523528
0.0544832
0.056561
0.058458
0.0600567
0.061261
0.0619958
0.0622227
0.0619362
0.0611712
0.0599922
0.0584865
0.0567534
0.0549007
0.0530313
0.0512321
0.0495663
0.0480723
0.0467658
0.0456444
0.0446982
0.0439129
0.0432796
0.0427907
0.0424458
0.0422477
0.0421996
0.0423045
0.0425653
0.0429759
0.0435251
0.0441929
0.0449464
0.0457379
0.0465145
0.047213
0.0477812
0.0481762
0.048382
0.0484069
0.048283
0.048056
0.0477709
0.0474709
0.0471848
0.0469301
0.0467152
0.0465402
0.0463998
0.046285
0.0461869
0.0460994
0.0460171
0.0459363
0.0458561
0.0457802
0.0457149
0.0456716
0.045661
0.0457002
0.0458027
0.0459794
0.0462363
0.0465657
0.046951
0.0473597
0.0477504
0.0480775
0.0482974
0.0483831
0.0483206
0.048117
0.0477932
0.0473786
0.0469019
0.0463995
0.0458971
0.0454263
0.045017
0.0447005
0.0445085
0.0444772
0.0446398
0.045025
0.0456589
0.0465555
0.0477165
0.0491157
0.0506966
0.0523675
0.054005
0.0554747
0.0566595
0.0575002
0.0580092
0.0582616
0.0583628
0.0584108
0.0584556
0.058482
0.0584134
0.0581487
0.0576097
0.0567926
0.055774
0.0546877
0.0536778
0.0528585
0.0522954
0.0520045
0.0519666
0.0521503
0.05253
0.0530994
0.0538843
0.0549344
0.0562927
0.0579514
0.0597914
0.0615516
0.0628718
0.0634252
0.0630816
0.0619675
0.0603752
0.0586126
0.0568875
0.0553084
0.053923
0.0527616
0.0518612
0.0512741
0.0510652
0.0513113
0.0521054
0.0535596
0.0557931
0.058895
0.0628216
0.067261
0.0715506
0.0748395
0.0765522
0.0767785
0.0761366
0.0752476
0.0743742
0.0734457
0.0723076
0.0708957
0.0692671
0.0675383
0.0658021
0.0641228
0.0625483
0.0611215
0.0598804
0.0588462
0.058016
0.0573555
0.0568054
0.0562906
0.055737
0.0550848
0.0543058
0.0534108
0.0524394
0.0514558
0.0505187
0.049674
0.0489483
0.0483489
0.047874
0.0475209
0.0472982
0.0472214
0.0473107
0.0475865
0.0480562
0.0487075
0.0495024
0.0503834
0.0512845
0.0521559
0.0529803
0.0537784
0.0546075
0.0555332
0.0566095
0.0578526
0.0592171
0.060598
0.0618404
0.0627763
0.0632818
0.0633098
0.0628917
0.062115
0.0610835
0.0598801
0.0585494
0.0570927
0.0554859
0.0537133
0.0517997
0.0498168
0.0478678
0.0460592
0.0444776
0.0431734
0.0421639
0.041439
0.0409715
0.0407241
0.0406556
0.0407133
0.0408518
0.0410231
0.0411853
0.0413056
0.0413609
0.0413442
0.0412589
0.0411237
0.0409649
0.0408116
0.0406963
0.0406507
0.0407037
0.0408816
0.0412087
0.0417047
0.0423855
0.0432628
0.0443345
0.0455866
0.0469918
0.0485078
0.0500882
0.0516912
0.0532996
0.0549222
0.0565942
0.0583585
0.0602473
0.0622679
0.0643963
0.0665814
0.0687375
0.070717
0.0722682
0.0730499
0.0727523
0.0713004
0.0689692
0.0662804
0.0637658
0.0617781
0.060449
0.0597407
0.059514
0.0595931
0.0597974
0.0599691
0.0599935
0.0598178
0.0594677
0.0590493
0.0587326
0.0587115
0.0591505
0.060119
0.0615423
0.0631839
0.0646812
0.065628
0.0656909
0.0647175
0.062789
0.0602078
0.0573911
0.0547277
0.0524847
0.0507806
0.0496168
0.0489304
0.0486354
0.0486489
0.048909
0.0493765
0.0500264
0.0508497
0.0518272
0.0529264
0.0540811
0.0551954
0.0561577
0.0568758
0.0573059
0.0574731
0.0574573
0.0573535
0.0572339
0.0571302
0.0570262
0.0568811
0.0566484
0.056298
0.0558281
0.0552739
0.0546912
0.0541528
0.0537131
0.0533975
0.0531875
0.0530179
0.0527948
0.0524243
0.0518576
0.0511024
0.0502244
0.0493218
0.0484943
0.0478228
0.0473552
0.047115
0.0470983
0.0472902
0.0476667
0.0481984
0.0488475
0.0495728
0.050326
0.0510566
0.0517196
0.0522899
0.0527668
0.0531767
0.0535696
0.054007
0.0545416
0.0552024
0.0559782
0.0568171
0.0576204
0.0582684
0.0586377
0.0586401
0.0582395
0.0574616
0.0563812
0.0550978
0.0537109
0.0523159
0.0509864
0.0497804
0.0487412
0.0479029
0.0472911
0.0469234
0.0468188
0.0469877
0.0474342
0.0481542
0.0491223
0.0502906
0.0515747
0.0528585
0.0540034
0.0548775
0.0553914
0.0555278
0.0553421
0.054947
0.0544714
0.0540278
0.0536945
0.053511
0.0534841
0.0535982
0.0538276
0.0541466
0.0545327
0.0549674
0.0554335
0.0559128
0.0563809
0.0568032
0.0571401
0.057346
0.0573793
0.0572088
0.0568164
0.0562008
0.0553829
0.0543933
0.053277
0.0520854
0.050871
0.0496832
0.0485699
0.0475717
0.0467253
0.046065
0.0456268
0.0454451
0.0455615
0.0460235
0.0468775
0.0481617
0.0498712
0.0519235
0.0541055
0.0560552
0.0573345
0.0576064
0.0568081
0.055193
0.0531886
0.0512066
0.0495282
0.0482879
0.0475176
0.0471915
0.0472622
0.0476775
0.0483829
0.0493227
0.0504391
0.0516661
0.0529324
0.0541583
0.055263
0.0561697
0.0568127
0.0571481
0.0571567
0.0568492
0.0562667
0.0554677
0.0545286
0.0535265
0.0525349
0.0516164
0.0508138
0.050154
0.0496443
0.0492792
0.049039
0.0488961
0.048822
0.0487865
0.0487643
0.0487348
0.0486833
0.0486028
0.0484888
0.0483427
0.0481655
0.0479643
0.0477477
0.047525
0.047308
0.0471094
0.0469395
0.0468014
0.0466972
0.0466199
0.0465564
0.0464943
0.0464201
0.0463292
0.0462287
0.0461356
0.046081
0.0461062
0.0462523
0.0465626
0.0470675
0.0477797
0.0486906
0.049761
0.0509274
0.0521
0.0531753
0.0540433
0.0545971
0.0547426
0.0544134
0.0535882
0.0523062
0.0506754
0.0488492
0.0470045
0.0452982
0.0438546
0.0427528
0.0420335
0.0417067
0.0417668
0.0421967
0.0429763
0.0440893
0.0455209
0.0472557
0.0492816
0.0515783
0.0541102
0.0568255
0.0596476
0.0624711
0.0651611
0.0675584
0.0695012
0.0708555
0.0715638
0.0716684
0.0713032
0.0706367
0.0698019
0.0688522
0.0677625
0.0664748
0.064942
0.0631612
0.0611714
0.0590301
0.0567987
0.0545407
0.0523267
0.0502289
0.0483228
0.0466715
0.0453201
0.0442844
0.0435592
0.0431134
0.0429024
0.042872
0.0429734
0.0431704
0.0434438
0.0437977
0.0442514
0.0448296
0.0455576
0.046444
0.0474798
0.0486324
0.0498494
0.0510661
0.0522254
0.053293
0.0542855
0.0552711
0.0563569
0.0576572
0.0592625
0.0612269
0.0635699
0.0662779
0.0692813
0.0723911
0.0752359
0.0773005
0.0781363
0.077633
0.0760816
0.0739777
0.0717499
0.069635
0.0677035
0.0659431
0.0643293
0.0628591
0.0615583
0.0604715
0.059649
0.0591329
0.0589515
0.0591038
0.059559
0.0602462
0.0610565
0.0618544
0.0624971
0.0628664
0.0628946
0.0625755
0.0619503
0.0610922
0.0600795
0.0589853
0.0578739
0.0568051
0.0558363
0.0550223
0.0544168
0.0540582
0.0539692
0.0541421
0.0545299
0.0550396
0.0555287
0.0558341
0.0558071
0.0553616
0.0545041
0.0533202
0.051944
0.0505065
0.0491088
0.0478108
0.0466381
0.0455967
0.044687
0.0439098
0.0432767
0.0428074
0.0425271
0.0424649
0.0426441
0.0430701
0.04372
0.0445294
0.0453885
0.0461555
0.0466889
0.0468937
0.0467687
0.0464053
0.0459667
0.0456301
0.0455617
0.0458917
0.0467157
0.0480936
0.050057
0.052586
0.0555812
0.0588413
0.0620563
0.0648581
0.0668986
0.0679409
0.0679014
0.0668716
0.0651147
0.0630097
0.0609463
0.0592115
0.0579366
0.057101
0.0565827
0.0562249
0.0558835
0.0554658
0.0549326
0.0542984
0.0536122
0.0529298
0.052299
0.0517515
0.0512983
0.0509292
0.0506241
0.0503552
0.0500926
0.0498095
0.0494883
0.0491162
0.0486915
0.0482213
0.0477175
0.0471976
0.0466801
0.0461821
0.0457198
0.0453052
0.0449462
0.0446472
0.0444108
0.0442348
0.0441189
0.0440585
0.04405
0.0440893
0.044172
0.0442948
0.0444559
0.0446518
0.0448808
0.0451407
0.0454291
0.045742
0.0460773
0.0464292
0.0467926
0.0471599
0.0475292
0.047896
0.0482585
0.0486203
0.0489811
0.0493412
0.0496997
0.0500482
0.0503724
0.0506541
0.0508735
0.0510108
0.051047
0.0509742
0.050791
0.0505104
0.0501576
0.0497711
0.0494
0.0490987
0.0489247
0.0489269
0.0491453
0.0496025
0.0503006
0.0512204
0.0523228
0.0535562
0.0548713
0.0562338
0.0576362
0.0591048
0.0606811
0.0623927
0.0641971
0.0659286
0.067282
0.0678691
0.0673657
0.0656621
0.062928
0.0595398
0.0559213
0.0524237
0.0492817
0.0466279
0.0445143
0.0429467
0.0419006
0.0413404
0.0412194
0.04149
0.0421026
0.043007
0.0441483
0.0454699
0.0469059
0.0483876
0.0498405
0.051188
0.0523591
0.053295
0.0539551
0.0543205
0.054398
0.0542152
0.0538218
0.0532828
0.0526766
0.0520852
0.0515926
0.0512746
0.0511993
0.0514146
0.0519513
0.0528165
0.0539958
0.0554475
0.0571135
0.058923
0.0608029
0.06269
0.0645287
0.0662637
0.0678072
0.0690018
0.0696158
0.0694091
0.0682685
0.0663128
0.0638641
0.0613059
0.058945
0.0569439
0.0553391
0.0540859
0.0531006
0.0522953
0.0515921
0.0509387
0.0503079
0.0496959
0.0491245
0.0486377
0.0482907
0.0481584
0.0483247
0.0488914
0.0499671
0.0516477
0.053966
0.0567954
0.0597536
0.0622019
0.0634616
0.0631958
0.061624
0.0593509
0.0569834
0.0548865
0.0531623
0.0517535
0.0505432
0.0494219
0.0483155
0.0471887
0.0460498
0.044931
0.0438818
0.0429613
0.0422266
0.0417349
0.0415369
0.0416846
0.0422238
0.0431989
0.0446428
0.0465639
0.0489285
0.0516332
0.0544878
0.0572288
0.0595578
0.0612232
0.0620962
0.0622034
0.0616959
0.0607807
0.0596593
0.0584979
0.0574249
0.0565475
0.0559459
0.0556611
0.055661
0.055816
0.0559171
0.0557453
0.0551704
0.0542159
0.0530295
0.0517868
0.0506044
0.049506
0.0484588
0.0474263
0.0464095
0.045456
0.0446373
0.0440195
0.0436445
0.0435147
0.0436079
0.0438885
0.0443248
0.0449059
0.0456492
0.0465965
0.0477893
0.0492381
0.050879
0.0525507
0.054007
0.0549873
0.0553327
0.0550612
0.0543668
0.0535207
0.0527688
0.0522611
0.0520423
0.0520687
0.0522427
0.0524503
0.052601
0.0526566
0.0526414
0.0526224
0.0526682
0.0528131
0.0530359
0.0532663
0.0534149
0.0534103
0.0532131
0.0528253
0.052269
0.0515796
0.0507987
0.0499809
0.0491897
0.0484896
0.0479343
0.0475581
0.0473664
0.0473392
0.0474347
0.0476041
0.047798
0.04798
0.0481326
0.0482586
0.0483784
0.0485223
0.0487238
0.0490106
0.0494031
0.0499109
0.0505342
0.0512653
0.0520883
0.0529817
0.0539166
0.0548571
0.0557576
0.0565677
0.0572326
0.0576962
0.0579184
0.0578726
0.0575586
0.0569933
0.0562171
0.0552849
0.0542606
0.0532142
0.0522173
0.0513396
0.0506436
0.0501826
0.0499958
0.0500967
0.0504715
0.0510674
0.0518036
0.0525648
0.0532327
0.053707
0.0539338
0.0539096
0.053678
0.0533226
0.0529415
0.0526418
0.0525142
0.0526129
0.0529278
