1.671
1.67084
1.67076
1.67075
1.67083
1.67097
1.67113
1.67132
1.67149
1.67165
1.67178
1.67187
1.67191
1.67193
1.67195
1.67196
1.67197
1.67199
1.67201
1.67204
1.67206
1.67206
1.67203
1.67195
1.67182
1.67163
1.6714
1.67114
1.6709
1.67071
1.6706
1.67056
1.6706
1.6707
1.67083
1.67098
1.67113
1.67127
1.6714
1.67151
1.67162
1.67171
1.67177
1.67181
1.6718
1.67177
1.67169
1.67161
1.67154
1.67148
1.67144
1.67141
1.6714
1.67141
1.67141
1.67142
1.67143
1.67142
1.67141
1.67141
1.67142
1.67142
1.67143
1.67144
1.67145
1.67147
1.67148
1.67148
1.67147
1.67147
1.67147
1.67148
1.67149
1.6715
1.67151
1.67151
1.6715
1.67149
1.67147
1.67145
1.67142
1.67139
1.67137
1.67137
1.67136
1.67137
1.67139
1.6714
1.67144
1.67148
1.67153
1.67158
1.67164
1.67168
1.67173
1.67177
1.67176
1.67174
1.6717
1.67164
1.67159
1.67154
1.67152
1.67155
1.6716
1.67169
1.6718
1.67191
1.67199
1.67205
1.67201
1.67187
1.67165
1.67137
1.67109
1.6709
1.67078
1.67077
1.67084
1.67099
1.67118
1.67138
1.67159
1.67181
1.67199
1.67215
1.67224
1.67223
1.67211
1.67184
1.67147
1.6711
1.67086
1.67081
1.67098
1.67128
1.67166
1.67203
1.67236
1.6726
1.67271
1.67269
1.67252
1.67223
1.67187
1.67148
1.6711
1.67081
1.67063
1.67057
1.67061
1.67072
1.67088
1.67104
1.67118
1.6713
1.67138
1.67144
1.67147
1.67149
1.6715
1.6715
1.6715
1.6715
1.67151
1.67152
1.67154
1.67156
1.67157
1.67157
1.67158
1.67158
1.67159
1.6716
1.67163
1.67166
1.67171
1.67177
1.67186
1.67197
1.67209
1.6722
1.67228
1.67228
1.67218
1.67197
1.67171
1.67143
1.67122
1.6711
1.67109
1.67112
1.67119
1.67127
1.67134
1.6714
1.67145
1.67148
1.67149
1.67151
1.67153
1.67156
1.6716
1.67164
1.67168
1.6717
1.67173
1.67173
1.67169
1.67163
1.67156
1.67147
1.67139
1.67134
1.6713
1.67128
1.67129
1.67132
1.67134
1.67139
1.67144
1.67148
1.67151
1.67153
1.67155
1.67156
1.67157
1.67156
1.67158
1.67158
1.67157
1.67157
1.67157
1.67157
1.67156
1.67155
1.67153
1.67151
1.67149
1.67147
1.67146
1.67147
1.6715
1.67155
1.67161
1.67169
1.67178
1.67189
1.672
1.67212
1.67221
1.67227
1.67225
1.67214
1.67192
1.67165
1.67136
1.67108
1.67086
1.6707
1.67062
1.6706
1.67065
1.67076
1.6709
1.67107
1.67125
1.67143
1.67158
1.67173
1.67188
1.67201
1.67211
1.67219
1.67223
1.6722
1.67211
1.67197
1.67176
1.67153
1.67132
1.67117
1.6711
1.6711
1.67116
1.67126
1.67137
1.67146
1.67154
1.67157
1.67158
1.67156
1.67152
1.67147
1.67144
1.67143
1.67143
1.67146
1.67149
1.67153
1.67155
1.67156
1.67155
1.67154
1.67151
1.6715
1.67148
1.67149
1.67149
1.6715
1.6715
1.67152
1.67153
1.67153
1.67155
1.67156
1.67158
1.67158
1.6716
1.67161
1.67163
1.67165
1.67167
1.6717
1.67173
1.67174
1.67177
1.67178
1.67178
1.67176
1.67172
1.67167
1.67163
1.67158
1.67154
1.67152
1.67151
1.67151
1.67153
1.67155
1.67157
1.67159
1.67161
1.67163
1.67164
1.67166
1.67167
1.67168
1.67169
1.67169
1.67167
1.67165
1.67161
1.67156
1.67151
1.67147
1.67143
1.67138
1.67134
1.6713
1.67126
1.67122
1.67119
1.67117
1.67117
1.67119
1.67123
1.67126
1.6713
1.67135
1.67139
1.67145
1.67147
1.6715
1.67152
1.67153
1.67154
1.67153
1.67153
1.67153
1.67153
1.67154
1.67158
1.67163
1.67168
1.67174
1.67179
1.67183
1.67184
1.67183
1.67177
1.67168
1.67156
1.67144
1.6713
1.6712
1.67112
1.67106
1.67104
1.67106
1.67109
1.67113
1.67117
1.67121
1.67124
1.67128
1.67131
1.67134
1.67139
1.67145
1.67153
1.67163
1.67174
1.67186
1.67201
1.67214
1.67225
1.67234
1.67236
1.67232
1.67222
1.67208
1.67191
1.67175
1.6716
1.67145
1.67131
1.67117
1.67102
1.67088
1.67074
1.67065
1.67058
1.67057
1.67062
1.67072
1.67086
1.67101
1.67117
1.67131
1.67144
1.67154
1.67163
1.6717
1.67175
1.67176
1.67177
1.67175
1.67171
1.67166
1.6716
1.67153
1.67147
1.67142
1.67137
1.67134
1.67133
1.67133
1.67135
1.67138
1.67144
1.67151
1.67158
1.67164
1.67171
1.67178
1.67185
1.67192
1.67199
1.67208
1.67219
1.6723
1.67243
1.67253
1.67261
1.67257
1.67237
1.67202
1.67157
1.67117
1.67088
1.67071
1.6706
1.67053
1.6705
1.6705
1.67055
1.67065
1.67079
1.67095
1.67111
1.67129
1.67143
1.67154
1.67162
1.67166
1.67167
1.67161
1.67154
1.67145
1.67137
1.67132
1.67128
1.67128
1.67129
1.67132
1.67136
1.67138
1.6714
1.67142
1.67144
1.67145
1.67145
1.67144
1.67144
1.67143
1.67141
1.6714
1.6714
1.67138
1.67138
1.67137
1.67138
1.67139
1.67141
1.67144
1.67147
1.67153
1.67158
1.67166
1.67174
1.67182
1.67189
1.67191
1.67187
1.67176
1.67161
1.67145
1.6713
1.67121
1.67116
1.67113
1.6711
1.67107
1.67105
1.67101
1.67102
1.67105
1.67111
1.6712
1.67131
1.67143
1.67154
1.67164
1.67173
1.67181
1.67184
1.67185
1.67184
1.67182
1.67182
1.67185
1.67191
1.672
1.67211
1.67222
1.67227
1.67225
1.6721
1.67184
1.67151
1.67117
1.67089
1.67072
1.67066
1.67067
1.67074
1.67085
1.67097
1.67109
1.67121
1.67133
1.67144
1.67155
1.67165
1.67175
1.67182
1.67186
1.67188
1.67187
1.67185
1.67178
1.67171
1.67162
1.67156
1.67152
1.67149
1.67148
1.67149
1.67152
1.67155
1.67156
1.67156
1.67156
1.67155
1.67154
1.67152
1.6715
1.67148
1.67146
1.67145
1.67144
1.67143
1.67144
1.67145
1.67145
1.67147
1.67149
1.67151
1.67153
1.67156
1.67158
1.67159
1.6716
1.67162
1.67161
1.67159
1.67156
1.67153
1.67148
1.67145
1.67143
1.67141
1.67141
1.67141
1.67141
1.67142
1.67142
1.67142
1.67141
1.67139
1.67137
1.67135
1.67134
1.67133
1.67133
1.67134
1.67138
1.67142
1.67147
1.67155
1.67163
1.67171
1.6718
1.67188
1.67194
1.67196
1.6719
1.67176
1.67155
1.67132
1.67112
1.67099
1.67094
1.67098
1.67109
1.67123
1.67138
1.67152
1.67161
1.67166
1.67163
1.67154
1.6714
1.67123
1.67106
1.67094
1.67088
1.6709
1.67098
1.67109
1.67124
1.6714
1.67157
1.67173
1.67187
1.67197
1.67199
1.67193
1.6718
1.67165
1.67152
1.67148
1.67154
1.67166
1.67181
1.67192
1.67194
1.67185
1.67165
1.67138
1.67113
1.67093
1.67082
1.6708
1.67085
1.67092
1.67102
1.67112
1.67125
1.67138
1.67152
1.67166
1.67182
1.67195
1.67208
1.67218
1.67226
1.67229
1.67229
1.67226
1.67218
1.67206
1.67189
1.67166
1.67139
1.67109
1.67082
1.67064
1.67056
1.67058
1.67068
1.67083
1.67101
1.67118
1.67137
1.67156
1.67174
1.67191
1.67204
1.67215
1.67221
1.67222
1.67216
1.67203
1.67184
1.67163
1.67141
1.67122
1.67107
1.67097
1.67092
1.67095
1.67103
1.67114
1.67128
1.67144
1.67161
1.67177
1.67194
1.67209
1.67222
1.67227
1.67225
1.67215
1.67199
1.67181
1.67165
1.67156
1.67154
1.67158
1.67164
1.6717
1.67174
1.67172
1.67166
1.67158
1.67151
1.67148
1.67154
1.67165
1.67176
1.6718
1.67171
1.67152
1.67128
1.67105
1.67088
1.6708
1.67081
1.67088
1.671
1.67114
1.6713
1.67146
1.67158
1.67169
1.67177
1.67182
1.67184
1.67181
1.67173
1.67163
1.67152
1.6714
1.67132
1.67127
1.67124
1.67125
1.67126
1.67127
1.67128
1.67129
1.6713
1.6713
1.67131
1.67131
1.67133
1.67134
1.67134
1.67133
1.67132
1.67132
1.67132
1.67131
1.67131
1.67131
1.67132
1.67133
1.67136
1.67139
1.67143
1.67148
1.67153
1.67159
1.67165
1.67172
1.67177
1.67181
1.67183
1.67181
1.67176
1.67167
1.67155
1.67142
1.67132
1.67121
1.67113
1.67108
1.67105
1.67103
1.67103
1.67104
1.67111
1.67121
1.67132
1.67144
1.67156
1.67166
1.67173
1.67178
1.67182
1.67185
1.67183
1.67175
1.6716
1.67139
1.67118
1.67103
1.67101
1.67108
1.67123
1.67137
1.67146
1.67153
1.67157
1.67162
1.67167
1.67172
1.67175
1.67176
1.67173
1.67168
1.67164
1.67157
1.67148
1.67139
1.67129
1.67122
1.67117
1.67116
1.67119
1.67124
1.6713
1.67134
1.67136
1.67137
1.67139
1.67141
1.67143
1.67148
1.67153
1.6716
1.67168
1.67177
1.67185
1.67194
1.67202
1.67207
1.67206
1.67198
1.6718
1.67158
1.67132
1.67112
1.671
1.67095
1.67099
1.67108
1.67119
1.67133
1.67144
1.67153
1.6716
1.67163
1.67165
1.67163
1.6716
1.67157
1.67154
1.67151
1.67151
1.6715
1.6715
1.67152
1.67155
1.67158
1.67163
1.67168
1.67174
1.67178
1.67182
1.67186
1.6719
1.67194
1.67198
1.67204
1.67212
1.67222
1.67234
1.67247
1.67265
1.6728
1.67282
1.6725
1.67169
1.67066
1.66991
1.66975
1.67011
1.6707
1.67124
1.67156
1.6716
1.67138
1.67102
1.67063
1.67035
1.67029
1.67043
1.6707
1.67103
1.67134
1.67157
1.67169
1.67171
1.67163
1.67153
1.67144
1.67143
1.67149
1.67162
1.6718
1.67199
1.67221
1.67242
1.67259
1.67266
1.67261
1.67247
1.67223
1.67195
1.67162
1.67129
1.67101
1.67083
1.67069
1.67058
1.67049
1.67042
1.67043
1.67052
1.67068
1.67087
1.67108
1.67128
1.67144
1.67156
1.67166
1.67173
1.67178
1.67182
1.67186
1.6719
1.67193
1.67195
1.67197
1.67197
1.67197
1.67195
1.6719
1.67184
1.67176
1.67166
1.67153
1.67139
1.67127
1.67115
1.67107
1.67101
1.67099
1.67101
1.67104
1.67109
1.67115
1.67122
1.67128
1.67137
1.67145
1.67154
1.67164
1.67175
1.67186
1.67196
1.67205
1.67211
1.67214
1.67213
1.67207
1.67198
1.67185
1.67171
1.67156
1.67143
1.67132
1.67124
1.67121
1.67119
1.67121
1.67123
1.67125
1.67128
1.67131
1.67134
1.67139
1.67144
1.67151
1.67159
1.67167
1.67176
1.67184
1.67191
1.67195
1.67198
1.67196
1.6719
1.67181
1.6717
1.67156
1.67143
1.67132
1.67123
1.67119
1.67119
1.67126
1.67137
1.67148
1.67162
1.67177
1.67189
1.67199
1.67205
1.67207
1.67203
1.67194
1.67183
1.67169
1.67156
1.67144
1.67136
1.67132
1.67132
1.67135
1.67139
1.67143
1.67147
1.67148
1.67149
1.67146
1.67142
1.67138
1.67134
1.67132
1.6713
1.6713
1.67131
1.67133
1.67135
1.67139
1.67142
1.67147
1.67151
1.67156
1.67162
1.6717
1.67179
1.67189
1.67201
1.67212
1.67221
1.67227
1.6723
1.67225
1.67214
1.67199
1.6718
1.67162
1.67145
1.67132
1.67125
1.6712
1.67118
1.67119
1.6712
1.67123
1.67127
1.6713
1.67133
1.67135
1.67138
1.6714
1.67142
1.67144
1.67146
1.67149
1.6715
1.67152
1.67155
1.67157
1.6716
1.67163
1.67167
1.6717
1.67173
1.67175
1.67174
1.67169
1.67158
1.67148
1.67139
1.67135
1.67136
1.67141
1.67147
1.67151
1.6715
1.67145
1.67135
1.67125
1.67119
1.67116
1.6712
1.67126
1.67136
1.67146
1.67156
1.67168
1.67178
1.67187
1.67194
1.67198
1.67198
1.67196
1.67192
1.67185
1.67175
1.67165
1.67154
1.67143
1.67133
1.67127
1.67125
1.67126
1.6713
1.67134
1.67138
1.67139
1.67137
1.67134
1.67129
1.67124
1.67121
1.67121
1.67122
1.67126
1.6713
1.67135
1.67139
1.67145
1.67152
1.67157
1.67163
1.67169
1.67175
1.6718
1.67185
1.6719
1.67195
1.67199
1.672
1.672
1.67198
1.67193
1.67185
1.67175
1.67164
1.67155
1.67146
1.67139
1.67135
1.67132
1.67131
1.67131
1.67132
1.67134
1.67136
1.67139
1.67142
1.67147
1.67152
1.67158
1.67164
1.67172
1.67179
1.67186
1.67193
1.67197
1.67197
1.67193
1.67181
1.67165
1.67145
1.67124
1.67105
1.67093
1.6709
1.67098
1.6711
1.67126
1.67145
1.67162
1.67175
1.67182
1.67186
1.67183
1.67178
1.67172
1.67168
1.67165
1.67164
1.67165
1.67165
1.67162
1.67155
1.67144
1.67133
1.67122
1.67117
1.67118
1.67128
1.67144
1.67161
1.67175
1.67179
1.6717
1.67152
1.67134
1.67122
1.67119
1.67123
1.67123
1.67119
1.67113
1.67108
1.67105
1.67109
1.67115
1.67124
1.6713
1.67136
1.6714
1.67143
1.67144
1.67145
1.67146
1.67146
1.67148
1.6715
1.67151
1.67153
1.67156
1.67159
1.67161
1.67162
1.67163
1.67163
1.67162
1.6716
1.67156
1.67152
1.67146
1.67141
1.67135
1.6713
1.67125
1.6712
1.67116
1.67113
1.67112
1.67112
1.67112
1.67112
1.67113
1.67114
1.67116
1.67119
1.67122
1.67126
1.67132
1.6714
1.6715
1.67162
1.67176
1.67191
1.67208
1.67223
1.67233
1.67236
1.67231
1.67215
1.67194
1.6717
1.67149
1.67131
1.67114
1.67097
1.67078
1.67059
1.67046
1.67043
1.6705
1.67065
1.67082
1.671
1.67117
1.6713
1.67141
1.67148
1.67154
1.67158
1.67161
1.67164
1.67166
1.67169
1.67171
1.67174
1.67177
1.67181
1.67184
1.67186
1.67189
1.67189
1.67187
1.67185
1.67179
1.67173
1.67168
1.67161
1.67155
1.67149
1.67143
1.6714
1.67138
1.67135
1.67135
1.67135
1.67136
1.67138
1.67139
1.67139
1.67141
1.67144
1.67145
1.67146
1.67148
1.67149
1.67149
1.67149
1.6715
1.6715
1.6715
1.6715
1.6715
1.67149
1.67148
1.67148
1.67147
1.67145
1.67145
1.67145
1.67145
1.67145
1.67146
1.67147
1.67148
1.67149
1.67152
1.67155
1.67158
1.67163
1.67169
1.67177
1.67184
1.67192
1.67199
1.67205
1.67209
1.67209
1.67205
1.67196
1.67182
1.67163
1.67142
1.67119
1.671
1.67087
1.67081
1.67081
1.67086
1.67093
1.671
1.67106
1.67112
1.67116
1.67121
1.67125
1.67131
1.67138
1.67147
1.67157
1.6717
1.67183
1.67194
1.67201
1.672
1.67191
1.67175
1.67155
1.67136
1.67125
1.67123
1.6713
1.67143
1.67156
1.6717
1.67178
1.67182
1.67179
1.67171
1.6716
1.67149
1.67142
1.67138
1.67138
1.67141
1.67144
1.67145
1.67145
1.67145
1.67145
1.67143
1.67143
1.67144
1.67146
1.67147
1.67147
1.67146
1.67144
1.67141
1.67141
1.67142
1.67147
1.67154
1.67162
1.67169
1.67175
1.67178
1.67178
1.67176
1.67174
1.67175
1.6718
1.67192
1.6721
1.67236
1.67269
1.67301
1.67309
1.67267
1.67171
1.67058
1.66983
1.66966
1.66992
1.67033
1.67072
1.67102
1.67124
1.67139
1.6715
1.67155
1.67159
1.67161
1.67161
1.67161
1.67161
1.67161
1.67161
1.67161
1.67163
1.67166
1.67169
1.67176
1.67185
1.67197
1.67216
1.67244
1.67278
1.67316
1.67344
1.67331
1.67253
1.67124
1.67004
1.66947
1.66954
1.66995
1.67043
1.67084
1.67114
1.67134
1.67146
1.67152
1.67157
1.67159
1.67159
1.67159
1.6716
1.6716
1.67161
1.67161
1.67162
1.67162
1.67161
1.67161
1.67159
1.67157
1.67157
1.67157
1.67157
1.67158
1.67157
1.67157
1.67156
1.67156
1.67154
1.67151
1.67147
1.67143
1.67138
1.67133
1.67129
1.67125
1.67121
1.67121
1.67123
1.67126
1.67131
1.67136
1.67142
1.6715
1.67157
1.67163
1.67169
1.67172
1.67172
1.6717
1.67167
1.67161
1.67157
1.67153
1.67151
1.67151
1.67152
1.67152
1.67154
1.67157
1.67157
1.67156
1.67154
1.67151
1.67147
1.67143
1.67142
1.67141
1.67142
1.67145
1.6715
1.67156
1.67162
1.67168
1.67172
1.67175
1.67174
1.67171
1.67166
1.6716
1.67154
1.67149
1.67146
1.67144
1.67143
1.6714
1.67137
1.67134
1.67133
1.6713
1.67129
1.67129
1.6713
1.6713
1.67133
1.67135
1.67137
1.6714
1.67144
1.67147
1.67151
1.67157
1.67163
1.67171
1.67179
1.67187
1.67193
1.67196
1.67196
1.67193
1.67189
1.67184
1.67187
1.67199
1.67224
1.67262
1.67306
1.67345
1.67361
1.67329
1.67243
1.67126
1.6702
1.66958
1.66946
1.66975
1.67027
1.67097
1.67176
1.67255
1.67321
1.67353
1.67337
1.67282
1.67214
1.67153
1.67096
1.67042
1.67002
1.66992
1.67011
1.67047
1.67085
1.67115
1.67133
1.67141
1.67141
1.6714
1.67141
1.67146
1.67156
1.67167
1.67178
1.67184
1.67183
1.67175
1.67162
1.67147
1.67133
1.67123
1.67118
1.67119
1.67123
1.67128
1.67134
1.67139
1.67144
1.6715
1.67155
1.67161
1.67166
1.67171
1.67176
1.67182
1.67187
1.6719
1.67195
1.67198
1.67202
1.67205
1.67208
1.67211
1.67211
1.67206
1.67192
1.67168
1.67136
1.67103
1.67075
1.67058
1.67053
1.67057
1.67066
1.67078
1.67089
1.67099
1.67107
1.67115
1.67121
1.67126
1.67131
1.67134
1.67137
1.67139
1.67142
1.67144
1.67144
1.67147
1.6715
1.67155
1.6716
1.67166
1.67174
1.67185
1.67197
1.6721
1.67221
1.67229
1.67233
1.6723
1.67216
1.67193
1.67162
1.67128
1.67095
1.67069
1.67053
1.67048
1.67052
1.67066
1.67088
1.67114
1.67143
1.67173
1.672
1.6722
1.67229
1.67224
1.67208
1.67187
1.67167
1.6715
1.67133
1.67113
1.6709
1.6707
1.67057
1.67054
1.67062
1.67078
1.67096
1.67115
1.67132
1.67146
1.67154
1.6716
1.67163
1.67163
1.67161
1.67158
1.67154
1.67151
1.67149
1.67148
1.67148
1.67149
1.67153
1.67157
1.67163
1.67168
1.67174
1.6718
1.67184
1.67187
1.67188
1.67187
1.67184
1.6718
1.67177
1.67174
1.67172
1.67171
1.67169
1.67166
1.6716
1.6715
1.67138
1.67122
1.67107
1.67093
1.67083
1.67076
1.67077
1.67081
1.67091
1.67102
1.67114
1.67127
1.6714
1.67153
1.67164
1.67173
1.67184
1.67192
1.67199
1.67205
1.67209
1.67213
1.67218
1.67221
1.67225
1.67228
1.67232
1.67231
1.67223
1.67204
1.67176
1.67144
1.67117
1.67099
1.67095
1.67103
1.67117
1.67134
1.67151
1.67161
1.67168
1.67168
1.67163
1.67154
1.67146
1.67136
1.67129
1.67126
1.67128
1.67134
1.67144
1.67153
1.67161
1.67163
1.67158
1.67151
1.67144
1.67141
1.67143
1.67151
1.67159
1.67166
1.67168
1.67166
1.67158
1.67146
1.67134
1.67125
1.67121
1.67122
1.67126
1.67133
1.6714
1.67147
1.67153
1.67156
1.67159
1.67161
1.67161
1.67161
1.67161
1.67161
1.67161
1.6716
1.67159
1.67157
1.67155
1.67151
1.67148
1.67144
1.6714
1.67137
1.67135
1.67134
1.67134
1.67135
1.67139
1.67143
1.67149
1.67156
1.67162
1.67168
1.67173
1.67177
1.67178
1.67175
1.67167
1.67154
1.67139
1.67124
1.67111
1.67102
1.67098
1.67098
1.67099
1.67104
1.67108
1.67113
1.67119
1.67125
1.67132
1.6714
1.67151
1.67165
1.6718
1.67196
1.67207
1.67212
1.67205
1.67184
1.67153
1.67118
1.67091
1.67075
1.6707
1.67073
1.67078
1.67085
1.67091
1.67097
1.67103
1.67108
1.67114
1.67118
1.67125
1.67133
1.6714
1.67147
1.67153
1.67158
1.67163
1.67166
1.67166
1.67165
1.67161
1.67155
1.67146
1.67137
1.67127
1.67118
1.67111
1.67105
1.67103
1.67102
1.67102
1.67103
1.67106
1.67108
1.67111
1.67114
1.67117
1.6712
1.67122
1.67125
1.67127
1.67129
1.6713
1.67132
1.67131
1.6713
1.67128
1.67126
1.67122
1.67118
1.67115
1.67113
1.67112
1.67114
1.67116
1.67121
1.67129
1.67139
1.67151
1.67167
1.67182
1.67197
1.67211
1.67219
1.67221
1.67213
1.67199
1.67179
1.67159
1.67141
1.67129
1.67121
1.67119
1.67117
1.67118
1.67118
1.67119
1.67121
1.67122
1.6712
1.67117
1.67113
1.67108
1.67105
1.67106
1.67111
1.67117
1.67129
1.67138
1.67145
1.67148
1.67148
1.67145
1.67139
1.67131
1.67123
1.67116
1.67112
1.67109
1.67108
1.6711
1.67114
1.67119
1.67123
1.67128
1.67133
1.67136
1.67139
1.67142
1.67147
1.67151
1.67155
1.67159
1.67164
1.67168
1.67173
1.67177
1.6718
1.67183
1.67186
1.67187
1.67184
1.67178
1.67169
1.67157
1.67144
1.67131
1.67121
1.67113
1.67107
1.67104
1.67102
1.67102
1.67102
1.67104
1.67106
1.67109
1.67111
1.67113
1.67117
1.6712
1.67123
1.67127
1.67131
1.67136
1.67142
1.67148
1.67156
1.67163
1.67171
1.67179
1.67184
1.67186
1.6718
1.67165
1.67141
1.67112
1.67086
1.67064
1.67054
1.67053
1.6706
1.67073
1.67087
1.67101
1.67117
1.6713
1.67142
1.67152
1.6716
1.67168
1.67175
1.67181
1.67185
1.67187
1.67187
1.67185
1.67181
1.67177
1.67172
1.67169
1.67167
1.67167
1.67168
1.67172
1.67176
1.6718
1.67179
1.67173
1.67159
1.67135
1.67105
1.67077
1.67055
1.67045
1.67046
1.67053
1.67067
1.67082
1.67097
1.6711
1.67121
1.67131
1.67138
1.67144
1.67148
1.67152
1.67155
1.67158
1.67157
1.67156
1.67154
1.67151
1.67148
1.67146
1.67143
1.67141
1.6714
1.67141
1.67143
1.67146
1.6715
1.67154
1.67159
1.67162
1.67166
1.67169
1.67168
1.67165
1.6716
1.67156
1.67152
1.6715
1.67151
1.67152
1.6715
1.67145
1.67137
1.6713
1.6713
1.67141
1.67163
1.67194
1.67226
1.67244
1.67236
1.67196
1.67133
1.67072
1.67037
1.67037
1.67063
1.67102
1.67147
1.67192
1.67229
1.67252
1.67254
1.67232
1.6719
1.67137
1.67087
1.67048
1.67026
1.67023
1.67036
1.67058
1.67084
1.67109
1.6713
1.67147
1.67159
1.67166
1.67169
1.67168
1.67163
1.67156
1.67148
1.67141
1.67136
1.67133
1.67131
1.6713
1.6713
1.67129
1.67128
1.67126
1.67125
1.67124
1.67123
1.67121
1.6712
1.67118
1.67116
1.67114
1.67114
1.67115
1.67119
1.67123
1.6713
1.67138
1.67148
1.67157
1.67164
1.67166
1.67162
1.6715
1.67135
1.67118
1.67105
1.67097
1.67098
1.67105
1.67114
1.67125
1.67138
1.67151
1.67163
1.67175
1.67184
1.6719
1.67194
1.67192
1.67189
1.67184
1.6718
1.67178
1.67178
1.67181
1.67183
1.67181
1.67175
1.67164
1.6715
1.67134
1.67121
1.6711
1.67105
1.67107
1.67113
1.67123
1.67136
1.67147
1.67158
1.67163
1.67164
1.67158
1.67147
1.67132
1.67116
1.67102
1.67094
1.67092
1.67094
1.67102
1.67113
1.67126
1.67139
1.6715
1.67162
1.6717
1.67176
1.6718
1.67181
1.67179
1.67175
1.67171
1.67167
1.67165
1.67167
1.67171
1.6718
1.67189
1.67197
1.67204
1.67209
1.67207
1.672
1.67189
1.67175
1.67163
1.67153
1.67146
1.67142
1.67142
1.67142
1.67144
1.67144
1.67143
1.67141
1.67138
1.67137
1.67139
1.67143
1.67149
1.67157
1.67165
1.67173
1.67179
1.67181
1.67179
1.67169
1.67152
1.67123
1.67089
1.6706
1.67045
1.67046
1.67058
1.67078
1.67099
1.67118
1.67132
1.67145
1.67153
1.67159
1.67164
1.67168
1.67169
1.6717
1.67168
1.67168
1.67164
1.6716
1.67156
1.67153
1.67148
1.67144
1.67142
1.67141
1.6714
1.67138
1.67135
1.67132
1.67127
1.67121
1.67116
1.67113
1.67113
1.67116
1.67122
1.6713
1.6714
1.67152
1.67161
1.67171
1.67179
1.67182
1.67181
1.67175
1.67164
1.67148
1.67129
1.67112
1.67098
1.67089
1.67087
1.67091
1.67102
1.67118
1.67139
1.67164
1.67192
1.6722
1.67245
1.6726
1.67262
1.6725
1.67227
1.67199
1.6717
1.67139
1.67107
1.67078
1.67056
1.67048
1.6705
1.67061
1.67075
1.67086
1.67093
1.67096
1.67097
1.67097
1.67099
1.67103
1.6711
1.67118
1.6713
1.67141
1.67152
1.67162
1.67171
1.6718
1.67188
1.67193
1.67198
1.672
1.67201
1.67199
1.67196
1.6719
1.67182
1.67174
1.67166
1.67161
1.6716
1.67168
1.67184
1.67209
1.67243
1.67279
1.67308
1.67306
1.67257
1.67166
1.6707
1.67006
1.66986
1.66998
1.67022
1.67049
1.67073
1.67092
1.67108
1.67124
1.67136
1.67146
1.67156
1.67165
1.67175
1.67182
1.67188
1.67193
1.67196
1.67196
1.67195
1.67191
1.67184
1.67175
1.67165
1.67155
1.67145
1.67138
1.67133
1.67132
1.67131
1.67131
1.67131
1.67131
1.67131
1.67131
1.67131
1.6713
1.6713
1.6713
1.67133
1.67135
1.6714
1.67145
1.67153
1.67162
1.67171
1.67181
1.6719
1.67194
1.67193
1.67186
1.67176
1.67164
1.67152
1.67145
1.67141
1.6714
1.67141
1.6714
1.67137
1.67131
1.67126
1.6712
1.67114
1.67111
1.67112
1.67115
1.67119
1.67126
1.67132
1.67138
1.67145
1.67151
1.67156
1.67162
1.67165
1.67166
1.67165
1.6716
1.67155
1.67148
1.67143
1.67141
1.67146
1.67156
1.67172
1.67192
1.67217
1.6724
1.67255
1.67257
1.67238
1.67198
1.67141
1.67081
1.67033
1.67009
1.67009
1.67025
1.6705
1.67075
1.67098
1.67117
1.67131
1.67142
1.6715
1.67155
1.67156
1.67157
1.67156
1.67152
1.67147
1.67143
1.6714
1.67138
1.67137
1.6714
1.67146
1.67156
1.6717
1.67186
1.67204
1.67218
1.67221
1.67208
1.67178
1.67139
1.67104
1.67083
1.67081
1.67093
1.67111
1.67132
1.67149
1.67163
1.67175
1.67185
1.67193
1.672
1.67206
1.67209
1.67208
1.67201
1.67186
1.67164
1.67138
1.67112
1.67092
1.6708
1.67078
1.67081
1.6709
1.67102
1.67115
1.67127
1.67141
1.67153
1.67162
1.6717
1.67175
1.67176
1.67174
1.6717
1.67164
1.67158
1.67154
1.67151
1.67152
1.67154
1.6716
1.67165
1.67168
1.67171
1.67171
1.67167
1.6716
1.67151
1.67142
1.67133
1.67125
1.67121
1.67119
1.67119
1.67122
1.67123
1.67127
1.67131
1.67137
1.67145
1.67153
1.67161
1.67171
1.67182
1.67191
1.67197
1.67198
1.67194
1.67184
1.67168
1.6715
1.67134
1.67123
1.67115
1.67112
1.67113
1.67116
1.67121
1.67128
1.67134
1.67139
1.67142
1.67144
1.67144
1.67142
1.67139
1.67136
1.67134
1.67134
1.67136
1.6714
1.67145
1.67151
1.67157
1.67165
1.67173
1.6718
1.67187
1.67193
1.67196
1.67196
1.67192
1.67185
1.67173
1.6716
1.67147
1.67135
1.67129
1.67125
1.67125
1.67127
1.67129
1.67132
1.67133
1.67134
1.67134
1.67135
1.67136
1.67137
1.67136
1.67136
1.67136
1.67136
1.67138
1.67138
1.67137
1.67138
1.67138
1.67139
1.67139
1.6714
1.67141
1.67141
1.67142
1.67142
1.67143
1.67144
1.67144
1.67145
1.67145
1.67144
1.67143
1.67141
1.67139
1.67137
1.67136
1.67134
1.67133
1.67131
1.6713
1.67129
1.67129
1.67129
1.6713
1.67132
1.67134
1.67138
1.67142
1.67147
1.67153
1.6716
1.67167
1.67174
1.67182
1.67189
1.67196
1.67201
1.67206
1.6721
1.6721
1.67207
1.67203
1.67194
1.6718
1.67161
1.6714
1.67117
1.67096
1.6708
1.67072
1.6707
1.67073
1.67079
1.67088
1.67097
1.67104
1.67111
1.67117
1.67123
1.67129
1.67133
1.67138
1.67142
1.67145
1.67149
1.67152
1.67154
1.67157
1.67158
1.67161
1.67163
1.67165
1.67167
1.6717
1.6717
1.67171
1.67173
1.67172
1.67172
1.67169
1.67166
1.67161
1.67156
1.67151
1.67147
1.67142
1.67137
1.67132
1.6713
1.67128
1.67128
1.67131
1.67134
1.67139
1.67143
1.67148
1.67154
1.6716
1.67166
1.67172
1.67177
1.67181
1.67183
1.67185
1.67185
1.67183
1.67179
1.67176
1.67168
1.67159
1.67149
1.67139
1.67131
1.67131
1.67138
1.67147
1.67152
1.67144
1.6712
1.67088
1.67062
1.67048
1.67051
1.67065
1.67084
1.67103
1.67119
1.67132
1.67142
1.67152
1.67162
1.67171
1.67179
1.67188
1.67196
1.67202
1.67209
1.67214
1.67218
1.6722
1.6722
1.67216
1.6721
1.67202
1.67191
1.67179
1.67164
1.6715
1.67135
1.6712
1.67108
1.67098
1.67093
1.67093
1.67096
1.67101
1.67109
1.67117
1.67124
1.67129
1.67135
1.6714
1.67145
1.67151
1.67158
1.67167
1.67176
1.67186
1.67198
1.67208
1.67213
1.67211
1.67199
1.67178
1.67153
1.67132
1.6712
1.67118
1.67124
1.67135
1.67145
1.67154
1.67158
1.67159
1.67157
1.67155
1.67153
1.67152
1.67151
1.67151
1.6715
1.6715
1.67151
1.67151
1.67152
1.67152
1.67153
1.67154
1.67157
1.67161
1.67165
1.67169
1.67174
1.67178
1.6718
1.67182
1.6718
1.67177
1.67173
1.67167
1.67162
1.67157
1.67153
1.67151
1.67151
1.6715
1.67148
1.67148
1.67146
1.67143
1.67142
1.67144
1.67146
1.6715
1.67156
1.67163
1.67169
1.67173
1.67172
1.67166
1.67156
1.67144
1.67134
1.67127
1.67124
1.67123
1.67124
1.67124
1.67125
1.67125
1.67125
1.67125
1.67128
1.67132
1.67136
1.6714
1.67144
1.67148
1.67151
1.67154
1.67157
1.67159
1.67161
1.67163
1.67166
1.67168
1.67172
1.67175
1.67178
1.67181
1.67184
1.67187
1.67189
1.67191
1.67191
1.6719
1.67187
1.67183
1.67176
1.67166
1.67154
1.67142
1.6713
1.67122
1.67117
1.67117
1.67118
1.67121
1.67123
1.67127
1.67131
1.67133
1.67135
1.67137
1.67136
1.67136
1.67138
1.67137
1.67137
1.67136
1.67137
1.67138
1.67139
1.6714
1.67141
1.67143
1.67146
1.67149
1.67151
1.67154
1.67156
1.6716
1.67163
1.67168
1.67172
1.67177
1.67182
1.67183
1.67181
1.67174
1.67163
1.67149
1.67131
1.67114
1.67101
1.67094
1.6709
1.67091
1.67095
1.671
1.67105
1.6711
1.67115
1.67118
1.67122
1.67124
1.67127
1.67129
1.67132
1.67134
1.67138
1.67142
1.6715
1.67158
1.67168
1.67178
1.6719
1.67201
1.67213
1.6722
1.6722
1.67213
1.67195
1.67166
1.67131
1.67097
1.67067
1.67048
1.67039
1.6704
1.67047
1.67057
1.67069
1.67081
1.67091
1.67101
1.67111
1.67119
1.67127
1.67134
1.67141
1.67148
1.67153
1.67157
1.67158
1.67158
1.67154
1.67149
1.67143
1.67136
1.67131
1.67127
1.67127
1.67129
1.67131
1.67134
1.67138
1.67142
1.67144
1.67147
1.67148
1.6715
1.67151
1.67154
1.67156
1.67158
1.6716
1.6716
1.67157
1.6715
1.67139
1.67126
1.67112
1.67098
1.67084
1.67075
1.67071
1.67071
1.67076
1.67084
1.67095
1.67108
1.67123
1.67139
1.67157
1.67175
1.67191
1.67206
1.67215
1.67219
1.67215
1.67204
1.67192
1.67178
1.67164
1.67151
1.67139
1.67126
1.67117
1.67112
1.67111
1.67117
1.67128
1.67141
1.67153
1.67161
1.67163
1.67159
1.67149
1.67139
1.67132
1.67127
1.67126
1.67125
1.67125
1.67122
1.67118
1.67113
1.67109
1.67109
1.6711
1.67116
1.67127
1.67139
1.67155
1.67173
1.67189
1.67201
1.67208
1.67205
1.67191
1.6717
1.67148
1.67131
1.67123
1.67124
1.67134
1.67149
1.67167
1.67189
1.67213
1.67237
1.67258
1.67268
1.67257
1.67221
1.67166
1.67107
1.67065
1.67047
1.6705
1.67065
1.67082
1.67097
1.67108
1.67119
1.67132
1.67146
1.67163
1.67182
1.67204
1.67227
1.67247
1.67261
1.67265
1.67258
1.67238
1.67207
1.67168
1.67129
1.67091
1.67061
1.67041
1.67033
1.67036
1.67046
1.6706
1.67076
1.67092
1.67106
1.67117
1.67126
1.67133
1.67139
1.67144
1.67149
1.67153
1.67158
1.67164
1.67169
1.67174
1.67179
1.67185
1.6719
1.67192
1.67192
1.67188
1.67177
1.67161
1.6714
1.67119
1.67101
1.6709
1.67086
1.67088
1.67095
1.67103
1.67111
1.67119
1.67126
1.67131
1.67134
1.67134
1.67133
1.67132
1.6713
1.67131
1.67132
1.67134
1.67137
1.6714
1.67144
1.67147
1.67147
1.67144
1.67138
1.6713
1.67121
1.67113
1.67106
1.67101
1.67102
1.67108
1.67119
1.67133
1.67151
1.6717
1.6719
1.67207
1.6722
1.67224
1.67218
1.67203
1.67182
1.67158
1.67133
1.67113
1.671
1.67095
1.67095
1.67097
1.671
1.67102
1.671
1.67097
1.67095
1.67097
1.671
1.67107
1.67115
1.67127
1.67138
1.67147
1.67155
1.67157
1.67156
1.67153
1.67148
1.67143
1.67139
1.67139
1.67141
1.67147
1.67153
1.67161
1.67169
1.67174
1.67178
1.6718
1.6718
1.67178
1.67174
1.67168
1.67163
1.67159
1.67156
1.67153
1.67153
1.67152
1.67151
1.67147
1.67142
1.67135
1.67129
1.67125
1.67124
1.67124
1.67128
1.67134
1.6714
1.67145
1.67148
1.67147
1.67144
1.67139
1.67133
1.67128
1.67123
1.67119
1.67117
1.67115
1.67113
1.67112
1.67112
1.67113
1.67114
1.67115
1.67118
1.67122
1.67127
1.67133
1.67139
1.67146
1.67151
1.67155
1.67155
1.67152
1.67147
1.6714
1.67135
1.67131
1.6713
1.67133
1.67139
1.67146
1.67151
1.67154
1.67151
1.67142
1.67129
1.67117
1.67108
1.67105
1.67109
1.67118
1.67131
1.67146
1.6716
1.6717
1.67176
1.67178
1.67178
1.67183
1.67188
1.67194
1.67196
1.67191
1.67175
1.67147
1.67113
1.67077
1.67048
1.67028
1.67014
1.67012
1.67016
1.67027
1.67043
1.67059
1.67076
1.67092
1.67105
1.67117
1.67126
1.67134
1.6714
1.67145
1.67148
1.67152
1.67154
1.67156
1.67158
1.67161
1.67164
1.67167
1.67172
1.67177
1.67182
1.67188
1.67189
1.67185
1.67174
1.67156
1.67134
1.67111
1.67095
1.67088
1.67087
1.67091
1.67098
1.67107
1.67117
1.67125
1.67133
1.67139
1.67144
1.67148
1.6715
1.67151
1.67149
1.67148
1.67143
1.67138
1.67133
1.67128
1.67122
1.67117
1.67115
1.67114
1.67113
1.67114
1.67116
1.67118
1.67121
1.67124
1.67128
1.67132
1.67135
1.67137
1.67139
1.67138
1.67137
1.67136
1.67136
1.67137
1.67138
1.67139
1.67139
1.6714
1.67139
1.67134
1.67126
1.67116
1.67104
1.67094
1.67087
1.67084
1.67085
1.67091
1.671
1.67111
1.67122
1.67134
1.67145
1.67154
1.67159
1.67162
1.67162
1.67159
1.67156
1.67155
1.67157
1.67163
1.6717
1.67173
1.67171
1.67163
1.67152
1.67142
1.67134
1.67124
1.67109
1.67086
1.67061
1.67044
1.6704
1.67049
1.67067
1.67087
1.67105
1.67118
1.67127
1.67133
1.67135
1.67135
1.67133
1.67132
1.67132
1.67133
1.67135
1.67138
1.67143
1.67149
1.67156
1.67162
1.67169
1.67174
1.67177
1.67179
1.67179
1.67179
1.67179
1.67184
1.67194
1.67215
1.67244
1.67276
1.67293
1.67263
1.6717
1.67046
1.66951
1.66921
1.66946
1.66994
1.67042
1.6708
1.67109
1.67128
1.67141
1.67149
1.67155
1.67158
1.6716
1.67162
1.67162
1.67162
1.67162
1.67162
1.67163
1.67162
1.67163
1.67162
1.67161
1.67158
1.67155
1.67152
1.67148
1.67145
1.67143
1.67143
1.67146
1.67153
1.67164
1.6718
1.67203
1.67226
1.67247
1.67257
1.67241
1.67194
1.67124
1.67058
1.67018
1.6701
1.67027
1.67054
1.67084
1.6711
1.67132
1.6715
1.67165
1.67179
1.6719
1.67198
1.67203
1.67203
1.67195
1.6718
1.67159
1.67135
1.67115
1.67102
1.67097
1.671
1.67111
1.67126
1.67142
1.67156
1.67169
1.6718
1.67187
1.6719
1.6719
1.67187
1.67183
1.6718
1.67177
1.67175
1.67172
1.67167
1.67158
1.67146
1.67128
1.67109
1.67092
1.67077
1.67065
1.67059
1.67058
1.67062
1.6707
1.67081
1.67094
1.67107
1.67121
1.67134
1.67143
1.6715
1.67154
1.67156
1.67154
1.67152
1.67148
1.67144
1.67142
1.67138
1.67136
1.67135
1.67135
1.67135
1.67137
1.67139
1.67139
1.67139
1.67139
1.6714
1.6714
1.67141
1.67142
1.67144
1.67145
1.67148
1.6715
1.67153
1.67155
1.67157
1.67158
1.67157
1.67155
1.67152
1.67147
1.67141
1.67136
1.67133
1.67131
1.67131
1.67132
1.67136
1.67139
1.67141
1.67141
1.67139
1.67133
1.67125
1.67116
1.67108
1.67103
1.67102
1.67104
1.67108
1.67114
1.67121
1.67128
1.67134
1.6714
1.67146
1.6715
1.67152
1.67154
1.67155
1.67154
1.6715
1.67144
1.67137
1.67128
1.67118
1.67109
1.67101
1.67095
1.6709
1.67088
1.67086
1.67088
1.6709
1.67093
1.67097
1.67104
1.67111
1.6712
1.6713
1.67144
1.6716
1.67178
1.67201
1.67222
1.67238
1.6724
1.67222
1.67185
1.67136
1.67092
1.67065
1.67059
1.67072
1.67097
1.67126
1.67155
1.67183
1.67204
1.67217
1.67219
1.67207
1.67178
1.67137
1.67097
1.67065
1.67053
1.67058
1.67072
1.67088
1.67101
1.67107
1.67109
1.67109
1.67105
1.67104
1.67107
1.67114
1.67124
1.67138
1.67154
1.67171
1.67187
1.67197
1.67199
1.67191
1.67174
1.67154
1.67134
1.67121
1.67114
1.67114
1.67118
1.67125
1.67132
1.67143
1.67155
1.67172
1.67192
1.67215
1.67237
1.67251
1.67245
1.67214
1.67165
1.67118
1.67093
1.67094
1.67114
1.6714
1.67161
1.67171
1.67167
1.67152
1.67131
1.6711
1.67095
1.67087
1.67087
1.67092
1.671
1.67109
1.67118
1.67127
1.67135
1.67143
1.67151
1.67157
1.67163
1.67168
1.67171
1.67175
1.67177
1.67177
1.67177
1.67174
1.6717
1.67165
1.67158
1.67149
1.6714
1.67133
1.67129
1.67126
1.67127
1.67129
1.67132
1.67137
1.67144
1.6715
1.67157
1.67165
1.67175
1.67184
1.67194
1.67203
1.67212
1.67219
1.67228
1.67234
1.67237
1.67239
1.67232
1.67216
1.67189
1.67154
1.67115
1.67081
1.67056
1.67044
1.67042
1.67048
1.67058
1.67071
1.67086
1.67099
1.67113
1.67126
1.67143
1.67163
1.6719
1.67224
1.67265
1.67307
1.67333
1.67319
1.67249
1.67148
1.67065
1.67034
1.67051
1.6709
1.6713
1.67161
1.67178
1.67183
1.67179
1.67168
1.67155
1.67144
1.67136
1.6713
1.67127
1.67126
1.67126
1.67128
1.67132
1.67137
1.67141
1.67145
1.67149
1.67152
1.67155
1.67158
1.6716
1.6716
1.67161
1.67162
1.67162
1.6716
1.6716
1.67159
1.67157
1.67156
1.67154
1.67152
1.67151
1.6715
1.67149
1.67147
1.67147
1.67146
1.67144
1.67143
1.67142
1.67142
1.67141
1.67142
1.67142
1.67143
1.67144
1.67146
1.67149
1.67152
1.67156
1.6716
1.67163
1.67166
1.67166
1.67163
1.67156
1.67147
1.67139
1.67133
1.67128
1.67128
1.67131
1.67137
1.67147
1.67155
1.67163
1.6717
1.67174
1.67177
1.67178
1.67178
1.67177
1.67175
1.67174
1.67171
1.67167
1.67163
1.6716
1.67157
1.67157
1.67159
1.67163
1.67169
1.67173
1.67175
1.67171
1.67163
1.6715
1.67137
1.67123
1.67113
1.67107
1.67104
1.67107
1.67112
1.67119
1.67129
1.67141
1.67153
1.67165
1.67178
1.67192
1.67205
1.67217
1.67226
1.67231
1.67231
1.67227
1.67219
1.67207
1.67192
1.67175
1.67158
1.6714
1.67125
1.67114
1.67106
1.671
1.67099
1.67102
1.67108
1.67115
1.67121
1.67128
1.67133
1.67138
1.67142
1.67147
1.6715
1.67153
1.67157
1.67161
1.67164
1.67169
1.67173
1.67176
1.67179
1.67182
1.67181
1.67179
1.67173
1.67167
1.67159
1.67151
1.67144
1.67139
1.67136
1.67135
1.67136
1.67137
1.67138
1.67139
1.6714
1.67142
1.67144
1.67144
1.67144
1.67144
1.67145
1.67144
1.67145
1.67145
1.67147
1.67148
1.67151
1.67154
1.67157
1.67161
1.67164
1.67166
1.67166
1.67165
1.67162
1.67156
1.67151
1.67144
1.67139
1.67134
1.67132
1.67128
1.67128
1.67127
1.67128
1.6713
1.67133
1.67136
1.67142
1.6715
1.67159
1.67168
1.67177
1.67187
1.67195
1.67201
1.67202
1.67198
1.67189
1.67176
1.67162
1.6715
1.67144
1.67141
1.67141
1.67143
1.67143
1.67138
1.6713
1.67117
1.67107
1.67101
1.671
1.67105
1.67114
1.67125
1.67137
1.67145
1.67153
1.6716
1.67167
1.67175
1.67187
1.67199
1.67212
1.67217
1.67208
1.67184
1.67148
1.67112
1.67086
1.67072
1.67071
1.67075
1.67082
1.67089
1.67097
1.67106
1.67117
1.67131
1.67149
1.67172
1.672
1.67233
1.67271
1.67304
1.67318
1.67298
1.67243
1.67175
1.67124
1.67106
1.6711
1.67118
1.67115
1.67107
1.671
1.67095
1.67096
1.67099
1.67103
1.67109
1.67117
1.67127
1.67136
1.67144
1.6715
1.67153
1.67152
1.67149
1.67144
1.67138
1.67133
1.67129
1.67129
1.67132
1.67135
1.67139
1.67143
1.67147
1.67149
1.67153
1.67158
1.67163
1.67168
1.67174
1.67179
1.67182
1.67183
1.6718
1.67176
1.67174
1.67173
1.67176
1.67182
1.67189
1.67198
1.67202
1.67202
1.67196
1.67183
1.67167
1.67151
1.67137
1.67127
1.67123
1.6712
1.67118
1.67115
1.6711
1.67105
1.67101
1.67101
1.67104
1.6711
1.6712
1.6713
1.67141
1.67149
1.67156
1.6716
1.67165
1.67167
1.67167
1.67165
1.6716
1.67156
1.6715
1.67145
1.67139
1.67135
1.67133
1.67131
1.6713
1.6713
1.67132
1.67134
1.67138
1.67142
1.67147
1.67154
1.6716
1.67165
1.67169
1.67171
1.67173
1.67172
1.67172
1.67173
1.67178
1.67184
1.67192
1.67201
1.67208
1.67213
1.67214
1.67208
1.67189
1.67154
1.67108
1.67064
1.67039
1.67037
1.67057
1.67086
1.67115
1.6714
1.67156
1.67165
1.67167
1.67162
1.67154
1.67144
1.67138
1.67138
1.67146
1.67162
1.67184
1.67207
1.67224
1.67228
1.67215
1.67186
1.67144
1.67101
1.67065
1.67045
1.67045
1.67058
1.67078
1.67101
1.67121
1.67138
1.67151
1.67159
1.67166
1.67173
1.67178
1.67184
1.67189
1.67193
1.67194
1.67191
1.67182
1.67172
1.67161
1.67152
1.67147
1.67147
1.67148
1.6715
1.6715
1.67149
1.67145
1.67141
1.67136
1.67135
1.67135
1.6714
1.67146
1.67151
1.67154
1.67155
1.67151
1.67142
1.67132
1.67124
1.67121
1.67122
1.67125
1.67131
1.67138
1.67146
1.67154
1.67161
1.67166
1.6717
1.67172
1.67173
1.67172
1.6717
1.67165
1.6716
1.67156
1.67155
1.67155
1.67159
1.67165
1.67172
1.67176
1.6718
1.67178
1.67171
1.67159
1.67144
1.67128
1.67114
1.67105
1.67101
1.67098
1.67101
1.67105
1.67112
1.67118
1.67126
1.67134
1.67141
1.6715
1.6716
1.6717
1.67181
1.67189
1.67196
1.67198
1.67195
1.67187
1.67174
1.67158
1.67144
1.67132
1.67126
1.67126
1.6713
1.67136
1.67143
1.6715
1.67156
1.6716
1.67163
1.67166
1.67168
1.6717
1.6717
1.6717
1.67169
1.67166
1.67162
1.67154
1.67147
1.67139
1.6713
1.67124
1.67119
1.67115
1.67114
1.67114
1.67115
1.67119
1.67124
1.6713
1.67137
1.67145
1.67154
1.67165
1.67178
1.67194
1.67213
1.67231
1.67242
1.67243
1.67227
1.67191
1.67145
1.67103
1.67078
1.67071
1.67079
1.67095
1.67114
1.67134
1.67151
1.67164
1.67176
1.67186
1.67193
1.67199
1.67202
1.67203
1.67201
1.67195
1.67187
1.67176
1.67164
1.67151
1.67139
1.67131
1.67124
1.67121
1.6712
1.67121
1.67126
1.67131
1.67138
1.67143
1.67148
1.67152
1.67154
1.67156
1.67156
1.67155
1.67155
1.67153
1.67152
1.67151
1.6715
1.67149
1.67148
1.67148
1.67147
1.67147
1.67147
1.67149
1.67149
1.6715
1.6715
1.67149
1.67148
1.67146
1.67143
1.67142
1.67142
1.67142
1.67145
1.67149
1.67155
1.67163
1.67171
1.67179
1.67184
1.67188
1.67187
1.67182
1.67173
1.6716
1.67143
1.67124
1.67106
1.67089
1.67078
1.67073
1.67076
1.67084
1.67096
1.6711
1.67124
1.67137
1.6715
1.67162
1.67172
1.67183
1.67193
1.67202
1.67211
1.67221
1.67228
1.67234
1.67237
1.67236
1.67229
1.67215
1.67195
1.6717
1.67146
1.67126
1.67114
1.67109
1.67108
1.67107
1.67103
1.67097
1.67089
1.6708
1.67073
1.6707
1.67068
1.67068
1.67071
1.67076
1.67083
1.67092
1.67103
1.67113
1.67122
1.67129
1.67135
1.67138
1.67139
1.67139
1.67139
1.67139
1.67141
1.67143
1.67146
1.6715
1.67154
1.67157
1.67156
1.67152
1.67147
1.6714
1.67136
1.67136
1.67141
1.67152
1.67167
1.67185
1.67203
1.67222
1.67237
1.67242
1.67228
1.67191
1.67139
1.67091
1.67061
1.67053
1.6706
1.67073
1.67086
1.67096
1.67105
1.67113
1.67121
1.67132
1.67144
1.67156
1.6717
1.67183
1.67195
1.67202
1.67205
1.67201
1.67193
1.6718
1.67165
1.67153
1.67142
1.67135
1.67131
1.6713
1.67131
1.67133
1.67138
1.67144
1.67154
1.67164
1.67175
1.67184
1.67191
1.67194
1.6719
1.6718
1.67164
1.67146
1.67131
1.67119
1.67114
1.67113
1.67116
1.6712
1.67123
1.67127
1.6713
1.67134
1.67138
1.67143
1.67149
1.67156
1.67164
1.67172
1.67178
1.67181
1.67179
1.67171
1.67158
1.6714
1.67125
1.67114
1.67113
1.67118
1.6713
1.67146
1.67167
1.67188
1.67212
1.67235
1.67252
1.6726
1.67252
1.6723
1.67194
1.67151
1.67108
1.67072
1.67051
1.67047
1.67058
1.67078
1.67101
1.6712
1.67131
1.67135
1.67133
1.6713
1.67125
1.67121
1.6712
1.67122
1.67125
1.67129
1.67134
1.67137
1.67138
1.67139
1.67139
1.67137
1.67135
1.67133
1.6713
1.67128
1.67126
1.67125
1.67125
1.67126
1.67127
1.67129
1.67131
1.67133
1.67134
1.67134
1.67135
1.67136
1.67138
1.67139
1.6714
1.6714
1.67142
1.67142
1.67143
1.67144
1.67145
1.67144
1.67145
1.67145
1.67146
1.67145
1.67146
1.67146
1.67144
1.67145
1.67145
1.67144
1.67144
1.67143
1.67142
1.67139
1.67135
1.67131
1.67125
1.6712
1.67113
1.67109
1.67105
1.67104
1.67104
1.67107
1.67113
1.67119
1.67127
1.67136
1.67145
1.67154
1.67161
1.67165
1.67167
1.67169
1.67172
1.67178
1.67186
1.67194
1.67201
1.67198
1.6718
1.67144
1.67098
1.67052
1.67016
1.66999
1.66999
1.67011
1.67028
1.6705
1.67072
1.67093
1.67111
1.67128
1.67141
1.67152
1.67162
1.6717
1.67177
1.67182
1.67184
1.67184
1.67181
1.67176
1.67167
1.67157
1.67146
1.67134
1.67124
1.67114
1.67107
1.67102
1.67101
1.67103
1.67109
1.67116
1.67127
1.67139
1.67152
1.67164
1.67177
1.67187
1.67194
1.672
1.67202
1.67203
1.67203
1.67201
1.67194
1.67179
1.67153
1.67119
1.67082
1.67054
1.67043
1.67048
1.67063
1.67081
1.67097
1.67111
1.67119
1.67125
1.67125
1.67125
1.67124
1.67124
1.67123
1.67126
1.67131
1.67139
1.67151
1.67169
1.67191
1.67218
1.67246
1.67265
1.67263
1.67229
1.67169
1.67106
1.67062
1.67048
1.67056
1.67074
1.67091
1.67103
1.67109
1.6711
1.6711
1.67106
1.67104
1.67104
1.67105
1.67109
1.67114
1.67123
1.67133
1.67145
1.67159
1.67175
1.67193
1.67211
1.67228
1.67241
1.67243
1.67234
1.67212
1.67183
1.67151
1.67125
1.67107
1.67097
1.67095
1.67099
1.67106
1.67118
1.67132
1.67147
1.6716
1.67164
1.67159
1.67145
1.67127
1.67113
1.67108
1.67108
1.67113
1.67115
1.67115
1.67114
1.67113
1.67116
1.67121
1.67128
1.67137
1.67145
1.6715
1.67155
1.67159
1.67163
1.67168
1.67176
1.67186
1.67196
1.67202
1.67199
1.67185
1.6716
1.67133
1.67109
1.67098
1.67097
1.67107
1.6712
1.67132
1.67141
1.67145
1.67145
1.67141
1.67137
1.67134
1.67136
1.67141
1.67146
1.67149
1.67148
1.67143
1.67137
1.67129
1.67122
1.67116
1.67112
1.67108
1.67107
1.67109
1.67114
1.67119
1.67126
1.67132
1.67137
1.6714
1.67142
1.67141
1.67139
1.67136
1.67134
1.67134
1.67134
1.67136
1.67139
1.67143
1.67148
1.67152
1.67157
1.67161
1.67164
1.67166
1.67166
1.67164
1.67161
1.67157
1.67149
1.67141
1.6713
1.67122
1.67114
1.67107
1.67103
1.67102
1.67103
1.67108
1.67115
1.67123
1.67133
1.67145
1.67157
1.67168
1.67174
1.67178
1.67176
1.6717
1.6716
1.67151
1.67142
1.67135
1.67133
1.67135
1.6714
1.67149
1.6716
1.67168
