0     0     0
0.0230664     0     0
0.0461329     0     0
0.0691993     0     0
0.0922657     0     0
0.115332     0     0
0.138399     0     0
0.161465     0     0
0.184531     0     0
0.207598     0     0
0.230664     0     0
0.253731     0     0
0.276797     0     0
0.299864     0     0
0.32293     0     0
0.345996     0     0
0.369063     0     0
0.392129     0     0
0.415196     0     0
0.438262     0     0
0.461329     0     0
0.484395     0     0
0.507461     0     0
0.530528     0     0
0.553594     0     0
0.576661     0     0
0.599727     0     0
0.622794     0     0
0.64586     0     0
0.668926     0     0
0.691993     0     0
0.715059     0     0
0.738126     0     0
0.761192     0     0
0.784259     0     0
0.807325     0     0
0.830391     0     0
0.853458     0     0
0.876524     4.41843e-05     5.29414e-05
0.899591     0.00337204     0.000752514
0.922657     0.0495511     0.0026422
0.945724     0.30322     0.00692735
0.96879     1.03107     0.0181791
0.991856     2.25101     0.0372539
1.01492     3.59195     0.0572502
1.03799     4.54571     0.0704689
1.06106     4.81035     0.0735339
1.08412     4.41553     0.067404
1.10719     3.59164     0.0558967
1.13026     2.64946     0.0407874
1.15332     1.8046     0.0283965
1.17639     1.13609     0.0183675
1.19945     0.662548     0.0119131
1.22252     0.35941     0.00700051
1.24559     0.18601     0.00462539
1.26865     0.0892412     0.00306575
1.29172     0.0507116     0.00228747
1.31479     0.0449081     0.00204643
1.33785     0.0595395     0.00236945
1.36092     0.102387     0.00301569
1.38399     0.18626     0.00422783
1.40705     0.302059     0.00568908
1.43012     0.452075     0.00714196
1.45319     0.622198     0.00928508
1.47625     0.784805     0.0112457
1.49932     0.905098     0.0127872
1.52238     0.959812     0.0142143
1.54545     0.916162     0.0132787
1.56852     0.800241     0.0107783
1.59158     0.63341     0.00905255
1.61465     0.461732     0.00658756
1.63772     0.316328     0.00493731
1.66078     0.220797     0.00422244
1.68385     0.197816     0.00405737
1.70692     0.26421     0.00494512
1.72998     0.443913     0.00652827
1.75305     0.75423     0.0102177
1.77612     1.20276     0.0148629
1.79918     1.71192     0.0202554
1.82225     2.19522     0.0255103
1.84531     2.54625     0.0296848
1.86838     2.65336     0.0309109
1.89145     2.5038     0.0288828
1.91451     2.15142     0.0247722
1.93758     1.67834     0.0191803
1.96065     1.19432     0.0139021
1.98371     0.803434     0.0096866
2.00678     0.551629     0.00737174
2.02985     0.448071     0.00644672
2.05291     0.468622     0.00656809
2.07598     0.594843     0.00748959
2.09905     0.754133     0.00850565
2.12211     0.895859     0.0100646
2.14518     0.985947     0.0111262
2.16824     0.977623     0.0108205
2.19131     0.907201     0.00995526
2.21438     0.784788     0.00857097
2.23744     0.655294     0.00736388
2.26051     0.574009     0.00694787
2.28358     0.581138     0.00740123
