-6.6588
-6.66212
-6.66248
-6.66151
-6.6574
-6.65797
-6.65916
-6.6637
-6.67338
-6.68457
-6.69494
-6.70948
-6.72593
-6.74389
-6.7593
-6.77427
-6.78641
-6.79309
-6.79322
-6.78426
-6.76586
-6.74182
-6.71455
-6.68547
-6.6566
-6.6282
-6.60177
-6.57754
-6.55952
-6.54364
-6.53709
-6.53677
-6.54567
-6.55903
-6.57693
-6.59684
-6.61802
-6.63583
-6.64574
-6.65057
-6.65078
-6.64639
-6.63637
-6.62868
-6.62578
-6.62973
-6.63772
-6.65211
-6.67196
-6.68964
-6.70819
-6.7205
-6.72978
-6.73484
-6.73442
-6.72508
-6.71394
-6.69962
-6.68867
-6.67778
-6.67226
-6.6727
-6.67629
-6.68252
-6.68804
-6.69065
-6.69196
-6.6907
-6.69139
-6.69422
-6.70246
-6.71511
-6.72425
-6.73373
-6.73609
-6.72986
-6.7159
-6.69021
-6.65545
-6.61684
-6.58439
-6.55644
-6.53922
-6.53073
-6.53008
-6.53098
-6.53269
-6.53492
-6.53824
-6.54153
-6.5477
-6.55873
-6.57265
-6.58502
-6.602
-6.61879
-6.6375
-6.65147
-6.66487
-6.67795
-6.6883
-6.69319
-6.69408
-6.69462
-6.69412
-6.69509
-6.70082
-6.70667
-6.71284
-6.71807
-6.72435
-6.72822
-6.72862
-6.72276
-6.71603
-6.70243
-6.69322
-6.6903
-6.68887
-6.69338
-6.69989
-6.70337
-6.70616
-6.70536
-6.69855
-6.68597
-6.66999
-6.6548
-6.64054
-6.63455
-6.63254
-6.63546
-6.63692
-6.63655
-6.63454
-6.62903
-6.63161
-6.63084
-6.63174
-6.63185
-6.63368
-6.63547
-6.63793
-6.64533
-6.65565
-6.66566
-6.67772
-6.6823
-6.6824
-6.6753
-6.66231
-6.64783
-6.6333
-6.62267
-6.61837
-6.61782
-6.62486
-6.63514
-6.64403
-6.65495
-6.66371
-6.67253
-6.67847
-6.68295
-6.68497
-6.68729
-6.68846
-6.68612
-6.67996
-6.67226
-6.66178
-6.6518
-6.6476
-6.64099
-6.63564
-6.63672
-6.63825
-6.64111
-6.64391
-6.64833
-6.65022
-6.6526
-6.65133
-6.65333
-6.64847
-6.6468
-6.642
-6.63904
-6.63648
-6.63379
-6.62993
-6.6306
-6.63837
-6.64809
-6.66209
-6.67905
-6.6982
-6.71758
-6.73506
-6.74876
-6.75924
-6.7604
-6.75705
-6.74681
-6.73242
-6.7179
-6.69786
-6.67992
-6.66936
-6.66402
-6.6675
-6.67712
-6.68962
-6.7018
-6.71449
-6.71922
-6.71853
-6.711
-6.69505
-6.67214
-6.6468
-6.62322
-6.60203
-6.58394
-6.57717
-6.57738
-6.58339
-6.59249
-6.60361
-6.61436
-6.62416
-6.62996
-6.63572
-6.63981
-6.6371
-6.63219
-6.62577
-6.61875
-6.61024
-6.60355
-6.60297
-6.6062
-6.61744
-6.62818
-6.64428
-6.66411
-6.68493
-6.70264
-6.71934
-6.73366
-6.74663
-6.75096
-6.74818
-6.74199
-6.72853
-6.71319
-6.69691
-6.68524
-6.67573
-6.66963
-6.66812
-6.66709
-6.66459
-6.66096
-6.65662
-6.65467
-6.65126
-6.65532
-6.66192
-6.67687
-6.69791
-6.72628
-6.75433
-6.77869
-6.79809
-6.80909
-6.8131
-6.81029
-6.7995
-6.77993
-6.75163
-6.72012
-6.6861
-6.65252
-6.62069
-6.59208
-6.56968
-6.55744
-6.5538
-6.55775
-6.56479
-6.57702
-6.5903
-6.604
-6.6164
-6.62906
-6.63453
-6.63416
-6.63447
-6.63313
-6.62958
-6.62682
-6.62461
-6.62299
-6.62426
-6.62342
-6.6202
-6.61923
-6.61849
-6.61758
-6.61835
-6.61707
-6.61363
-6.61072
-6.60889
-6.61344
-6.61887
-6.62773
-6.6342
-6.63555
-6.63199
-6.62382
-6.61499
-6.60823
-6.60672
-6.60896
-6.61619
-6.63001
-6.64517
-6.66463
-6.68035
-6.69076
-6.69408
-6.69173
-6.68715
-6.68226
-6.67795
-6.68174
-6.69241
-6.7049
-6.72145
-6.73822
-6.75195
-6.76124
-6.76909
-6.77216
-6.77241
-6.7698
-6.76289
-6.75405
-6.74893
-6.74109
-6.73037
-6.71837
-6.70596
-6.69121
-6.67512
-6.65508
-6.63187
-6.60694
-6.58506
-6.56816
-6.56051
-6.56553
-6.57826
-6.59592
-6.62009
-6.6414
-6.66132
-6.67409
-6.6797
-6.67952
-6.67561
-6.66479
-6.65247
-6.63767
-6.62613
-6.61794
-6.61543
-6.61448
-6.6195
-6.6287
-6.6412
-6.65684
-6.67142
-6.68616
-6.69692
-6.70504
-6.70908
-6.70958
-6.70482
-6.69924
-6.69076
-6.68342
-6.67677
-6.67231
-6.67029
-6.66971
-6.66843
-6.66476
-6.65635
-6.64778
-6.6381
-6.62881
-6.61609
-6.60674
-6.59353
-6.58045
-6.57322
-6.56783
-6.57084
-6.57489
-6.58325
-6.59584
-6.60688
-6.61928
-6.63263
-6.64126
-6.65047
-6.65805
-6.66197
-6.66461
-6.66262
-6.65959
-6.65584
-6.65191
-6.64824
-6.64604
-6.64495
-6.65041
-6.65314
-6.65522
-6.66079
-6.6665
-6.67585
-6.683
-6.68676
-6.68809
-6.69159
-6.69905
-6.70688
-6.72095
-6.74096
-6.76154
-6.78601
-6.80306
-6.81556
-6.81547
-6.80679
-6.78974
-6.76307
-6.73266
-6.70109
-6.66955
-6.6454
-6.62791
-6.61758
-6.6153
-6.61691
-6.62248
-6.62803
-6.6332
-6.63803
-6.63857
-6.63285
-6.6231
-6.61064
-6.59858
-6.58848
-6.58414
-6.58318
-6.58941
-6.59609
-6.60689
-6.61491
-6.62025
-6.62383
-6.62463
-6.62145
-6.61883
-6.6143
-6.6088
-6.60307
-6.59781
-6.59106
-6.59041
-6.59345
-6.60097
-6.60872
-6.61766
-6.6302
-6.64467
-6.66344
-6.68689
-6.71536
-6.74744
-6.78365
-6.81701
-6.84544
-6.8688
-6.88393
-6.88793
-6.87735
-6.85603
-6.8294
-6.79807
-6.76398
-6.73078
-6.69751
-6.6662
-6.63782
-6.61772
-6.60515
-6.59654
-6.59605
-6.6011
-6.60554
-6.61355
-6.61994
-6.62513
-6.62861
-6.62849
-6.62336
-6.62046
-6.61675
-6.61377
-6.61464
-6.61976
-6.62977
-6.63978
-6.64942
-6.65382
-6.65527
-6.65005
-6.64243
-6.63268
-6.62669
-6.62215
-6.6206
-6.62285
-6.62715
-6.6307
-6.63121
-6.62981
-6.6237
-6.61729
-6.6097
-6.60338
-6.60236
-6.6039
-6.61181
-6.62488
-6.63598
-6.64589
-6.65582
-6.66889
-6.67772
-6.69222
-6.70531
-6.72047
-6.72978
-6.73369
-6.73447
-6.72994
-6.72061
-6.70869
-6.69766
-6.68655
-6.67968
-6.67796
-6.67834
-6.68747
-6.70169
-6.71756
-6.7362
-6.75058
-6.75667
-6.75596
-6.74735
-6.72743
-6.70734
-6.68644
-6.66553
-6.64951
-6.63595
-6.62306
-6.61168
-6.60153
-6.59124
-6.58218
-6.57652
-6.57303
-6.5737
-6.57527
-6.58048
-6.58895
-6.59455
-6.60203
-6.61124
-6.61997
-6.62747
-6.62866
-6.6306
-6.6286
-6.62619
-6.62358
-6.62424
-6.62925
-6.63793
-6.6545
-6.67404
-6.69699
-6.71994
-6.73704
-6.74968
-6.75715
-6.76091
-6.7607
-6.7528
-6.73956
-6.72507
-6.70633
-6.68809
-6.67274
-6.6651
-6.66337
-6.66798
-6.67571
-6.68883
-6.70574
-6.71482
-6.72429
-6.72707
-6.72484
-6.71226
-6.69509
-6.67009
-6.64096
-6.61062
-6.58861
-6.57015
-6.56446
-6.56926
-6.58652
-6.60741
-6.63379
-6.65778
-6.67481
-6.68507
-6.689
-6.6876
-6.68197
-6.66949
-6.65998
-6.65085
-6.64773
-6.64748
-6.65703
-6.66962
-6.68533
-6.69695
-6.70598
-6.7037
-6.69352
-6.67606
-6.65878
-6.6474
-6.64332
-6.64811
-6.6491
-6.64644
-6.63425
-6.61335
-6.59093
-6.56902
-6.55434
-6.55076
-6.55984
-6.58177
-6.61404
-6.65113
-6.6907
-6.7212
-6.74586
-6.76155
-6.76805
-6.76377
-6.75291
-6.73619
-6.71592
-6.69416
-6.67489
-6.65712
-6.64973
-6.64664
-6.65308
-6.66075
-6.67067
-6.68078
-6.68957
-6.69623
-6.70082
-6.70504
-6.70811
-6.71047
-6.71354
-6.71496
-6.71665
-6.7148
-6.70817
-6.70062
-6.6929
-6.6832
-6.67208
-6.65861
-6.6406
-6.62114
-6.60081
-6.57948
-6.56462
-6.55469
-6.55409
-6.56409
-6.58503
-6.61099
-6.64058
-6.66912
-6.69076
-6.70688
-6.71699
-6.71503
-6.71342
-6.70595
-6.69378
-6.6801
-6.66515
-6.6483
-6.63924
-6.63563
-6.63864
-6.64738
-6.65763
-6.66829
-6.68005
-6.68668
-6.6916
-6.68596
-6.67308
-6.65554
-6.63841
-6.62135
-6.60883
-6.60095
-6.59997
-6.60434
-6.6118
-6.62028
-6.62783
-6.63308
-6.6384
-6.64186
-6.64205
-6.63605
-6.62794
-6.61523
-6.60312
-6.59333
-6.58568
-6.58757
-6.5975
-6.61658
-6.64307
-6.67897
-6.7181
-6.76053
-6.8034
-6.84212
-6.87739
-6.90133
-6.91479
-6.9182
-6.90583
-6.87828
-6.83416
-6.77625
-6.71147
-6.64116
-6.57249
-6.51041
-6.4632
-6.44037
-6.43938
-6.45945
-6.49869
-6.54205
-6.58947
-6.63419
-6.67366
-6.7055
-6.72951
-6.74597
-6.75325
-6.7507
-6.73443
-6.71141
-6.68327
-6.64983
-6.6158
-6.58574
-6.56253
-6.54384
-6.52954
-6.51966
-6.51678
-6.51622
-6.52369
-6.53885
-6.56
-6.59062
-6.63025
-6.67357
-6.71744
-6.7543
-6.78114
-6.79796
-6.79884
-6.79083
-6.77779
-6.75918
-6.73867
-6.72047
-6.70899
-6.69848
-6.6922
-6.68578
-6.679
-6.67348
-6.66235
-6.65369
-6.6467
-6.63767
-6.62779
-6.61958
-6.61179
-6.60686
-6.60568
-6.60542
-6.60923
-6.61659
-6.62472
-6.63549
-6.64963
-6.66793
-6.68837
-6.7069
-6.72568
-6.73611
-6.74673
-6.75019
-6.74949
-6.74823
-6.74388
-6.73865
-6.73357
-6.72966
-6.72484
-6.71739
-6.71227
-6.70876
-6.70808
-6.70564
-6.70067
-6.6899
-6.67515
-6.65296
-6.62701
-6.59399
-6.56513
-6.5399
-6.52392
-6.51888
-6.52764
-6.55194
-6.58591
-6.62396
-6.66112
-6.69308
-6.715
-6.72823
-6.73107
-6.72521
-6.70872
-6.68821
-6.66311
-6.63699
-6.6166
-6.59909
-6.58588
-6.57738
-6.57442
-6.5807
-6.59131
-6.6055
-6.61921
-6.63301
-6.64464
-6.6563
-6.6628
-6.66977
-6.67885
-6.6889
-6.70503
-6.7245
-6.74737
-6.76889
-6.79139
-6.80694
-6.81477
-6.81243
-6.80345
-6.78539
-6.7538
-6.71481
-6.67629
-6.6395
-6.60917
-6.59363
-6.58871
-6.59277
-6.60119
-6.61047
-6.62069
-6.62971
-6.63324
-6.63352
-6.6303
-6.62251
-6.6131
-6.60783
-6.60472
-6.60891
-6.62016
-6.6338
-6.65331
-6.67386
-6.69283
-6.70494
-6.71074
-6.70966
-6.7061
-6.70032
-6.69206
-6.68715
-6.68389
-6.68714
-6.69315
-6.69984
-6.70801
-6.7141
-6.71789
-6.71915
-6.71462
-6.70775
-6.69713
-6.68076
-6.66031
-6.63481
-6.60673
-6.58009
-6.55919
-6.54725
-6.54591
-6.5557
-6.57231
-6.59258
-6.61365
-6.63197
-6.64843
-6.66177
-6.67568
-6.68995
-6.70399
-6.71509
-6.72142
-6.72021
-6.71629
-6.70476
-6.68954
-6.67486
-6.66177
-6.65173
-6.64785
-6.64418
-6.6406
-6.63852
-6.64042
-6.64499
-6.65437
-6.6686
-6.68734
-6.70811
-6.72511
-6.731
-6.72313
-6.70715
-6.68247
-6.6553
-6.63219
-6.615
-6.60563
-6.60315
-6.60385
-6.60727
-6.60806
-6.60512
-6.59886
-6.58796
-6.57449
-6.56474
-6.5619
-6.56846
-6.58748
-6.61697
-6.65242
-6.69114
-6.72868
-6.76036
-6.78473
-6.80122
-6.81106
-6.81406
-6.81738
-6.81891
-6.81985
-6.81829
-6.81754
-6.80942
-6.80126
-6.78819
-6.7679
-6.74458
-6.7136
-6.67956
-6.64799
-6.61853
-6.59148
-6.56323
-6.54104
-6.51859
-6.50121
-6.49017
-6.49248
-6.50742
-6.53044
-6.55696
-6.58341
-6.61084
-6.63468
-6.65805
-6.68086
-6.69839
-6.7161
-6.73267
-6.74131
-6.74232
-6.73994
-6.73157
-6.71826
-6.69798
-6.67396
-6.65317
-6.63166
-6.61624
-6.60557
-6.59997
-6.60111
-6.60581
-6.61704
-6.62663
-6.63913
-6.6471
-6.65539
-6.65933
-6.66139
-6.663
-6.65998
-6.657
-6.65303
-6.64952
-6.6476
-6.64457
-6.64301
-6.6414
-6.64326
-6.64841
-6.65301
-6.65873
-6.66321
-6.66816
-6.67118
-6.67745
-6.68022
-6.6859
-6.69447
-6.70562
-6.71497
-6.72259
-6.72766
-6.72834
-6.72319
-6.7132
-6.70002
-6.68566
-6.6678
-6.65258
-6.63497
-6.62487
-6.62394
-6.62792
-6.63715
-6.64699
-6.65174
-6.65869
-6.66483
-6.66961
-6.67349
-6.68269
-6.69315
-6.70424
-6.71033
-6.71243
-6.70921
-6.69886
-6.68649
-6.67337
-6.66133
-6.65478
-6.64598
-6.6412
-6.64211
-6.64404
-6.65163
-6.66221
-6.67434
-6.68347
-6.69124
-6.69521
-6.69512
-6.69109
-6.68488
-6.67471
-6.66446
-6.65006
-6.63365
-6.61712
-6.60014
-6.58226
-6.56599
-6.55289
-6.54536
-6.54791
-6.5598
-6.5783
-6.60387
-6.635
-6.66598
-6.69465
-6.71745
-6.73108
-6.73789
-6.73707
-6.73152
-6.72472
-6.71868
-6.71834
-6.71752
-6.72085
-6.72436
-6.72826
-6.7263
-6.72628
-6.72386
-6.71669
-6.70502
-6.69223
-6.6751
-6.6632
-6.65335
-6.64827
-6.64571
-6.64496
-6.64658
-6.65123
-6.65431
-6.65266
-6.64837
-6.64381
-6.63756
-6.63068
-6.62212
-6.6172
-6.61475
-6.61553
-6.62179
-6.63345
-6.64602
-6.65975
-6.66906
-6.675
-6.67677
-6.67378
-6.66687
-6.6547
-6.63811
-6.62013
-6.60561
-6.59611
-6.59919
-6.60756
-6.62442
-6.64068
-6.65807
-6.67393
-6.68733
-6.69969
-6.70865
-6.71696
-6.72221
-6.72421
-6.72359
-6.72524
-6.71754
-6.7136
-6.7143
-6.71522
-6.71762
-6.72213
-6.72556
-6.72782
-6.7243
-6.71235
-6.69283
-6.67016
-6.64505
-6.61899
-6.59833
-6.58077
-6.57
-6.56418
-6.56605
-6.57318
-6.58358
-6.5978
-6.61629
-6.63598
-6.65708
-6.67474
-6.68449
-6.69211
-6.69585
-6.69233
-6.68562
-6.67635
-6.66336
-6.64959
-6.63375
-6.61725
-6.60174
-6.59189
-6.5832
-6.58501
-6.59337
-6.61042
-6.63261
-6.65681
-6.68177
-6.70631
-6.72608
-6.74021
-6.75044
-6.75681
-6.75352
-6.74328
-6.72848
-6.70617
-6.68641
-6.66482
-6.64669
-6.63109
-6.61915
-6.61145
-6.60675
-6.60571
-6.60895
-6.61849
-6.62949
-6.6407
-6.65429
-6.66701
-6.68281
-6.7013
-6.72302
-6.74322
-6.76511
-6.78213
-6.79464
-6.8023
-6.79976
-6.78697
-6.7639
-6.72614
-6.67883
-6.62586
-6.57549
-6.533
-6.50422
-6.49284
-6.49836
-6.51241
-6.53497
-6.55715
-6.57917
-6.59995
-6.61516
-6.62637
-6.63337
-6.63387
-6.63163
-6.62917
-6.62593
-6.62541
-6.62607
-6.62715
-6.62992
-6.63461
-6.63724
-6.63856
-6.63958
-6.6381
-6.63652
-6.63308
-6.63097
-6.63037
-6.63349
-6.64262
-6.65612
-6.67544
-6.69473
-6.71476
-6.72882
-6.74171
-6.74893
-6.74988
-6.74123
-6.72629
-6.70605
-6.68341
-6.65897
-6.6392
-6.62173
-6.61245
-6.60721
-6.60826
-6.61183
-6.61894
-6.62487
-6.63322
-6.64428
-6.65541
-6.66743
-6.67738
-6.69168
-6.70093
-6.70611
-6.70535
-6.70017
-6.68774
-6.67393
-6.65886
-6.64621
-6.64105
-6.64177
-6.65288
-6.67432
-6.69761
-6.72275
-6.74303
-6.75775
-6.76278
-6.76089
-6.75265
-6.73623
-6.71846
-6.70038
-6.68582
-6.67344
-6.66461
-6.65342
-6.6416
-6.62613
-6.60763
-6.58847
-6.56939
-6.55123
-6.53382
-6.52328
-6.52028
-6.52435
-6.53543
-6.55424
-6.57778
-6.60232
-6.62743
-6.64936
-6.66772
-6.68349
-6.69845
-6.71226
-6.7268
-6.73646
-6.73793
-6.73278
-6.72005
-6.70187
-6.68608
-6.6772
-6.66835
-6.66529
-6.66578
-6.66607
-6.66032
-6.65141
-6.64067
-6.62423
-6.60684
-6.59135
-6.58149
-6.57366
-6.56963
-6.57211
-6.57703
-6.58299
-6.58571
-6.58854
-6.58963
-6.58654
-6.58157
-6.57833
-6.57562
-6.58137
-6.59509
-6.61736
-6.65177
-6.69355
-6.73874
-6.77996
-6.81898
-6.8493
-6.86427
-6.86634
-6.85439
-6.83305
-6.80543
-6.77572
-6.7492
-6.72543
-6.7048
-6.68987
-6.67735
-6.66442
-6.65041
-6.63987
-6.62962
-6.62272
-6.6182
-6.61585
-6.61807
-6.62346
-6.63051
-6.63912
-6.65108
-6.66387
-6.67431
-6.68368
-6.68648
-6.68745
-6.68283
-6.67651
-6.6628
-6.64177
-6.61421
-6.57964
-6.54342
-6.51282
-6.49079
-6.48391
-6.49323
-6.51301
-6.543
-6.57625
-6.61597
-6.65662
-6.69675
-6.73146
-6.7605
-6.77981
-6.78803
-6.78728
-6.77954
-6.7648
-6.74475
-6.72249
-6.69744
-6.6725
-6.64871
-6.62684
-6.60942
-6.59249
-6.58259
-6.57977
-6.58371
-6.59117
-6.60493
-6.62796
-6.65703
-6.6843
-6.70974
-6.72699
-6.73141
-6.72574
-6.70892
-6.6856
-6.66013
-6.63708
-6.61768
-6.60651
-6.60521
-6.61201
-6.62443
-6.6419
-6.66186
-6.68521
-6.70722
-6.73271
-6.75628
-6.78049
-6.79738
-6.80955
-6.81083
-6.8
-6.77879
-6.74744
-6.71283
-6.67548
-6.637
-6.60468
-6.58007
-6.5647
-6.55616
-6.55643
-6.56054
-6.56787
-6.57513
-6.58144
-6.58445
-6.58609
-6.59144
-6.6003
-6.61359
-6.63147
-6.64874
-6.66748
-6.68822
-6.70338
-6.71316
-6.71808
-6.71699
-6.70794
-6.69147
-6.66907
-6.64259
-6.61998
-6.60581
-6.60472
-6.61552
-6.63586
-6.6603
-6.68717
-6.70883
-6.72592
-6.73
-6.72533
-6.70884
-6.68352
-6.65014
-6.61482
-6.58302
-6.559
-6.5544
-6.56696
-6.59321
-6.63081
-6.67438
-6.71948
-6.76367
-6.79696
-6.81854
-6.82953
-6.82748
-6.81442
-6.79566
-6.77315
-6.75056
-6.73507
-6.72118
-6.70898
-6.697
-6.68243
-6.66657
-6.64961
-6.63332
-6.61995
-6.61008
-6.60661
-6.60922
-6.61896
-6.62812
-6.64148
-6.65322
-6.66258
-6.67284
-6.67963
-6.6881
-6.69216
-6.69101
-6.68691
-6.67706
-6.65976
-6.63569
-6.60748
-6.57767
-6.54829
-6.52687
-6.51627
-6.51676
-6.53339
-6.5606
-6.59426
-6.62916
-6.66418
-6.69574
-6.71977
-6.7415
-6.75748
-6.76603
-6.77099
-6.77199
-6.77093
-6.76707
-6.76549
-6.75947
-6.744
-6.72675
-6.7025
-6.67287
-6.64157
-6.61099
-6.59299
-6.58496
-6.58786
-6.59916
-6.61963
-6.63978
-6.6541
-6.66572
-6.66874
-6.66704
-6.65995
-6.6528
-6.64547
-6.64258
-6.64458
-6.65049
-6.65772
-6.66608
-6.67426
-6.68156
-6.69055
-6.69304
-6.69098
-6.68528
-6.67532
-6.66917
-6.66665
-6.66931
-6.6794
-6.69724
-6.71597
-6.73794
-6.75269
-6.75928
-6.75836
-6.74675
-6.72313
-6.69246
-6.65885
-6.62955
-6.60365
-6.58874
-6.58358
-6.59209
-6.61107
-6.63632
-6.66697
-6.69323
-6.71407
-6.72909
-6.73263
-6.72549
-6.70963
-6.68555
-6.65546
-6.61984
-6.58543
-6.55876
-6.53966
-6.53085
-6.53355
-6.5448
-6.56898
-6.59729
-6.63438
-6.67275
-6.70966
-6.74192
-6.7676
-6.78422
-6.79419
-6.7937
-6.78233
-6.76989
-6.75236
-6.73847
-6.72615
-6.71809
-6.71666
-6.71657
-6.71933
-6.7209
-6.7207
-6.72086
-6.71966
-6.71828
-6.7147
-6.70564
-6.69396
-6.6809
-6.6665
-6.6545
-6.64489
-6.64134
-6.63722
-6.6395
-6.64467
-6.65357
-6.6688
-6.68646
-6.70716
-6.72701
-6.74143
-6.74993
-6.75237
-6.74987
-6.74132
-6.72698
-6.70956
-6.68713
-6.66517
-6.64426
-6.62434
-6.60884
-6.59576
-6.58763
-6.58313
-6.58233
-6.58554
-6.59169
-6.59886
-6.60862
-6.61433
-6.61874
-6.61786
-6.61517
-6.60688
-6.59842
-6.59131
-6.58291
-6.57927
-6.5762
-6.57881
-6.58705
-6.59885
-6.614
-6.6294
-6.64434
-6.66014
-6.67229
-6.68107
-6.68689
-6.68886
-6.68441
-6.67941
-6.67443
-6.67602
-6.68206
-6.69575
-6.71847
-6.74295
-6.76498
-6.78426
-6.79978
-6.80612
-6.80623
-6.79939
-6.78799
-6.77475
-6.76197
-6.75197
-6.74257
-6.73428
-6.72438
-6.71476
-6.70488
-6.69046
-6.67437
-6.65955
-6.64198
-6.62314
-6.60305
-6.58574
-6.57034
-6.56413
-6.56871
-6.58046
-6.59706
-6.61482
-6.63293
-6.64799
-6.66051
-6.66908
-6.67665
-6.68254
-6.68355
-6.68182
-6.67594
-6.66781
-6.65505
-6.64527
-6.63596
-6.6249
-6.61465
-6.60087
-6.58912
-6.57713
-6.56523
-6.55458
-6.55042
-6.5515
-6.56088
-6.57796
-6.60278
-6.6328
-6.66537
-6.69812
-6.72776
-6.75272
-6.77036
-6.7792
-6.77979
-6.7781
-6.76955
-6.75778
-6.74055
-6.72376
-6.70517
-6.68435
-6.66351
-6.64364
-6.63197
-6.62723
-6.62985
-6.63812
-6.65108
-6.66766
-6.67845
-6.68569
-6.68528
-6.6782
-6.66591
-6.65196
-6.64019
-6.62933
-6.62506
-6.6243
-6.62595
-6.63273
-6.64467
-6.66205
-6.68054
-6.7027
-6.72203
-6.73698
-6.74369
-6.74283
-6.73218
-6.70904
-6.67951
-6.64794
-6.60971
-6.57417
-6.54839
-6.53371
-6.53248
-6.54058
-6.55671
-6.57302
-6.59453
-6.61956
-6.64383
-6.66455
-6.68388
-6.69932
-6.71276
-6.71846
-6.72155
-6.72143
-6.72051
-6.71853
-6.71601
-6.71208
-6.70329
-6.69093
-6.67863
-6.66132
-6.64423
-6.62529
-6.60966
-6.59624
-6.58929
-6.59176
-6.59937
-6.61349
-6.6325
-6.65509
-6.67221
-6.68827
-6.7062
-6.72138
-6.72982
-6.73331
-6.72832
-6.71562
-6.69949
-6.68698
-6.67733
-6.67259
-6.67688
-6.6869
-6.70275
-6.71534
-6.72794
-6.73281
-6.73053
-6.72201
-6.71159
-6.70024
-6.69361
-6.68715
-6.68763
-6.68944
-6.6919
-6.69109
-6.69159
-6.68794
-6.68418
-6.67389
-6.66363
-6.65131
-6.6351
-6.62086
-6.6037
-6.58943
-6.58069
-6.5808
-6.58519
-6.59394
-6.60994
-6.62861
-6.64421
-6.6518
-6.65615
-6.6524
-6.64168
-6.62593
-6.60966
-6.59283
-6.58003
-6.57043
-6.55997
-6.5521
-6.5452
-6.54094
-6.53862
-6.53823
-6.54592
-6.56515
-6.59287
-6.62583
-6.66383
-6.69989
-6.7282
-6.74976
-6.75632
-6.75393
-6.743
-6.7271
-6.71043
-6.69047
-6.67456
-6.65989
-6.64549
-6.63508
-6.62542
-6.62237
-6.62281
-6.62885
-6.64467
-6.669
-6.69841
-6.73096
-6.76209
-6.79063
-6.81285
-6.82712
-6.83264
-6.83167
-6.82326
-6.80715
-6.78627
-6.7573
-6.72575
-6.68989
-6.65633
-6.63054
-6.6151
-6.61138
-6.62125
-6.63926
-6.66028
-6.67558
-6.68281
-6.67916
-6.6689
-6.64576
-6.61899
-6.58794
-6.55504
-6.52469
-6.50091
-6.48577
-6.47999
-6.48666
-6.5033
-6.53189
-6.56876
-6.60402
-6.63919
-6.66735
-6.69099
-6.70337
-6.71208
-6.71538
-6.71392
-6.71129
-6.70521
-6.69953
-6.69525
-6.69189
-6.68835
-6.6864
-6.6855
-6.68431
-6.67958
-6.67599
-6.67052
-6.66306
-6.65569
-6.65267
-6.65081
-6.64894
-6.64811
-6.64941
-6.6484
-6.6516
-6.65465
-6.66042
-6.66316
-6.66586
-6.66614
-6.66561
-6.66204
-6.66097
-6.65839
-6.65757
-6.6634
-6.67213
-6.684
-6.69895
-6.71059
-6.72247
-6.73208
-6.74011
-6.74471
-6.74962
-6.7533
-6.75191
-6.74221
-6.72462
-6.6941
-6.65503
-6.61389
-6.57173
-6.53547
-6.50436
-6.48792
-6.49127
-6.5065
-6.53833
-6.57415
-6.61223
-6.64858
-6.67695
-6.69925
-6.71454
-6.7246
-6.73011
-6.72789
-6.72113
-6.70881
-6.69252
-6.67358
-6.65477
-6.64042
-6.63228
-6.63002
-6.63256
-6.63932
-6.64694
-6.65244
-6.65555
-6.65919
-6.65933
-6.65855
-6.6571
-6.65999
-6.66442
-6.67289
-6.68426
-6.7005
-6.71277
-6.72421
-6.73113
-6.72967
-6.72073
-6.70651
-6.68432
-6.66313
-6.64279
-6.62633
-6.61655
-6.6152
-6.61234
-6.61543
-6.61969
-6.62289
-6.62371
-6.62183
-6.62048
-6.6218
-6.62698
-6.64339
-6.66363
-6.68884
-6.71583
-6.73991
-6.75741
-6.76956
-6.77554
-6.77626
-6.77178
-6.76403
-6.74874
-6.73475
-6.71572
-6.69214
-6.66594
-6.64024
-6.616
-6.59185
-6.56891
-6.5518
-6.54003
-6.53489
-6.53736
-6.54743
-6.56235
-6.58497
-6.61143
-6.64204
-6.67095
-6.70187
-6.73126
-6.75538
-6.77335
-6.78578
-6.79087
-6.78805
-6.78293
-6.76947
-6.75326
-6.73571
-6.71621
-6.69114
-6.66648
-6.64356
-6.62675
-6.61075
-6.60215
-6.59577
-6.59402
-6.59592
-6.60199
-6.6124
-6.62412
-6.63785
-6.65213
-6.66523
-6.67816
-6.68707
-6.69551
-6.70102
-6.70119
-6.69738
-6.69174
-6.68058
-6.66808
-6.65066
-6.63572
-6.62295
-6.61152
-6.60562
-6.60211
-6.60721
-6.61772
-6.63653
-6.6578
-6.67826
-6.69686
-6.71048
-6.72258
-6.73068
-6.72868
-6.7234
-6.71335
-6.69819
-6.67594
-6.65177
-6.62487
-6.60139
-6.58567
-6.58591
-6.5998
-6.62861
-6.66295
-6.69771
-6.72788
-6.75183
-6.77143
-6.77836
-6.77918
-6.76828
-6.74828
-6.71751
-6.67899
-6.6378
-6.59494
-6.55934
-6.5348
-6.52522
-6.53151
-6.54994
-6.57122
-6.59474
-6.62018
-6.64176
-6.66392
-6.68576
-6.70683
-6.72604
-6.74549
-6.75854
-6.76937
-6.77266
-6.77019
-6.76187
-6.75068
-6.73193
-6.70889
-6.68426
-6.66365
-6.64375
-6.62835
-6.61873
-6.61609
-6.61673
-6.62628
-6.64004
-6.65245
-6.66471
-6.67566
-6.68417
-6.68397
-6.68327
-6.67753
-6.67285
-6.66449
-6.65447
-6.64303
-6.63649
-6.62613
-6.61557
-6.60765
-6.59941
-6.5922
-6.58459
-6.5785
-6.57647
-6.57586
-6.58326
-6.59591
-6.6159
-6.63731
-6.66246
-6.68875
-6.71568
-6.73894
-6.75585
-6.76369
-6.7596
-6.75213
-6.73641
-6.72514
-6.71719
-6.71307
-6.71363
-6.71669
-6.71379
-6.7072
-6.69691
-6.68285
-6.66931
-6.65411
-6.63986
-6.62677
-6.61668
-6.61027
-6.60653
-6.60615
-6.61009
-6.6183
-6.62644
-6.63948
-6.65159
-6.65981
-6.66403
-6.66117
-6.65245
-6.63932
-6.62111
-6.60331
-6.58385
-6.56896
-6.56024
-6.55962
-6.56616
-6.57996
-6.60306
-6.63144
-6.659
-6.68715
-6.70714
-6.72103
-6.72961
-6.73718
-6.73558
-6.73345
-6.72953
-6.72447
-6.71739
-6.70591
-6.69067
-6.67476
-6.66006
-6.64518
-6.63305
-6.62277
-6.61857
-6.6201
-6.62461
-6.62796
-6.63452
-6.64072
-6.64468
-6.64972
-6.65686
-6.66623
-6.67795
-6.69276
-6.70636
-6.71792
-6.72811
-6.73683
-6.7389
-6.73742
-6.73328
-6.72872
-6.72102
-6.70894
-6.69736
-6.68881
-6.67858
-6.66966
-6.65962
-6.6499
-6.6372
-6.62643
-6.61453
-6.60358
-6.6032
-6.61122
-6.62878
-6.65447
-6.68075
-6.70082
-6.71159
-6.71241
-6.69505
-6.66608
-6.63019
-6.59355
-6.55834
-6.53057
-6.51732
-6.51756
-6.52938
-6.54832
-6.57158
-6.59898
-6.62652
-6.65401
-6.67921
-6.70633
-6.72766
-6.7406
-6.74829
-6.7517
-6.74452
-6.73803
-6.72491
-6.70849
-6.69093
-6.67115
-6.65448
-6.64303
-6.63212
-6.62572
-6.62388
-6.62535
-6.63266
-6.64531
-6.65833
-6.67434
-6.69202
-6.70867
-6.72865
-6.74354
-6.75852
-6.76875
-6.77284
-6.7684
-6.75915
-6.74566
-6.72543
-6.70546
-6.68287
-6.66069
-6.63786
-6.61767
-6.60094
-6.59145
-6.59158
-6.59878
-6.61835
-6.64544
-6.67602
-6.70447
-6.72413
-6.73607
-6.73752
-6.72992
-6.71018
-6.6816
-6.6491
-6.61693
-6.59101
-6.57113
-6.5618
-6.56276
-6.57369
-6.59009
-6.60656
-6.62708
-6.65081
-6.67387
-6.6954
-6.71561
-6.72945
-6.73977
-6.74369
-6.74173
-6.736
-6.72727
-6.71747
-6.70818
-6.69616
-6.68424
-6.67294
-6.66154
-6.64981
-6.64061
-6.62993
-6.62236
-6.62288
-6.62666
-6.63396
-6.64655
-6.66185
-6.67375
-6.6838
-6.68823
-6.68641
-6.68167
-6.67313
-6.66087
-6.64775
-6.63226
-6.61874
-6.60538
-6.59151
-6.58421
-6.58123
-6.58616
-6.59581
-6.61136
-6.63078
-6.64582
-6.66129
-6.67071
-6.67629
-6.67916
-6.68064
-6.67996
-6.68061
-6.68182
-6.68297
-6.6858
-6.68968
-6.69214
-6.69138
-6.69058
-6.68965
-6.6922
-6.69453
-6.69215
-6.68804
-6.6836
-6.67985
-6.67916
-6.68186
-6.68963
-6.69129
-6.69394
-6.68498
-6.66726
-6.64154
-6.60877
-6.58002
-6.55744
-6.54311
-6.53871
-6.54532
-6.55672
-6.57177
-6.5901
-6.60985
-6.63378
-6.65745
-6.68202
-6.70299
-6.72156
-6.732
-6.73398
-6.72741
-6.71541
-6.70011
-6.68488
-6.67202
-6.66793
-6.66656
-6.67004
-6.6766
-6.68831
-6.70013
-6.70778
-6.70938
-6.70609
-6.70075
-6.68862
-6.67753
-6.6681
-6.66144
-6.65573
-6.6504
-6.64416
-6.63363
-6.62071
-6.60544
-6.59018
-6.58403
-6.58691
-6.60033
-6.62152
-6.64733
-6.67084
-6.69245
-6.70991
-6.72235
-6.73037
-6.73581
-6.73514
-6.72907
-6.71701
-6.70218
-6.68531
-6.66727
-6.65561
-6.64901
-6.64569
-6.64849
-6.651
-6.6522
-6.65221
-6.65066
-6.64227
-6.6326
-6.6216
-6.61425
-6.61563
-6.62002
-6.6296
-6.64629
-6.6628
-6.6761
-6.68265
-6.68623
-6.68353
-6.6784
-6.6684
-6.65499
-6.64286
-6.63452
-6.6271
-6.62045
-6.61503
-6.6124
-6.61335
-6.61599
-6.61968
-6.6296
-6.64137
-6.65811
-6.67421
-6.68934
-6.70548
-6.71957
-6.72925
-6.73535
-6.73802
-6.73331
-6.72254
-6.70811
-6.68881
-6.66474
-6.63904
-6.61423
-6.59061
-6.5733
-6.56077
-6.55618
-6.55868
-6.57002
-6.58905
-6.61034
-6.63118
-6.64954
-6.66136
-6.66777
-6.66584
-6.66161
-6.65011
-6.63276
-6.61554
-6.60111
-6.59008
-6.58683
-6.59308
-6.61134
-6.63721
-6.66825
-6.70158
-6.73374
-6.76228
-6.77796
-6.78417
-6.77916
-6.76085
-6.73401
-6.69893
-6.66026
-6.61885
-6.58689
-6.56601
-6.5599
-6.57026
-6.59204
-6.62366
-6.66228
-6.69557
-6.72238
-6.74162
-6.74773
-6.74844
-6.74589
-6.74058
-6.73793
-6.73607
-6.7353
-6.73266
-6.72601
-6.71664
-6.69749
-6.67496
-6.64882
-6.6214
-6.59742
-6.57715
-6.56063
-6.54685
-6.53575
-6.52683
-6.52168
-6.52035
-6.52184
-6.53021
-6.54476
-6.57199
-6.6035
-6.6415
-6.67628
-6.70252
-6.71983
-6.72312
-6.71659
-6.70299
-6.68391
-6.66537
-6.65026
-6.64094
-6.63895
-6.64672
-6.66116
-6.6786
-6.69332
-6.70584
-6.71523
-6.72219
-6.72854
-6.73313
-6.73632
-6.73145
-6.72632
-6.71391
-6.70051
-6.67887
-6.65847
-6.63904
-6.61684
-6.59667
-6.57566
-6.56285
-6.55814
-6.56391
-6.58322
-6.61581
-6.65231
-6.69128
-6.72358
-6.74924
-6.76929
-6.77896
-6.77897
-6.77269
-6.75716
-6.7349
-6.70786
-6.68119
-6.65358
-6.62678
-6.60603
-6.59298
-6.58985
-6.59478
-6.60635
-6.61972
-6.63733
-6.65277
-6.66773
-6.68267
-6.69465
-6.70416
-6.71104
-6.71199
-6.70774
-6.70277
-6.69922
-6.70249
-6.70525
-6.70791
-6.70676
-6.70692
-6.70456
-6.69925
-6.69753
-6.69269
-6.69072
-6.69146
-6.68802
-6.68256
-6.67547
-6.66437
-6.65124
-6.63773
-6.62247
-6.60877
-6.59612
-6.58531
-6.57984
-6.57556
-6.5781
-6.58452
-6.59679
-6.61362
-6.63332
-6.65519
-6.6737
-6.68494
-6.69194
-6.69221
-6.68918
-6.6852
-6.67477
-6.66667
-6.65742
-6.65041
-6.64192
-6.63656
-6.63286
-6.6332
-6.63077
-6.63003
-6.62852
-6.62481
-6.62201
-6.61958
-6.61968
-6.6184
-6.62703
-6.64441
-6.66663
-6.69342
-6.7188
-6.73901
-6.75282
-6.7559
-6.75152
-6.74164
-6.72663
-6.71009
-6.69157
-6.67556
-6.66094
-6.65134
-6.64621
-6.6483
-6.65367
-6.6641
-6.68012
-6.69937
-6.72114
-6.73858
-6.75388
-6.76508
-6.76705
-6.75996
-6.74229
-6.71598
-6.68158
-6.64724
-6.61349
-6.58615
-6.56855
-6.55995
-6.5599
-6.56824
-6.5796
-6.58968
-6.59924
-6.60385
-6.60199
-6.59563
-6.58859
-6.57855
-6.57538
-6.57655
-6.5796
-6.58588
-6.59127
-6.60157
-6.61358
-6.6295
-6.64389
-6.66413
-6.68962
-6.71928
-6.74458
-6.76561
-6.77706
-6.77793
-6.76806
-6.74888
-6.72424
-6.70247
-6.68737
-6.6798
-6.68211
-6.68864
-6.70024
-6.71135
-6.72164
-6.72794
-6.72968
-6.72263
-6.71909
-6.71083
-6.70561
-6.70385
-6.70043
-6.7017
-6.70466
-6.70742
-6.7112
-6.71427
-6.71486
-6.71515
-6.70836
-6.6968
-6.68227
-6.66559
-6.64608
-6.62789
-6.61141
-6.59589
-6.58518
-6.57604
-6.56975
-6.56523
-6.565
-6.56549
-6.56835
-6.57334
-6.57881
-6.58442
-6.5871
-6.58877
-6.59249
-6.59712
-6.6033
-6.61172
-6.62062
-6.62799
-6.63369
-6.63575
-6.63459
-6.62706
-6.61422
-6.59455
-6.5727
-6.55236
-6.53696
-6.52745
-6.52978
-6.54197
-6.56123
-6.58815
-6.61844
-6.64738
-6.6758
-6.70179
-6.72474
-6.7506
-6.77419
-6.79719
-6.81421
-6.82635
-6.83408
-6.83103
-6.82276
-6.80543
-6.78481
-6.76359
-6.74726
-6.73881
-6.7366
-6.73587
-6.73446
-6.7285
-6.71999
-6.70581
-6.68666
-6.66369
-6.63864
-6.61716
-6.59589
-6.5829
-6.57754
-6.57989
-6.58943
-6.60225
-6.61589
-6.62544
-6.62595
-6.61622
-6.59947
-6.57992
-6.56288
-6.55517
-6.55838
-6.57351
-6.59883
-6.63428
-6.6705
-6.70922
-6.73901
-6.76036
-6.77103
-6.77172
-6.76269
-6.74975
-6.73539
-6.71746
-6.70386
-6.69211
-6.68512
-6.68139
-6.67893
-6.67588
-6.67413
-6.66791
-6.65709
-6.64603
-6.63385
-6.62508
-6.61858
-6.61845
-6.61996
-6.62533
-6.63402
-6.64038
-6.64481
-6.64389
-6.63743
-6.62682
-6.61443
-6.5967
-6.58355
-6.57408
-6.56725
-6.56437
-6.56271
-6.56847
-6.57935
-6.59468
-6.61841
-6.64904
-6.68129
-6.7128
-6.73729
-6.752
-6.7561
-6.7507
-6.73849
-6.72434
-6.71107
-6.70311
-6.69842
-6.70182
-6.70695
-6.71282
-6.72126
-6.7304
-6.74206
-6.74989
-6.75153
-6.74834
-6.73841
-6.72353
-6.70604
-6.68429
-6.66369
-6.64534
-6.62871
-6.61286
-6.59987
-6.58995
-6.57942
-6.57128
-6.56194
-6.55544
-6.55611
-6.5669
-6.58372
-6.61026
-6.64407
-6.68249
-6.7223
-6.75574
-6.7834
-6.80087
-6.80808
-6.80394
-6.78983
-6.76793
-6.74113
-6.71722
-6.69638
-6.67988
-6.66499
-6.6524
-6.63868
-6.62196
-6.60428
-6.58628
-6.5713
-6.55837
-6.55118
-6.54778
-6.5493
-6.56037
-6.57507
-6.59347
-6.61021
-6.62178
-6.62882
-6.63142
-6.6271
-6.62331
-6.62752
-6.63828
-6.65774
-6.67998
-6.71203
-6.73798
-6.75778
-6.76792
-6.76879
-6.75939
-6.74045
-6.71998
-6.69635
-6.67291
-6.65482
-6.64203
-6.63702
-6.6364
-6.64303
-6.65294
-6.66407
-6.67286
-6.67846
-6.68075
-6.68145
-6.67923
-6.67548
-6.67067
-6.66661
-6.66262
-6.66147
-6.65511
-6.64546
-6.63696
-6.62763
-6.62065
-6.6155
-6.61222
-6.61153
-6.61584
-6.62659
-6.6419
-6.65947
-6.67579
-6.69065
-6.69921
-6.70315
-6.69918
-6.68778
-6.67112
-6.65224
-6.63278
-6.61471
-6.59891
-6.5874
-6.57962
-6.57571
-6.57524
-6.57578
-6.57792
-6.57826
-6.57982
-6.58133
-6.58745
-6.5987
-6.61197
-6.6289
-6.65016
-6.6731
-6.69636
-6.71842
-6.73805
-6.75561
-6.76675
-6.77027
-6.76877
-6.76048
-6.74958
-6.74214
-6.73305
-6.72718
-6.7273
-6.72902
-6.7282
-6.72414
-6.71781
-6.70969
-6.70084
-6.69534
-6.68983
-6.68361
-6.67806
-6.67124
-6.6612
-6.64749
-6.62964
-6.61372
-6.59809
-6.58701
-6.58008
-6.57778
-6.58067
-6.58768
-6.59699
-6.61009
-6.63068
-6.65606
-6.68896
-6.72229
-6.75144
-6.77647
-6.79239
-6.79781
-6.79123
-6.77179
-6.74772
-6.716
-6.68379
-6.65442
-6.63247
-6.61286
-6.59913
-6.58976
-6.58474
-6.58286
-6.58854
-6.60005
-6.61515
-6.63008
-6.64473
-6.65517
-6.65677
-6.65389
-6.64513
-6.63166
-6.62056
-6.61215
-6.60641
-6.60494
-6.60472
-6.60468
-6.60516
-6.60393
-6.60392
-6.60358
-6.60789
-6.61454
-6.62646
-6.63585
-6.65064
-6.66747
-6.68561
-6.70411
-6.72366
-6.74375
-6.76124
-6.77271
-6.78134
-6.7823
-6.77667
-6.76208
-6.73864
-6.71026
-6.68259
-6.6553
-6.62772
-6.60807
-6.59439
-6.59051
-6.59303
-6.60412
-6.62058
-6.63632
-6.65353
-6.66946
-6.68137
-6.69356
-6.70519
-6.71573
-6.72328
-6.73285
-6.74212
-6.74639
-6.74906
-6.75169
-6.75419
-6.75386
-6.7512
-6.74327
-6.72768
-6.71017
-6.68669
-6.66107
-6.63943
-6.6217
-6.61279
-6.61138
-6.61589
-6.62034
-6.6216
-6.62068
-6.61593
-6.61099
-6.60594
-6.60238
-6.60038
-6.60449
-6.61042
-6.61834
-6.62422
-6.63153
-6.63127
-6.63195
-6.63192
-6.63321
-6.63805
-6.64462
-6.65436
-6.66789
-6.68295
-6.70073
-6.72222
-6.73983
-6.75193
-6.76191
-6.76525
-6.76339
-6.75671
-6.74754
-6.73525
-6.7232
-6.71044
-6.69544
-6.67952
-6.66014
-6.64383
-6.63156
-6.61892
-6.61174
-6.61128
-6.61417
-6.62092
-6.62752
-6.63196
-6.63179
-6.63046
-6.62178
-6.61293
-6.60301
-6.59567
-6.58893
-6.58747
-6.58997
-6.59699
-6.60787
-6.61915
-6.63092
-6.64241
-6.65506
-6.6692
-6.68086
-6.69153
-6.6981
-6.7037
-6.70701
-6.70773
-6.70844
-6.71011
-6.71165
-6.71825
-6.72992
-6.74158
-6.75531
-6.77028
-6.78187
-6.79047
-6.7912
-6.78602
-6.77052
-6.74943
-6.71679
-6.68088
-6.64338
-6.60483
-6.57226
-6.54486
-6.52928
-6.52297
-6.52486
-6.53656
-6.559
-6.58783
-6.61778
-6.64985
-6.67597
-6.69541
-6.70528
-6.7049
-6.69577
-6.68057
-6.66506
-6.64973
-6.64334
-6.64822
-6.66592
-6.69481
-6.72658
-6.75626
-6.78008
-6.79129
-6.78971
-6.77607
-6.75278
-6.72015
-6.68783
-6.66176
-6.64339
-6.63085
-6.62304
-6.62007
-6.61707
-6.61807
-6.61972
-6.62534
-6.63058
-6.64077
-6.649
-6.65485
-6.66226
-6.66633
-6.66899
-6.67296
-6.67354
-6.66833
-6.65647
-6.64164
-6.62881
-6.61772
-6.61369
-6.61804
-6.62779
-6.64472
-6.66772
-6.69215
-6.71602
-6.73489
-6.74808
-6.75563
-6.76082
-6.75845
-6.75095
-6.74184
-6.73314
-6.72487
-6.71701
-6.70516
-6.69149
-6.6758
-6.65494
-6.63378
-6.61387
-6.59608
-6.57902
-6.56752
-6.55909
-6.5538
-6.55158
-6.55353
-6.55564
-6.56066
-6.56782
-6.57673
-6.58719
-6.59946
-6.60765
-6.61501
-6.61928
-6.62
-6.61364
-6.60721
-6.6021
-6.60091
-6.60642
-6.61984
-6.63685
-6.65811
-6.68082
-6.70672
-6.72992
-6.75088
-6.76883
-6.78272
-6.79208
-6.79564
-6.79383
-6.78858
-6.77974
-6.76974
-6.75324
-6.73296
-6.71235
-6.69185
-6.67147
-6.6538
-6.63993
-6.62684
-6.61679
-6.60993
-6.60797
-6.61085
-6.61958
-6.63471
-6.65039
-6.66918
-6.6856
-6.69873
-6.70549
-6.70399
-6.69348
-6.6762
-6.65577
-6.63535
-6.61671
-6.6013
-6.59178
-6.58679
-6.58775
-6.59073
-6.59195
-6.59687
-6.60233
-6.61102
-6.62593
-6.64411
-6.66688
-6.69626
-6.72959
-6.75841
-6.78507
-6.80127
-6.80643
-6.79648
-6.77363
-6.74194
-6.70218
-6.66448
-6.62908
-6.60201
-6.57971
-6.56418
-6.55398
-6.54431
-6.53606
-6.5321
-6.5306
-6.53373
-6.54253
-6.55667
-6.57618
-6.59646
-6.61577
-6.63295
-6.64962
-6.66596
-6.68662
-6.70732
-6.72887
-6.74573
-6.76336
-6.77373
-6.78223
-6.78107
-6.77228
-6.76079
-6.74261
-6.72333
-6.69899
-6.67251
-6.6469
-6.63338
-6.62505
-6.62594
-6.63573
-6.65082
-6.66208
-6.67081
-6.67087
-6.66473
-6.65553
-6.6478
-6.64184
-6.63521
-6.63025
-6.62787
-6.6262
-6.62679
-6.63496
-6.64293
-6.6576
-6.67592
-6.6943
-6.70904
-6.7217
-6.72632
-6.7246
-6.71702
-6.70767
-6.69013
-6.67061
-6.64951
-6.62683
-6.60921
-6.59729
-6.59461
-6.59986
-6.6089
-6.62124
-6.63182
-6.64333
-6.6563
-6.67411
-6.69355
-6.71351
-6.73092
-6.74331
-6.74896
-6.75207
-6.74429
-6.72808
-6.70274
-6.66799
-6.63035
-6.59653
-6.5701
-6.55396
-6.54877
-6.55606
-6.56932
-6.58893
-6.60992
-6.63438
-6.65954
-6.68324
-6.70324
-6.72233
-6.74212
-6.75768
-6.77066
-6.77951
-6.78679
-6.79235
-6.7949
-6.79143
-6.78451
-6.77018
-6.74976
-6.72661
-6.70114
-6.68016
-6.66879
-6.66518
-6.67023
-6.67368
-6.67622
-6.6795
-6.67956
-6.67316
-6.6606
-6.64119
-6.61579
-6.58792
-6.56144
-6.54498
-6.5409
-6.54752
-6.56754
-6.59583
-6.62682
-6.65033
-6.66775
-6.6717
-6.66764
-6.65495
-6.64273
-6.63054
-6.62095
-6.6168
-6.62376
-6.63453
-6.6491
-6.66614
-6.68273
-6.69551
-6.70891
-6.71631
-6.71796
-6.71298
-6.70507
-6.68784
-6.66786
-6.64457
-6.62395
-6.60985
-6.60462
-6.60743
-6.62111
-6.63944
-6.66151
-6.6843
-6.70465
-6.72062
-6.73287
-6.73949
-6.74002
-6.73387
-6.71978
-6.69755
-6.66911
-6.63702
-6.60629
-6.58457
-6.57096
-6.56715
-6.57304
-6.5885
-6.61027
-6.63432
-6.65638
-6.67679
-6.69361
-6.70898
-6.72306
-6.7321
-6.74005
-6.74689
-6.74977
-6.75325
-6.75299
-6.7473
-6.741
-6.73043
-6.71684
-6.70089
-6.68898
-6.68221
-6.68928
-6.70292
-6.72883
-6.75296
-6.77515
-6.78958
-6.78971
-6.77575
-6.75109
-6.71906
-6.68645
-6.65695
-6.63215
-6.61461
-6.60174
-6.59109
-6.57827
-6.56828
-6.55708
-6.54672
-6.53815
-6.52862
-6.52082
-6.51646
-6.51345
-6.51157
-6.51249
-6.52012
-6.53233
-6.55031
-6.57257
-6.60335
-6.63408
-6.66663
-6.69518
-6.7218
-6.74226
-6.75576
-6.76659
-6.77137
-6.77522
-6.78036
-6.78764
-6.79286
-6.7963
-6.7943
-6.78608
-6.7705
-6.74579
-6.72126
-6.69765
-6.68413
-6.6794
-6.68571
-6.68996
-6.69243
-6.68943
-6.68087
-6.6638
-6.64254
-6.62242
-6.604
-6.59231
-6.58243
-6.5738
-6.57264
-6.57208
-6.57172
-6.57428
-6.5783
-6.58614
-6.59522
-6.61069
-6.63175
-6.65357
-6.67632
-6.69358
-6.70427
-6.70755
-6.70548
-6.69914
-6.69092
-6.68028
-6.67014
-6.66453
-6.66216
-6.66494
-6.66908
-6.67626
-6.6809
-6.68237
-6.68111
-6.67638
-6.66915
-6.65508
-6.64088
-6.62434
-6.60817
-6.59658
-6.59056
-6.58923
-6.59593
-6.60928
-6.62708
-6.6463
-6.66322
-6.68167
-6.69707
-6.70665
-6.7088
-6.70218
-6.68936
-6.66868
-6.64631
-6.6259
-6.61163
-6.60867
-6.62263
-6.64655
-6.67471
-6.7107
-6.74228
-6.76658
-6.78622
-6.79991
-6.80442
-6.80309
-6.79657
-6.78308
-6.76771
-6.75066
-6.72916
-6.70507
-6.67798
-6.64941
-6.62156
-6.59679
-6.5751
-6.56518
-6.56251
-6.56715
-6.57845
-6.59063
-6.60481
-6.62209
-6.63951
-6.65869
-6.67654
-6.69543
-6.70989
-6.72105
-6.72956
-6.73374
-6.73264
-6.72617
-6.713
-6.6998
-6.68196
-6.66373
-6.64765
-6.63763
-6.63338
-6.63954
-6.6505
-6.66396
-6.68006
-6.69325
-6.7024
-6.70537
-6.70481
-6.70054
-6.69346
-6.68753
-6.68059
-6.67058
-6.65434
-6.63285
-6.60787
-6.57619
-6.53681
-6.49898
-6.46615
-6.44325
-6.42894
-6.43027
-6.44843
-6.48134
-6.52735
-6.58298
-6.64284
-6.70148
-6.75884
-6.81073
-6.85128
-6.87593
-6.88892
-6.88989
-6.87897
-6.85757
-6.83091
-6.80201
-6.77886
-6.75716
-6.73951
-6.72412
-6.7117
-6.69927
-6.68706
-6.67828
-6.66704
-6.65918
-6.64951
-6.64705
-6.64578
-6.65294
-6.6635
-6.67324
-6.68203
-6.68664
-6.69325
-6.69642
-6.69637
-6.69213
-6.68448
-6.66898
-6.64649
-6.62028
-6.5916
-6.57063
-6.5613
-6.56196
-6.56835
-6.58018
-6.59536
-6.61086
-6.62667
-6.63893
-6.65363
-6.66705
-6.67704
-6.68129
-6.68468
-6.68785
-6.68644
-6.68489
-6.67925
-6.66768
-6.65343
-6.63594
-6.61948
-6.60896
-6.59871
-6.59537
-6.59797
-6.60595
-6.6167
-6.62664
-6.6384
-6.64754
-6.65104
-6.65346
-6.65382
-6.65463
-6.65796
-6.66648
-6.67579
-6.68636
-6.69719
-6.70423
-6.70955
-6.71023
-6.70607
-6.69732
-6.68407
-6.66837
-6.65336
-6.63884
-6.6241
-6.6144
-6.61432
-6.61652
-6.62873
-6.6448
-6.66159
-6.68382
-6.70174
-6.71423
-6.7206
-6.71621
-6.70898
-6.69356
-6.67725
-6.66304
-6.64801
-6.63599
-6.62909
-6.62518
-6.62204
-6.61523
-6.6092
-6.60649
-6.60649
-6.61099
-6.62008
-6.63124
-6.64354
-6.65961
-6.67358
-6.68405
-6.68794
-6.68552
-6.68009
-6.6707
-6.65985
-6.65058
-6.63885
-6.63115
-6.62735
-6.63007
-6.63696
-6.6508
-6.6685
-6.68984
-6.70728
-6.71775
-6.72082
-6.71972
-6.71414
-6.70616
-6.69454
-6.68877
-6.68459
-6.68099
-6.67991
-6.67655
-6.67102
-6.6655
-6.65751
-6.64849
-6.64535
-6.64322
-6.6471
-6.66038
-6.67915
-6.70336
-6.72936
-6.75517
-6.775
-6.7877
-6.78843
-6.77857
-6.76283
-6.73758
-6.7091
-6.67994
-6.65358
-6.62956
-6.60762
-6.58453
-6.55985
-6.5383
-6.52151
-6.51089
-6.51195
-6.52751
-6.55678
-6.59429
-6.63549
-6.67414
-6.71067
-6.73559
-6.75046
-6.75569
-6.75457
-6.74807
-6.74253
-6.73773
-6.73173
-6.7259
-6.71657
-6.70189
-6.68235
-6.66003
-6.63676
-6.61201
-6.59392
-6.57963
-6.57148
-6.57033
-6.57211
-6.57549
-6.58235
-6.58959
-6.6011
-6.61313
-6.62957
-6.64882
-6.66748
-6.6845
-6.69635
-6.70146
-6.69814
-6.69256
-6.68367
-6.67245
-6.6651
-6.66004
-6.66003
-6.66412
-6.6688
-6.67275
-6.67894
-6.68565
-6.69435
-6.70536
-6.71566
-6.72424
-6.72942
-6.73302
-6.72718
-6.71845
-6.70334
-6.68662
-6.66707
-6.64973
-6.63195
-6.61904
-6.61105
-6.6023
-6.59962
-6.60203
-6.60392
-6.60884
-6.61215
-6.61498
-6.61784
-6.61934
-6.62182
-6.6258
-6.63319
-6.64617
-6.66342
-6.68634
-6.70422
-6.71726
-6.71834
-6.71389
-6.69976
-6.68176
-6.66748
-6.65999
-6.66313
-6.6768
-6.69805
-6.72656
-6.75631
-6.78412
-6.80732
-6.82115
-6.82235
-6.81351
-6.78893
-6.75224
-6.71258
-6.66373
-6.61474
-6.57441
-6.54229
-6.52306
-6.51522
-6.51713
-6.52882
-6.54535
-6.5674
-6.59491
-6.62731
-6.66279
-6.69601
-6.72476
-6.74922
-6.77162
-6.78976
-6.80471
-6.81632
-6.82248
-6.82185
-6.81376
-6.7951
-6.76748
-6.73494
-6.69755
-6.65969
-6.62595
-6.59587
-6.57198
-6.55197
-6.54082
-6.53834
-6.54241
-6.55291
-6.56844
-6.59142
-6.61686
-6.64251
-6.66336
-6.67889
-6.68573
-6.68233
-6.66527
-6.63788
-6.60305
-6.57002
-6.54642
-6.53606
-6.54262
-6.5667
-6.60475
-6.64548
-6.68691
-6.72342
-6.75362
-6.7773
-6.78522
-6.78394
-6.77336
-6.75607
-6.7345
-6.71296
-6.69881
-6.69021
-6.68909
-6.6944
-6.70055
-6.70521
-6.70389
-6.69492
-6.67814
-6.6574
-6.63432
-6.61175
-6.60067
-6.59802
-6.60407
-6.61157
-6.62003
-6.63211
-6.63904
-6.63983
-6.63776
-6.63627
-6.63187
-6.62934
-6.6254
-6.62025
-6.61351
-6.61008
-6.6071
-6.60884
-6.61267
-6.62595
-6.64891
-6.67605
-6.7007
-6.71909
-6.72488
-6.72131
-6.71139
-6.69825
-6.68874
-6.68895
-6.6953
-6.70251
-6.70706
-6.7058
-6.69827
-6.6858
-6.67145
-6.65769
-6.6496
-6.64696
-6.6532
-6.66546
-6.6855
-6.70284
-6.71794
-6.73139
-6.73916
-6.74441
-6.74236
-6.73859
-6.73035
-6.71927
-6.70376
-6.68825
-6.67714
-6.66425
-6.6508
-6.63717
-6.62651
-6.61438
-6.60496
-6.59321
-6.58244
-6.57048
-6.56026
-6.55429
-6.54956
-6.54794
-6.54564
-6.54797
-6.5494
-6.5543
-6.56289
-6.57368
-6.59083
-6.6136
-6.63679
-6.65701
-6.6686
-6.67414
-6.67182
-6.66156
-6.64776
-6.63305
-6.62417
-6.62264
-6.63231
-6.64673
-6.66848
-6.6949
-6.72161
-6.74491
-6.76025
-6.76756
-6.76979
-6.76195
-6.74892
-6.72754
-6.705
-6.68117
-6.65723
-6.6374
-6.62523
-6.62105
-6.62267
-6.63403
-6.65092
-6.67132
-6.69133
-6.70665
-6.71729
-6.72053
-6.72002
-6.71788
-6.71535
-6.71347
-6.70843
-6.70554
-6.70435
-6.70274
-6.70089
-6.69988
-6.70212
-6.70563
-6.71355
-6.72111
-6.72645
-6.72885
-6.72421
-6.71513
-6.7046
-6.69594
-6.68924
-6.68377
-6.67812
-6.67115
-6.66056
-6.64748
-6.62985
-6.60735
-6.58036
-6.55468
-6.53241
-6.51084
-6.50013
-6.4995
-6.51126
-6.53529
-6.56703
-6.60146
-6.63925
-6.67491
-6.70625
-6.73325
-6.75262
-6.76547
-6.77194
-6.77506
-6.77472
-6.76944
-6.76634
-6.76451
-6.76967
-6.77692
-6.79081
-6.80533
-6.81681
-6.81906
-6.81367
-6.79709
-6.77328
-6.74025
-6.70264
-6.66297
-6.61945
-6.57667
-6.53953
-6.51182
-6.49203
-6.48459
-6.48586
-6.49468
-6.50678
-6.529
-6.55738
-6.59483
-6.62696
-6.65705
-6.68017
-6.69336
-6.70341
-6.71194
-6.72175
-6.73558
-6.75139
-6.766
-6.77245
-6.77009
-6.7582
-6.74037
-6.72021
-6.70333
-6.6886
-6.68148
-6.68075
-6.68286
-6.68364
-6.6832
-6.67628
-6.6658
-6.65091
-6.63642
-6.62159
-6.60741
-6.59173
-6.57698
-6.56999
-6.56841
-6.57386
-6.58638
-6.60508
-6.62275
-6.6375
-6.65072
-6.65686
-6.65662
-6.65293
-6.64563
-6.64037
-6.64001
-6.64309
-6.64876
-6.65903
-6.67152
-6.68284
-6.69596
-6.70899
-6.72081
-6.73181
-6.7369
-6.74534
-6.75198
-6.75511
-6.75542
-6.75458
-6.74612
-6.73731
-6.72769
-6.71226
-6.69554
-6.67634
-6.6593
-6.64598
-6.63351
-6.62256
-6.61735
-6.61366
-6.61362
-6.61263
-6.6176
-6.62228
-6.63159
-6.64491
-6.6586
-6.67188
-6.68166
-6.69028
-6.69466
-6.7006
-6.70575
-6.70553
-6.69987
-6.6862
-6.66641
-6.64103
-6.61479
-6.58565
-6.56344
-6.54556
-6.53892
-6.53728
-6.54584
-6.5619
-6.58311
-6.6099
-6.63775
-6.66521
-6.69372
-6.71864
-6.7387
-6.75173
-6.7503
-6.74268
-6.7213
-6.69326
-6.66371
-6.63309
-6.60454
-6.58196
-6.56443
-6.5559
-6.55677
-6.56976
-6.59065
-6.61902
-6.65246
-6.68462
-6.71237
-6.73761
-6.7547
-6.76472
-6.7701
-6.76689
-6.75808
-6.74667
-6.734
-6.72093
-6.70863
-6.69798
-6.68709
-6.67892
-6.67207
-6.66587
-6.66028
-6.65302
-6.64522
-6.64024
-6.63894
-6.64003
-6.64038
-6.64265
-6.64713
-6.6544
-6.66363
-6.67444
-6.6868
-6.69287
-6.69717
-6.69508
-6.69275
-6.69032
-6.69092
-6.69069
-6.687
-6.68134
-6.67291
-6.65936
-6.64602
-6.63821
-6.63553
-6.63568
-6.64147
-6.65442
-6.66388
-6.67588
-6.68316
-6.686
-6.68023
-6.66872
-6.65341
-6.63664
-6.62203
-6.61841
-6.6245
-6.64524
-6.67658
-6.71563
-6.76254
-6.8012
-6.8303
-6.84536
-6.85005
-6.83753
-6.81267
-6.77734
-6.73048
-6.67907
-6.62565
-6.57531
-6.52539
-6.48534
-6.46101
-6.4553
-6.46804
-6.49802
-6.53174
-6.56695
-6.59559
-6.61714
-6.63165
-6.64679
-6.65971
-6.67285
-6.68665
-6.69832
-6.70456
-6.7014
-6.69311
-6.67776
-6.66605
-6.66092
-6.66183
-6.67103
-6.68626
-6.70377
-6.71764
-6.72977
-6.73462
-6.73671
-6.73607
-6.73261
-6.72366
-6.71322
-6.70024
-6.68695
-6.67137
-6.66022
-6.65141
-6.65082
-6.66091
-6.67676
-6.69224
-6.71121
-6.72596
-6.73704
-6.74305
-6.74615
-6.73955
-6.72802
-6.70614
-6.67414
-6.63845
-6.60472
-6.58013
-6.56366
-6.55978
-6.56101
-6.57302
-6.5895
-6.61163
-6.63801
-6.66526
-6.69393
-6.71849
-6.73723
-6.75026
-6.75619
-6.75623
-6.74737
-6.73711
-6.72165
-6.69905
-6.67552
-6.65208
-6.63018
-6.60913
-6.59593
-6.58858
-6.59489
-6.60484
-6.62329
-6.64598
-6.66536
-6.68618
-6.7017
-6.71105
-6.71299
-6.70904
-6.69955
-6.68393
-6.66457
-6.64082
-6.61808
-6.59635
-6.57774
-6.56852
-6.56373
-6.56587
-6.57407
-6.58742
-6.60908
-6.63274
-6.66038
-6.68771
-6.71222
-6.7367
-6.74978
-6.75569
-6.75222
-6.74209
-6.7238
-6.7006
-6.67644
-6.65526
-6.64196
-6.63681
-6.63275
-6.63625
-6.64207
-6.64477
-6.64888
-6.65443
-6.66387
-6.67609
-6.68749
-6.69736
-6.69793
-6.69604
-6.68519
-6.66678
-6.6441
-6.6204
-6.60315
-6.58665
-6.5783
-6.58041
-6.59015
-6.60547
-6.62473
-6.64199
-6.65572
-6.66924
-6.67501
-6.67889
-6.67976
-6.67801
-6.67862
-6.68127
-6.68165
-6.68157
-6.67839
-6.67637
-6.67547
-6.67569
-6.67631
-6.67667
-6.67925
-6.68201
-6.68731
-6.68799
-6.68738
-6.6838
-6.67838
-6.66811
-6.65781
-6.65128
-6.64769
-6.65247
-6.66125
-6.66997
-6.67826
-6.68478
-6.68422
-6.67374
-6.65894
-6.63761
-6.61513
-6.59553
-6.58005
-6.56966
-6.56415
-6.56114
-6.56531
-6.5742
-6.58954
-6.60837
-6.63244
-6.66238
-6.69078
-6.71776
-6.74063
-6.75928
-6.76959
-6.76938
-6.76254
-6.75173
-6.73372
-6.70986
-6.68886
-6.67208
-6.66201
-6.65447
-6.6513
-6.65064
-6.65587
-6.66154
-6.66611
-6.66464
-6.65976
-6.65168
-6.63758
-6.61788
-6.59401
-6.57349
-6.55775
-6.54973
-6.55534
-6.57126
-6.59765
-6.62898
-6.66022
-6.6891
-6.71247
-6.73148
-6.74754
-6.75939
-6.76227
-6.76364
-6.75753
-6.74512
-6.73895
-6.72743
-6.71602
-6.70473
-6.69399
-6.6821
-6.66996
-6.6568
-6.64481
