9.70767
9.68498
9.67915
9.68381
9.69722
9.69575
9.68298
9.65063
9.59521
9.52663
9.45215
9.36262
9.26437
9.16008
9.0617
8.96964
8.89591
8.85338
8.84993
8.89354
8.98374
9.10798
9.25496
9.41507
9.57789
9.73803
9.88826
10.0242
10.1327
10.2177
10.2596
10.2632
10.2235
10.1552
10.0642
9.96325
9.8615
9.77639
9.72419
9.70315
9.71284
9.74865
9.8029
9.84588
9.86185
9.84103
9.78894
9.70348
9.59313
9.48355
9.37741
9.29715
9.23975
9.20988
9.21114
9.25017
9.30805
9.3814
9.44757
9.5052
9.53648
9.53841
9.5204
9.49046
9.4634
9.44922
9.44529
9.4508
9.44929
9.43349
9.39262
9.33108
9.27436
9.22558
9.21202
9.24472
9.32557
9.46259
9.64416
9.84702
10.0324
10.1872
10.2885
10.3424
10.359
10.3611
10.3556
10.3454
10.3287
10.3057
10.2678
10.209
10.134
10.0547
9.96108
9.86701
9.7707
9.68903
9.61499
9.55035
9.50229
9.47734
9.47042
9.46913
9.46918
9.46021
9.43299
9.39866
9.35998
9.3238
9.28972
9.26891
9.26664
9.29035
9.3266
9.38261
9.425
9.44165
9.44056
9.41607
9.38424
9.36346
9.35433
9.36717
9.40949
9.48016
9.56931
9.65862
9.73692
9.78029
9.79687
9.78954
9.7793
9.7722
9.76973
9.77558
9.76341
9.75772
9.74799
9.74003
9.72778
9.71281
9.6903
9.6486
9.59291
9.53515
9.47838
9.45215
9.45567
9.49528
9.56295
9.64092
9.71753
9.77683
9.80793
9.81347
9.78568
9.73828
9.68728
9.63057
9.58075
9.53466
9.49949
9.47289
9.45817
9.45078
9.45499
9.4761
9.51361
9.56007
9.615
9.66768
9.70308
9.73623
9.75744
9.75538
9.7445
9.72512
9.70262
9.6756
9.65525
9.63718
9.63222
9.62621
9.64071
9.65202
9.67194
9.68825
9.7032
9.71651
9.72761
9.72049
9.68666
9.63612
9.56442
9.47643
9.37732
9.2765
9.18513
9.11383
9.06647
9.05897
9.08097
9.13551
9.21272
9.29806
9.39587
9.48114
9.53445
9.55488
9.5332
9.47901
9.40781
9.33735
9.27645
9.25156
9.26163
9.31046
9.39912
9.51965
9.65564
9.78949
9.90976
10.0048
10.0502
10.0554
10.0286
9.98343
9.92855
9.87306
9.821
9.78191
9.7502
9.73168
9.73861
9.76093
9.79593
9.83879
9.88614
9.92351
9.93445
9.9196
9.86956
9.80599
9.72013
9.61847
9.50902
9.40342
9.30144
9.21193
9.13884
9.10305
9.10411
9.13389
9.19749
9.27718
9.36355
9.43771
9.50034
9.5472
9.57709
9.60218
9.63001
9.66143
9.69437
9.71807
9.73464
9.7177
9.67268
9.58546
9.46449
9.31477
9.16276
9.02578
8.91519
8.84513
8.81672
8.83163
8.89204
8.99732
9.14313
9.31199
9.49614
9.68237
9.85993
10.0168
10.138
10.2095
10.2338
10.2167
10.1735
10.1052
10.0264
9.94404
9.86804
9.80082
9.76286
9.75242
9.75278
9.76374
9.78104
9.79505
9.8066
9.818
9.82625
9.84219
9.86396
9.87813
9.88703
9.89231
9.89325
9.90165
9.91849
9.93416
9.94056
9.92074
9.88693
9.84016
9.80231
9.78629
9.79347
9.81983
9.85055
9.87314
9.87524
9.85616
9.81074
9.73596
9.64825
9.55031
9.46967
9.41682
9.39791
9.40733
9.4314
9.45729
9.47401
9.45829
9.41064
9.3451
9.26333
9.18089
9.11067
9.05945
9.02246
9.00733
9.00903
9.02591
9.05893
9.10092
9.13839
9.18512
9.24202
9.30653
9.37797
9.4618
9.55703
9.66963
9.79568
9.92623
10.0414
10.1259
10.161
10.1355
10.0632
9.95859
9.82919
9.70654
9.59732
9.52166
9.48411
9.48294
9.51152
9.57163
9.64449
9.72486
9.79365
9.84547
9.87129
9.87755
9.85388
9.80578
9.73877
9.65804
9.57784
9.50047
9.43907
9.39382
9.36955
9.36541
9.38437
9.41472
9.45716
9.49752
9.53148
9.55311
9.56313
9.56776
9.57616
9.59541
9.63232
9.67698
9.73044
9.78788
9.85615
9.91884
9.98951
10.0558
10.1005
10.1278
10.1208
10.0961
10.0494
9.98487
9.91901
9.84896
9.77837
9.72153
9.66818
9.62431
9.59578
9.57871
9.58084
9.59307
9.6118
9.63222
9.65008
9.66084
9.66507
9.65169
9.64128
9.62787
9.59992
9.56424
9.51692
9.47686
9.45073
9.43542
9.41533
9.37912
9.32844
9.24799
9.14052
9.02438
8.90211
8.80918
8.74904
8.74605
8.79415
8.89106
9.03347
9.19929
9.37201
9.53822
9.67278
9.7714
9.83106
9.85147
9.84605
9.82042
9.78962
9.76078
9.73967
9.73932
9.76585
9.81273
9.87197
9.92957
9.97475
9.9939
9.99012
9.95662
9.91291
9.85786
9.81377
9.78594
9.77448
9.78
9.80097
9.82344
9.85102
9.88263
9.91805
9.95394
9.98821
9.99683
9.98231
9.94647
9.90364
9.85332
9.78743
9.70487
9.59675
9.46138
9.30028
9.12104
8.92857
8.74535
8.5846
8.45627
8.37618
8.35676
8.40714
8.51544
8.6621
8.836
9.02365
9.20999
9.39204
9.56109
9.7105
9.82394
9.89957
9.94422
9.95112
9.9308
9.9028
9.86421
9.83169
9.80811
9.79653
9.80102
9.82272
9.84221
9.86146
9.87217
9.86388
9.83461
9.78515
9.73132
9.68097
9.65181
9.64378
9.66599
9.70548
9.75442
9.79165
9.81594
9.82207
9.81152
9.79445
9.78368
9.78865
9.80815
9.8465
9.89021
9.93559
9.9707
9.98059
9.96778
9.92511
9.8605
9.79599
9.73455
9.67446
9.60667
9.54414
9.4643
9.38543
9.30579
9.24937
9.22026
9.21546
9.23826
9.28339
9.34041
9.39602
9.44735
9.48071
9.4902
9.47921
9.43196
9.35866
9.27325
9.18263
9.11199
9.07824
9.08271
9.12816
9.21828
9.32172
9.43127
9.53749
9.62558
9.70106
9.77082
9.83582
9.89725
9.95621
10.0066
10.0408
10.0601
10.0608
10.0518
10.0294
9.99594
9.96533
9.9274
9.88359
9.84156
9.80733
9.79596
9.79366
9.80854
9.82761
9.84344
9.84148
9.81388
9.75933
9.66952
9.55967
9.43585
9.31351
9.21281
9.13612
9.08794
9.06613
9.07123
9.11079
9.1781
9.26066
9.35895
9.45451
9.53355
9.57867
9.59028
9.56791
9.52243
9.45496
9.37607
9.31827
9.27037
9.25388
9.26992
9.33266
9.42866
9.56009
9.7104
9.86209
9.98222
10.0703
10.0987
10.0704
9.98533
9.87237
9.73985
9.61703
9.52305
9.46256
9.43588
9.43959
9.46814
9.52216
9.5729
9.61735
9.6352
9.6283
9.58114
9.51322
9.43372
9.37035
9.33153
9.34444
9.40278
9.49632
9.59071
9.65539
9.68152
9.67591
9.6837
9.71805
9.79617
9.9117
10.0375
10.1541
10.231
10.247
10.1924
10.0685
9.89051
9.68576
9.47604
9.30107
9.16409
9.07756
9.04354
9.06384
9.12524
9.22037
9.3371
9.46236
9.57748
9.67428
9.72594
9.74382
9.72034
9.68031
9.62794
9.57224
9.5194
9.47325
9.4351
9.40166
9.37388
9.3495
9.32506
9.3074
9.29561
9.30107
9.32763
9.36616
9.41377
9.47343
9.54353
9.62577
9.72436
9.83129
9.94219
10.0509
10.1312
10.1751
10.1646
10.0951
9.97143
9.81823
9.65243
9.49718
9.37497
9.28832
9.23973
9.24075
9.26109
9.31073
9.38384
9.46954
9.56164
9.65387
9.71695
9.75001
9.74857
9.71705
9.67028
9.61803
9.56658
9.53675
9.52647
9.55738
9.62091
9.70654
9.79568
9.88071
9.94435
9.98118
9.98439
9.95908
9.91493
9.86278
9.81291
9.7729
9.74072
9.7228
9.72401
9.75146
9.79524
9.857
9.91914
9.97017
10.0026
9.99318
9.9389
9.83335
9.68029
9.4804
9.2565
9.0196
8.78663
8.57672
8.39618
8.26928
8.20117
8.19739
8.27569
8.43707
8.68277
8.99993
9.36165
9.74875
10.1255
10.4588
10.7085
10.8375
10.8453
10.7405
10.5439
10.3087
10.0536
9.80802
9.58733
9.40354
9.26205
9.16626
9.12283
9.1349
9.21042
9.33063
9.48502
9.66423
9.84716
10.0141
10.152
10.2626
10.3451
10.3993
10.4187
10.4118
10.3637
10.2728
10.141
9.96121
9.73924
9.49708
9.25676
9.05122
8.90047
8.81204
8.7995
8.84213
8.92176
9.02793
9.14182
9.24605
9.32643
9.39407
9.44301
9.48559
9.5257
9.56281
9.61333
9.65956
9.7022
9.74832
9.79469
9.83514
9.87127
9.89622
9.90649
9.90694
9.88996
9.85629
9.81155
9.75105
9.67303
9.57733
9.47236
9.3727
9.27949
9.21569
9.16436
9.14052
9.13469
9.13532
9.14518
9.15845
9.17353
9.18916
9.20972
9.23725
9.2587
9.2747
9.28441
9.3024
9.33631
9.39879
9.48955
9.61696
9.7703
9.94968
10.119
10.2645
10.3582
10.3847
10.333
10.2035
10.0212
9.8144
9.6108
9.43408
9.30519
9.22731
9.20637
9.2371
9.31888
9.42995
9.56289
9.70148
9.82366
9.92956
10.0112
10.0639
10.0839
10.0633
10.0156
9.94761
9.87415
9.80005
9.73474
9.67555
9.63293
9.59061
9.53883
9.47374
9.38047
9.26618
9.13678
9.01145
8.89421
8.81024
8.76769
8.77711
8.83422
8.94466
9.11368
9.31781
9.525
9.71566
9.86493
9.94641
9.96877
9.94215
9.88733
9.82386
9.76179
9.71285
9.69089
9.69309
9.71909
9.76688
9.82268
9.86509
9.88974
9.87884
9.83012
9.75589
9.6555
9.54934
9.4533
9.38667
9.35198
9.35004
9.36718
9.39669
9.43223
9.45505
9.465
9.45047
9.42122
9.38517
9.34516
9.31408
9.29703
9.2977
9.32446
9.3702
9.4388
9.53573
9.657
9.80083
9.95376
10.0958
10.206
10.2678
10.2733
10.2228
10.1327
10.0204
9.90273
9.79549
9.7006
9.62059
9.54516
9.47305
9.40642
9.35471
9.32656
9.33139
9.35918
9.41752
9.4918
9.56524
9.62864
9.67461
9.69563
9.70684
9.71144
9.708
9.68987
9.65619
9.59803
9.51424
9.41094
9.30556
9.2256
9.19963
9.23995
9.33269
9.46929
9.62016
9.75377
9.85397
9.91301
9.93649
9.93995
9.93285
9.93468
9.95366
9.9912
10.0477
10.1115
10.1579
10.1678
10.1258
10.0206
9.85935
9.66165
9.44758
9.24138
9.06495
8.92833
8.83438
8.77738
8.75158
8.73481
8.72718
8.7248
8.73314
8.74713
8.78672
8.83823
8.91511
9.02516
9.16016
9.32723
9.50948
9.68618
9.85124
10.0014
10.1455
10.269
10.3837
10.471
10.5183
10.503
10.4265
10.3061
10.1632
10.0167
9.87132
9.74018
9.61668
9.50039
9.40185
9.3112
9.23503
9.19248
9.18633
9.20855
9.26328
9.34433
9.45098
9.57075
9.68336
9.79217
9.87655
9.93398
9.96052
9.95268
9.92074
9.86332
9.80386
9.73772
9.68558
9.63999
9.61281
9.59904
9.59503
9.60876
9.62854
9.65453
9.68108
9.70329
9.72498
9.73914
9.74815
9.74373
9.72611
9.70426
9.67603
9.64863
9.62019
9.59642
9.56431
9.53534
9.49268
9.43633
9.37046
9.31047
9.26228
9.23254
9.2282
9.25321
9.30428
9.37546
9.45942
9.55733
9.64973
9.73869
9.79333
9.80477
9.78383
9.7369
9.68277
9.64061
9.59762
9.5598
9.5253
9.4898
9.43842
9.38216
9.32814
9.29645
9.29132
9.3176
9.37597
9.44864
9.52572
9.59762
9.65076
9.6989
9.72559
9.72518
9.70758
9.66494
9.6078
9.54511
9.49226
9.45011
9.42714
9.42577
9.44643
9.48486
9.54345
9.6115
9.69537
9.78824
9.88429
9.98237
10.0802
10.1671
10.2327
10.2648
10.248
10.1817
10.0737
9.92889
9.75967
9.58963
9.4346
9.31145
9.23296
9.19514
9.19652
9.22386
9.26078
9.29452
9.30867
9.31483
9.30445
9.28957
9.27339
9.27289
9.27404
9.28887
9.32417
9.37909
9.44335
9.51874
9.57851
9.62477
9.64944
9.65821
9.65565
9.64453
9.6274
9.61777
9.62503
9.64625
9.67655
9.71789
9.76524
9.8166
9.8546
9.87543
9.87239
9.83913
9.77892
9.7083
9.63481
9.57783
9.54024
9.52658
9.53926
9.57659
9.64042
9.72491
9.81525
9.88935
9.93275
9.92295
9.87674
9.79349
9.70125
9.6037
9.51207
9.43182
9.36159
9.3072
9.26258
9.23265
9.21757
9.21599
9.21674
9.24316
9.26251
9.26787
9.26495
9.25054
9.22706
9.20888
9.20498
9.23288
9.30223
9.41029
9.54175
9.68575
9.82861
9.94748
10.0418
10.1015
10.1301
10.122
10.0831
10.0192
9.93192
9.82451
9.70914
9.59165
9.48947
9.41868
9.37147
9.35367
9.37176
9.41359
9.4737
9.5507
9.63505
9.72701
9.82053
9.90763
9.97186
10.0154
10.0113
9.96465
9.87248
9.74883
9.60977
9.46766
9.33311
9.22122
9.13796
9.08284
9.05866
9.07952
9.13857
9.22666
9.3438
9.46044
9.57908
9.68304
9.77143
9.84027
9.88725
9.91387
9.91774
9.89779
9.85145
9.79225
9.72581
9.64901
9.56871
9.47502
9.36787
9.24732
9.12774
9.00862
8.91189
8.84418
8.8126
8.83415
8.91337
9.05316
9.26231
9.52207
9.80847
10.0821
10.3098
10.463
10.5276
10.508
10.4331
10.3168
10.1922
10.0694
9.95783
9.87088
9.80741
9.76884
9.75924
9.76701
9.78154
9.79909
9.80915
9.8142
9.81575
9.81051
9.79781
9.78726
9.77944
9.77461
9.77896
9.78675
9.79913
9.80474
9.79797
9.7698
9.71348
9.63386
9.53156
9.42469
9.31761
9.23108
9.1605
9.12072
9.11705
9.15885
9.23811
9.3481
9.47443
9.60591
9.71895
9.81177
9.8678
9.89521
9.89055
9.8655
9.82252
9.77671
9.72357
9.66355
9.60188
9.53644
9.47538
9.40882
9.36278
9.34027
9.34828
9.38329
9.44774
9.52222
9.59784
9.65729
9.6813
9.66778
9.60531
9.49741
9.37085
9.23732
9.12386
9.04209
9.0069
9.01345
9.05729
9.13598
9.22641
9.31882
9.40028
9.47339
9.5382
9.61161
9.69269
9.78859
9.89664
10.0089
10.1199
10.2228
10.3123
10.3692
10.3871
10.3635
10.2979
10.1917
10.0585
9.91593
9.77394
9.64674
9.53663
9.43924
9.34781
9.26305
9.18591
9.13694
9.13053
9.16479
9.23613
9.32902
9.41475
9.4756
9.52433
9.55087
9.56517
9.58114
9.61671
9.66921
9.73629
9.82333
9.91369
9.99375
10.0495
10.086
10.1
10.0884
10.0638
10.0341
10.0137
9.99983
9.99882
10.0153
10.0401
10.0583
10.064
10.0316
9.95589
9.83269
9.65543
9.44002
9.20469
8.97839
8.77181
8.61297
8.52671
8.51228
8.56974
8.68038
8.82477
8.9803
9.12449
9.25183
9.35997
9.44595
9.52158
9.59713
9.67563
9.74575
9.81076
9.86003
9.89279
9.9082
9.90082
9.87378
9.83054
9.77263
9.69956
9.62242
9.5549
9.50031
9.47461
9.4693
9.49314
9.53894
9.62208
9.74556
9.90751
10.1021
10.3032
10.4765
10.598
10.6427
10.6056
10.5038
10.3457
10.1553
9.93358
9.70108
9.47082
9.26482
9.09451
8.9765
8.91711
8.91091
8.95021
9.03002
9.14089
9.26978
9.41155
9.55391
9.68922
9.81124
9.91088
9.99414
10.0451
10.0624
10.0448
9.99708
9.91196
9.78477
9.62978
9.47656
9.34046
9.24905
9.2211
9.25249
9.34086
9.46635
9.60659
9.73762
9.84408
9.90684
9.91796
9.88205
9.8092
9.70739
9.58863
9.45545
9.32061
9.17587
9.03719
8.90627
8.80964
8.75054
8.74926
8.8118
8.93345
9.10797
9.31048
9.52741
9.74225
9.92752
10.0713
10.1658
10.2163
10.2221
10.2006
10.1612
10.1193
10.0827
10.0582
10.0382
10.0052
9.95284
9.87571
9.77497
9.66771
9.55681
9.4479
9.36272
9.30508
9.27761
9.28625
9.33737
9.42896
9.55174
9.6894
9.8073
9.87807
9.88109
9.81933
9.70797
9.57346
9.43409
9.31905
9.23684
9.21326
9.24349
9.33495
9.47677
9.65673
9.84493
10.0095
10.1223
10.145
10.0788
9.93571
9.73144
9.49227
9.2442
9.00891
8.82257
8.69767
8.63749
8.64713
8.71598
8.82137
8.94573
9.06898
9.16813
9.25426
9.33155
9.40931
9.49772
9.594
9.69364
9.78637
9.86052
9.9095
9.9244
9.90636
9.85633
9.79619
9.72129
9.64956
9.58667
9.52801
9.48442
9.44541
9.42554
9.42905
9.45483
9.51301
9.60958
9.74173
9.89777
10.0616
10.2149
10.3271
10.3802
10.3671
10.2772
10.1298
9.94559
9.74911
9.55456
9.37854
9.23543
9.11648
9.02968
8.97754
8.94942
8.94319
8.95182
8.97502
9.00164
9.0482
9.12881
9.22968
9.36275
9.52059
9.68546
9.83762
9.93596
9.97585
9.95392
9.88357
9.777
9.6702
9.58837
9.53307
9.51975
9.53708
9.57959
9.62701
9.67157
9.69742
9.70061
9.68286
9.65137
9.60991
9.56635
9.52797
9.49431
9.48598
9.49859
9.52723
9.56824
9.59715
9.60646
9.58579
9.52704
9.43226
9.32494
9.21182
9.12782
9.08521
9.08937
9.14987
9.26707
9.42234
9.59439
9.75279
9.88492
9.96184
9.9785
9.92564
9.81729
9.67503
9.51484
9.37138
9.25819
9.18487
9.16961
9.21307
9.30957
9.45266
9.62854
9.82454
10.013
10.1674
10.2775
10.3304
10.3205
10.2545
10.1263
9.96104
9.75763
9.54356
9.33692
9.15613
9.01463
8.9236
8.8796
8.88871
8.94596
9.02154
9.1147
9.19742
9.26735
9.31492
9.33508
9.34249
9.33848
9.33562
9.33723
9.33925
9.34608
9.35663
9.37754
9.41784
9.47139
9.53303
9.59811
9.65344
9.69528
9.71423
9.72476
9.71137
9.67962
9.62509
9.54188
9.44281
9.33453
9.2343
9.1592
9.11481
9.10354
9.12329
9.17536
9.25659
9.35709
9.47569
9.59434
9.70588
9.8058
9.88401
9.94417
9.9811
9.99815
9.99551
9.97311
9.93538
9.89074
9.84196
9.80978
9.79261
9.80037
9.82378
9.86765
9.91618
9.96195
10.0065
10.0326
10.046
10.0337
9.99578
9.93837
9.8644
9.78365
9.70127
9.61861
9.55042
9.50087
9.47224
9.46679
9.48675
9.51232
9.53277
9.52415
9.48429
9.40483
9.28743
9.15715
9.03408
8.92873
8.85059
8.81531
8.81642
8.85186
8.90991
8.97738
9.04319
9.09882
9.14865
9.19371
9.24325
9.2963
9.35593
9.43179
9.51683
9.60349
9.6995
9.80049
9.90382
9.99504
10.0677
10.0976
10.0778
10.0199
9.93736
9.84704
9.7572
9.67892
9.61298
9.56352
9.5251
9.50035
9.4974
9.51202
9.54666
9.59548
9.66112
9.72439
9.78905
9.8594
9.92997
10.0097
10.0845
10.1558
10.2184
10.2652
10.2806
10.2633
10.2039
10.1024
9.96066
9.78956
9.60377
9.41914
9.2533
9.11775
9.02289
8.97293
8.96487
8.98224
9.03101
9.09967
9.19034
9.2882
9.39606
9.51151
9.62433
9.7254
9.79175
9.82078
9.80968
9.76504
9.69621
9.61581
9.55539
9.51892
9.51978
9.55486
9.61543
9.68576
9.74929
9.80232
9.82843
9.83226
9.8154
9.77166
9.70142
9.60597
9.49918
9.38237
9.27848
9.20006
9.16379
9.17416
9.2388
9.36235
9.52622
9.71168
9.91637
10.1054
10.2493
10.3344
10.352
10.3145
10.2331
10.1334
10.0115
9.8761
9.74085
9.61643
9.50304
9.41049
9.33724
9.29585
9.27288
9.26626
9.26774
9.2769
9.29367
9.32237
9.37251
9.44151
9.51968
9.61483
9.71155
9.80978
9.89278
9.95632
9.98443
9.96667
9.91317
9.82685
9.71954
9.60155
9.49767
9.40163
9.31082
9.24049
9.20506
9.20426
9.24496
9.31971
9.4096
9.4885
9.54815
9.57669
9.56163
9.51226
9.43666
9.36699
9.30811
9.28451
9.29627
9.33721
9.39022
9.44472
9.48151
9.50689
9.5063
9.49541
9.48089
9.47659
9.47659
9.49495
9.52357
9.57616
9.63765
9.71125
9.79849
9.88257
9.96851
10.0372
10.077
10.0764
10.0444
9.98327
9.89268
9.79147
9.70254
9.64628
9.619
9.63361
9.68557
9.76527
9.85588
9.95057
10.0337
10.1038
10.1687
10.2214
10.266
10.2975
10.313
10.3056
10.255
10.149
9.99499
9.80691
9.59762
9.39745
9.23372
9.11543
9.06677
9.07485
9.13348
9.22521
9.32914
9.44032
9.53648
9.62231
9.70132
9.76643
9.8228
9.85219
9.8541
9.81764
9.73117
9.59982
9.43778
9.25885
9.08369
8.9252
8.80028
8.7184
8.68399
8.69197
8.74247
8.83368
8.95708
9.11746
9.29801
9.49336
9.6756
9.81757
9.90088
9.91672
9.8644
9.76768
9.65465
9.56181
9.50855
9.50995
9.55968
9.6688
9.81009
9.97506
10.1474
10.3067
10.4345
10.5176
10.5471
10.5116
10.4163
10.2622
10.068
9.86907
9.67615
9.51541
9.38804
9.31057
9.26478
9.251
9.26355
9.29014
9.33087
9.37253
9.40901
9.43911
9.46479
9.48298
9.49611
9.50843
9.52816
9.54616
9.56966
9.59895
9.62855
9.64746
9.66086
9.67021
9.67322
9.66807
9.66519
9.65078
9.63483
9.61195
9.59639
9.58384
9.58153
9.58671
9.60316
9.61573
9.62874
9.63024
9.60569
9.5618
9.49989
9.42463
9.35523
9.28778
9.22932
9.1782
9.13849
9.10426
9.08428
9.09448
9.14961
9.25366
9.4175
9.6253
9.85131
10.0784
10.2756
10.4301
10.5086
10.4931
10.4017
10.2346
10.037
9.83143
9.64126
9.48807
9.36994
9.288
9.23711
9.21587
9.23241
9.28007
9.35839
9.45747
9.56529
9.66628
9.74358
9.78957
9.8049
9.79489
9.76561
9.72992
9.69957
9.6792
9.66453
9.66396
9.66894
9.6743
9.66398
9.63988
9.59474
9.53254
9.45382
9.38512
9.32774
9.29699
9.30606
9.35408
9.43324
9.54264
9.65305
9.75456
9.8325
9.87728
9.88649
9.88652
9.86702
9.84422
9.82794
9.82395
9.83184
9.83872
9.83068
9.79586
9.71278
9.59901
9.46038
9.31587
9.18662
9.08738
9.01791
8.9798
8.97026
8.98877
9.03075
9.10485
9.19042
9.29948
9.42905
9.57279
9.72126
9.86831
10.0111
10.1401
10.2385
10.3024
10.3265
10.3084
10.2494
10.1573
10.028
9.87322
9.69727
9.52005
9.34167
9.17761
9.04222
8.94176
8.8775
8.8541
8.87161
8.91522
8.99486
9.09492
9.20852
9.33261
9.47006
9.60285
9.72354
9.81893
9.89812
9.94573
9.97327
9.97654
9.95928
9.92209
9.86636
9.80059
9.72554
9.64748
9.57368
9.50527
9.45295
9.41066
9.38541
9.38468
9.40766
9.45014
9.5178
9.59632
9.68712
9.76869
9.83878
9.8978
9.93407
9.94856
9.92001
9.85164
9.74245
9.6177
9.49723
9.3915
9.31125
9.25124
9.21837
9.2261
9.25857
9.31819
9.4056
9.52445
9.65976
9.80423
9.92936
10.007
10.0045
9.92348
9.77105
9.58509
9.39459
9.22475
9.08881
8.98813
8.9437
8.94331
9.00116
9.11248
9.27892
9.48728
9.71482
9.94373
10.1369
10.2695
10.3227
10.2943
10.2029
10.0842
9.95301
9.81757
9.69275
9.56864
9.44683
9.32928
9.22093
9.12081
9.04716
8.99417
8.97587
8.98993
9.03672
9.1084
9.21216
9.33634
9.46931
9.59207
9.70494
9.79352
9.85086
9.87248
9.86686
9.82424
9.75947
9.69092
9.62309
9.56529
9.52469
9.51678
9.52268
9.54977
9.58209
9.62793
9.68113
9.73954
9.78776
9.8437
9.899
9.9474
9.99518
10.0384
10.0781
10.1065
10.114
10.1023
10.0545
9.9762
9.86451
9.73534
9.5876
9.43245
9.27872
9.14576
9.04957
9.00336
9.01506
9.06068
9.13944
9.20919
9.26022
9.28663
9.2907
9.28713
9.3042
9.34251
9.40228
9.48013
9.56202
9.64844
9.7303
9.80416
9.86312
9.90342
9.92616
9.92976
9.9124
9.87492
9.82875
9.76721
9.70917
9.66816
9.65039
9.66612
9.71298
9.78511
9.87904
9.97652
10.075
10.1533
10.1998
10.2034
10.1619
10.0761
9.94684
9.79227
9.63634
9.48581
9.36733
9.28068
9.22506
9.189
9.18649
9.19502
9.21551
9.24723
9.29409
9.36259
9.45049
9.54755
9.64416
9.73709
9.81429
9.8739
9.90515
9.90955
9.89564
9.876
9.84472
9.81202
9.78228
9.74656
9.70004
9.64097
9.5698
9.48787
9.4088
9.33889
9.28056
9.23668
9.21956
9.22191
9.24017
9.26751
9.30811
9.36324
9.4207
9.47293
9.52796
9.57774
9.62789
9.67748
9.73634
9.7941
9.85318
9.89954
9.9004
9.8519
9.75183
9.61429
9.47423
9.3663
9.31293
9.32416
9.41856
9.57504
9.77044
9.97416
10.1626
10.3056
10.3761
10.3736
10.3078
10.1996
10.0668
9.91801
9.76641
9.61531
9.47322
9.33612
9.22654
9.15468
9.11611
9.10878
9.14481
9.1968
9.27702
9.37374
9.47715
9.58433
9.67872
9.75148
9.80967
9.84269
9.84973
9.83389
9.79101
9.72391
9.64532
9.55144
9.44754
9.34283
9.23249
9.1404
9.06105
9.00986
8.99313
9.01733
9.07327
9.15652
9.26771
9.38615
9.51335
9.63913
9.76291
9.87345
9.96212
10.0115
10.0081
9.95435
9.84286
9.69456
9.53203
9.38162
9.27011
9.2045
9.1963
9.24391
9.35149
9.50511
9.68318
9.86221
10.014
10.1265
10.1833
10.1856
10.1389
10.0591
9.96312
9.84672
9.71581
9.58361
9.45754
9.34311
9.25681
9.19626
9.16916
9.17316
9.20045
9.24506
9.29873
9.35492
9.41891
9.48379
9.5481
9.61288
9.67745
9.73327
9.78536
9.81903
9.81904
9.79403
9.74551
9.67574
9.59858
9.53537
9.48883
9.47066
9.48309
9.51756
9.5731
9.6461
9.72702
9.81621
9.90115
9.98178
10.0543
10.0974
10.111
10.0853
10.0287
9.94395
9.84247
9.74985
9.66196
9.59731
9.55293
9.52557
9.50911
9.50058
9.48833
9.47248
9.45581
9.43755
9.42139
9.41324
9.41574
9.41997
9.42465
9.42158
9.41969
9.43007
9.44668
9.46493
9.47884
9.47879
9.46207
9.42863
9.41242
9.41067
9.46129
9.56204
9.70685
9.88186
10.047
10.1817
10.2703
10.3048
10.2847
10.2297
10.1489
10.0484
9.93524
9.80558
9.67224
9.53827
9.4212
9.32669
9.27381
9.26608
9.30147
9.36627
9.44601
9.52349
9.58609
9.61529
9.62256
9.60377
9.56554
9.50852
9.45064
9.40867
9.39256
9.40237
9.43042
9.48206
9.53364
9.57807
9.61047
9.63705
9.66478
9.70239
9.7601
9.83174
9.9103
9.98017
10.0103
9.99298
9.92353
9.81427
9.68334
9.55765
9.44505
9.35494
9.29068
9.2516
9.23476
9.24908
9.29285
9.36465
9.45202
9.5461
9.6375
9.70344
9.7431
9.75999
9.75091
9.73549
9.72273
9.71871
9.72822
9.7631
9.80729
9.8535
9.88217
9.87506
9.84158
9.77927
9.69083
9.6017
9.52805
9.48496
9.46793
9.48412
9.52188
9.58142
9.65389
9.72404
9.78272
9.83412
9.87758
9.91161
9.93168
9.93427
9.92122
9.8921
9.83502
9.76073
9.66533
9.56528
9.46602
9.36794
9.28196
9.21725
9.17596
9.16124
9.18385
9.24076
9.32421
9.43273
9.56164
9.69977
9.83704
9.96712
10.0717
10.1466
10.1788
10.1679
10.1119
10.0195
9.91116
9.80248
9.70683
9.64056
9.60648
9.61366
9.64852
9.71816
9.81259
9.90964
9.9933
10.0525
10.0694
10.0347
9.94098
9.80085
9.62766
9.44019
9.26054
9.10778
9.01268
8.97439
8.99947
9.09193
9.23753
9.42768
9.63945
9.85389
10.0257
10.1353
10.1655
10.112
9.99327
9.82541
9.63024
9.4505
9.30236
9.19671
9.14771
9.13458
9.14485
9.16867
9.18729
9.20172
9.213
9.23316
9.27381
9.33735
9.44071
9.56708
9.71093
9.85969
9.99619
10.1149
10.2132
10.2927
10.3545
10.4006
10.4285
10.4376
10.4271
10.3823
10.2971
10.1536
9.97506
9.77133
9.5816
9.43273
9.33511
9.30312
9.32534
9.38869
9.47906
9.57103
9.64634
9.69055
9.69519
9.65512
9.58222
9.49302
9.40942
9.33756
9.28291
9.24377
9.21455
9.19687
9.19081
9.21296
9.24852
9.31378
9.39406
9.50239
9.61446
9.72737
9.84627
9.95725
10.061
10.1289
10.1503
10.1111
10.0022
9.83143
9.63375
9.4294
9.2527
9.11337
9.0144
8.96834
8.97312
9.01876
9.10718
9.2275
9.3698
9.51714
9.6661
9.80573
9.91679
9.98839
10.0113
9.99036
9.93441
9.86201
9.77472
9.69061
9.60807
9.52815
9.46053
9.40829
9.37506
9.3682
9.38219
9.4002
9.41053
9.39813
9.38096
9.36381
9.36026
9.36147
9.37425
9.39589
9.40886
9.42638
9.43621
9.44107
9.45919
9.48893
9.5317
9.59355
9.66919
9.75224
9.84158
9.92511
9.9994
10.0589
10.093
10.1088
10.0927
10.0505
9.97893
9.88347
9.77346
9.65877
9.56043
9.49379
9.45507
9.4485
9.46294
9.48894
9.53448
9.57707
9.62173
9.65952
9.69778
9.72623
9.74797
9.75777
9.77098
9.77931
9.79044
9.80943
9.82918
9.84719
9.85199
9.84453
9.79465
9.70379
9.58467
9.44664
9.31412
9.20665
9.13565
9.11464
9.13564
9.18941
9.26803
9.3566
9.45006
9.53363
9.60512
9.65245
9.67381
9.66181
9.62541
9.56221
9.47357
9.36836
9.2537
9.15192
9.06674
9.01084
9.00241
9.04557
9.14426
9.29008
9.47287
9.66267
9.84528
9.99667
10.1017
10.1583
10.1685
10.1377
10.0859
10.0326
9.98581
9.96192
9.96652
9.99274
10.0261
10.0644
10.0797
10.0742
10.0533
10.0162
9.97423
9.91575
9.84709
9.76142
9.66837
9.55075
9.41164
9.25924
9.12215
9.01221
8.95159
8.94836
9.00221
9.10271
9.22895
9.34774
9.437
9.48595
9.48726
9.4576
9.4035
9.3465
9.2952
9.26167
9.24951
9.26773
9.28726
9.32216
9.35093
9.36873
9.38438
9.38353
9.37343
9.35963
9.34165
9.32656
9.32234
9.32834
9.3624
9.42058
9.49783
9.58912
9.69151
9.79108
9.88292
9.96564
10.0291
10.08
10.1156
10.1393
10.1463
10.1445
10.1305
10.1056
10.0756
10.0442
10.0198
9.99768
9.96944
9.93574
9.8949
9.84699
9.79883
9.75836
9.72982
9.72184
9.73772
9.7872
9.86765
9.97809
10.1002
10.215
10.303
10.3522
10.3438
10.2821
10.1777
10.0364
9.87605
9.71483
9.55682
9.40897
9.27253
9.13306
9.00166
8.87769
8.77893
8.70992
8.67467
8.68846
8.73686
8.82295
8.9262
9.03074
9.11421
9.16353
9.18309
9.19105
9.20205
9.23223
9.28142
9.35753
9.4577
9.57605
9.70323
9.81957
9.92408
9.99154
10.0187
10.0056
9.95884
9.89697
9.83753
9.80269
9.81066
9.86504
9.95256
10.0519
10.1363
10.1761
10.1576
10.0745
9.93441
9.7475
9.5483
9.34809
9.18519
9.06844
9.00804
9.00258
9.04705
9.12072
9.20842
9.30521
9.38606
9.45139
9.49338
9.51729
9.53195
9.54662
9.56129
9.5905
9.63444
9.68205
9.73265
9.77298
9.80179
9.80689
9.79754
9.77097
9.73352
9.70414
9.68809
9.69682
9.73194
9.78862
9.85743
9.93987
10.0076
10.0569
10.0872
10.0951
10.0869
10.0482
9.9814
9.88484
9.74943
9.58323
9.40816
9.24332
9.1161
9.04218
9.0264
9.06191
9.13244
9.21435
9.28949
9.33983
9.36606
9.35788
9.33201
9.29471
9.2464
9.19536
9.14183
9.10378
9.09052
9.10263
9.14636
9.21755
9.30805
9.41618
9.52417
9.62488
9.71707
9.80265
9.87826
9.94522
10.0129
10.0745
10.1336
10.1737
10.1756
10.1255
10.0298
9.88293
9.69679
9.48699
9.27231
9.082
8.92597
8.8222
8.77567
8.78978
8.8586
8.97016
9.10709
9.23998
9.35924
9.4596
9.5504
9.63544
9.72501
9.82212
9.91868
10.0094
10.0843
10.1442
10.1797
10.1931
10.1788
10.125
10.0472
9.9528
9.86454
9.7998
9.76257
9.75211
9.76755
9.78176
9.76598
9.71331
9.61564
9.49083
9.33533
9.19845
9.09363
9.03739
9.03242
9.07954
9.17197
9.28459
9.41177
9.53649
9.6384
9.71047
9.74329
9.7443
9.7113
9.65997
9.60295
9.55531
9.52376
9.51052
9.5113
9.52689
9.5512
9.58041
9.60905
9.63914
9.66642
9.70961
9.76385
9.81695
9.86972
9.91175
9.94127
9.95578
9.95149
9.92126
9.86126
9.77734
9.67926
9.58221
9.49545
9.43773
9.41123
9.4254
9.47775
9.55884
9.65532
9.75649
9.85157
9.93354
9.99464
10.0347
10.0541
10.0564
10.0504
10.0379
10.0281
10.0142
9.99688
9.96284
9.90741
9.83494
9.74174
9.62916
9.50766
9.38538
9.27035
9.16939
9.08561
9.03212
9.01377
9.0247
9.06518
9.11956
9.16654
9.21044
9.23778
9.24449
9.2457
9.2564
9.2817
9.31943
9.36535
9.41246
9.44786
9.4774
9.50469
9.53125
9.5661
9.6165
9.68382
9.76691
9.84815
9.92534
9.98341
10.0193
10.031
10.0186
9.98597
9.93634
9.86336
9.75547
9.61771
9.44816
9.27137
9.10979
8.97605
8.89162
8.86592
8.90371
9.00355
9.13978
9.30797
9.48017
9.6384
9.7659
9.87128
9.94698
9.99674
10.0199
10.0178
9.98029
9.9133
9.82734
9.73946
9.65993
9.60612
9.59307
9.61099
9.65782
9.723
9.78292
9.8311
9.86569
9.88475
9.89833
9.91197
9.92607
9.94378
9.95425
9.95556
9.9332
9.89188
9.82766
9.76046
9.67461
9.57779
9.47196
9.36099
9.2473
9.13718
9.04267
8.9756
8.93255
8.9271
8.95921
9.03475
9.15158
9.29655
9.45035
9.60508
9.75301
9.86732
9.94518
9.97428
9.9622
9.90832
9.82646
9.73775
9.64456
9.55793
9.48583
9.41839
9.35581
9.29838
9.25087
9.20383
9.16334
9.13924
9.12297
9.11053
9.10338
9.11034
9.13403
9.18406
9.26706
9.36917
9.4942
9.62499
9.73723
9.82122
9.86183
9.86489
9.84243
9.81754
9.8048
9.80567
9.82337
9.8467
9.87082
9.88771
9.89438
9.88056
9.85825
9.83164
9.81419
9.80077
9.81017
9.82009
9.82899
9.82761
9.80771
9.77139
9.71485
9.63702
9.54438
9.43757
9.31931
9.21256
9.12775
9.0638
9.03489
9.03905
9.07292
9.12595
9.19376
9.26609
9.34541
9.43631
9.53458
9.64104
9.73529
9.81018
9.8725
9.90853
9.91573
9.90321
9.87362
9.84121
9.81646
9.81
9.81755
9.85275
9.89675
9.94563
9.9845
10.0118
10.014
9.99392
9.95231
9.89372
9.8286
9.75897
9.68837
9.61571
9.54256
9.47964
9.42496
9.38572
9.35496
9.33524
9.32646
9.32083
9.31227
9.29804
9.26245
9.20382
9.13516
9.05681
8.97731
8.91426
8.87417
8.87375
8.91294
9.00291
9.13223
9.30994
9.51133
9.72365
9.93509
10.1195
10.2693
10.3627
10.4011
10.3851
10.3132
10.1884
10.0292
9.85877
9.6876
9.54509
9.44174
9.38886
9.38867
9.43454
9.51343
9.60182
9.68439
9.72609
9.70825
9.62202
9.47735
9.30894
9.14823
9.02173
8.95672
8.95916
9.02609
9.14475
9.30223
9.46307
9.601
9.70391
9.77284
9.81228
9.82684
9.83171
9.82094
9.80305
9.7715
9.73744
9.69205
9.65286
9.62149
9.58879
9.56548
9.54945
9.53899
9.54928
9.58858
9.6576
9.74211
9.82168
9.88631
9.91575
9.90187
9.85029
9.76051
9.64163
9.5122
9.38515
9.27769
9.19692
9.14622
9.11958
9.12676
9.15843
9.20149
9.24668
9.29182
9.33848
9.40013
9.47573
9.56684
9.67805
9.79386
9.90513
10.0051
10.0938
10.1592
10.2059
10.2334
10.2422
10.2308
10.2095
10.1741
10.1282
10.0745
10.0156
9.9534
9.90424
9.86489
9.84381
9.84372
9.87057
9.90354
9.93112
9.93879
9.91374
9.85021
9.75856
9.64159
9.51159
9.37139
9.23941
9.11887
9.01439
8.93074
8.87114
8.84021
8.83833
8.86183
8.91062
8.97797
9.07283
9.18548
9.304
9.42305
9.5388
9.64244
9.72934
9.80436
9.86115
9.89773
9.90837
9.89128
9.84317
9.76427
9.67232
9.57015
9.47957
9.41147
9.37887
9.38876
9.44211
9.52979
9.6367
9.74723
9.84898
9.9323
9.98786
10.0183
10.0227
10.0132
10.0006
9.97415
9.939
9.88591
9.80444
9.69792
9.56237
9.39612
9.21297
9.04375
8.89713
8.80357
8.77337
8.82002
8.93788
9.11068
9.32281
9.53467
9.73026
9.88805
10.0153
10.1117
10.1855
10.2501
10.3037
10.3373
10.3508
10.3362
10.29
10.2151
10.1162
10.0093
9.9036
9.80479
9.70929
9.61428
9.5071
9.39691
9.28509
9.18906
9.10234
9.04651
9.01227
9.01743
9.05731
9.11992
9.21219
9.31937
9.44605
9.57918
9.70229
9.77946
9.81713
9.80533
9.75241
9.67923
9.619
9.57852
9.57529
9.60258
9.64825
9.69562
9.73819
9.77745
9.80638
9.82182
9.8265
9.8156
9.77626
9.72504
9.64812
9.55583
9.46245
9.38374
9.32316
9.29772
9.30465
9.34168
9.3983
9.48712
9.59258
9.70914
9.82794
9.9226
9.98132
9.9924
9.96278
9.91007
9.84329
9.77731
9.70605
9.62617
9.52905
9.42347
9.31678
9.22233
9.15252
9.11771
9.11461
9.1659
9.26784
9.4194
9.61333
9.82256
10.0166
10.1721
10.2711
10.3072
10.2788
10.2069
10.0996
9.97602
9.83787
9.69507
9.55483
9.42415
9.29951
9.18035
9.07997
8.99639
8.93351
8.88555
8.8526
8.83838
8.85228
8.89288
8.97174
9.08463
9.21667
9.35397
9.46751
9.53663
9.56454
9.55562
9.54125
9.52811
9.51914
9.52862
9.56877
9.64265
9.75225
9.89115
10.0415
10.18
10.272
10.2997
10.2626
10.1601
10.0172
9.86349
9.73834
9.65144
9.62474
9.64492
9.70545
9.77468
9.84105
9.8887
9.90519
9.87625
9.81984
9.74072
9.64804
9.55469
9.47393
9.40109
9.35475
9.33781
9.35487
9.39888
9.48206
9.58443
9.69788
9.79801
9.86582
9.88895
9.86673
9.79515
9.69372
9.57306
9.44918
9.33711
9.24695
9.18098
9.14606
9.14583
9.1842
9.26551
9.38893
9.54464
9.71664
9.8805
10.0059
10.0846
10.1081
10.0785
10.0026
9.89612
9.77594
9.6576
9.54458
9.4438
9.35257
9.27216
9.2118
9.16278
9.12395
9.1001
9.08096
9.0775
9.09644
9.13009
9.18701
9.26103
9.34268
9.40649
9.43821
9.41068
9.33846
9.21637
9.08974
8.97738
8.90932
8.91146
8.98659
9.12132
9.29484
9.4752
9.63931
9.77537
9.87689
9.9533
10.0151
10.0761
10.1284
10.1819
10.232
10.2754
10.3173
10.3518
10.3756
10.3931
10.4029
10.398
10.3655
10.3062
10.2157
10.0974
9.94491
9.7822
9.61228
9.45558
9.31445
9.20238
9.12197
9.06135
9.02305
8.99069
8.95587
8.91619
8.88364
8.86324
8.86972
8.91055
8.99045
9.10963
9.23716
9.35577
9.43078
9.45905
9.44182
9.42229
9.41545
9.43983
9.49886
9.59544
9.71237
9.82884
9.93574
10.0168
10.0801
10.1266
10.1436
10.148
10.1425
10.1225
10.0912
10.0413
9.97493
9.87882
9.75739
9.62951
9.50604
9.41056
9.35058
9.32842
9.33698
9.36974
9.41657
9.47264
9.52442
9.55582
9.56494
9.54794
9.51832
9.48025
9.45342
9.44452
9.45501
9.48671
9.5368
9.61375
9.70067
9.7974
9.89037
9.96163
10.0016
10.0087
9.97655
9.9125
9.82673
9.73043
9.63557
9.53856
9.45599
9.40168
9.38617
9.41626
9.48509
9.58952
9.7043
9.80652
9.8719
9.87768
9.80778
9.68249
9.5263
9.34574
9.18031
9.04547
8.94105
8.87234
8.84672
8.85559
8.89477
8.96458
9.05102
9.15221
9.27384
9.41109
9.56224
9.71903
9.86965
10.0009
10.1049
10.1575
10.1675
10.1382
10.0768
10.0021
9.91584
9.81804
9.71655
9.60947
9.50663
9.40747
9.32871
9.27127
9.23504
9.22378
9.23943
9.28224
9.35444
9.43889
9.54041
9.64189
9.72866
9.78388
9.803
9.77527
9.71669
9.63932
9.55141
9.47361
9.41537
9.38561
9.3795
9.39513
9.42636
9.4608
9.50272
9.56066
9.64833
9.76939
9.92134
10.107
10.3195
10.5272
10.7096
10.8429
10.9177
10.9088
10.809
10.6254
10.3707
10.0656
9.73524
9.40393
9.08354
8.79539
8.56429
8.40993
8.32816
8.31925
8.37685
8.48763
8.628
8.77958
8.9158
9.04059
9.14645
9.23795
9.31566
9.38871
9.45923
9.52171
9.58802
9.64145
9.68785
9.70316
9.69943
9.66361
9.61218
9.56079
9.51532
9.48617
9.46069
9.45035
9.45548
9.48179
9.53281
9.6217
9.74526
9.88867
10.036
10.1493
10.2078
10.2121
10.1772
10.1134
10.0331
9.94747
9.85897
9.77833
9.69533
9.62107
9.56248
9.5255
9.49937
9.4825
9.48521
9.4993
9.53427
9.59349
9.66745
9.75355
9.83757
9.90308
9.95649
9.97868
9.96979
9.93262
9.87783
9.82014
9.76074
9.71414
9.68854
9.67205
9.66233
9.64853
9.6222
9.57652
9.5234
9.46634
9.41276
9.37628
9.35602
9.36068
9.39132
9.44629
9.5227
9.6119
9.70178
9.78667
9.86183
9.91
9.91669
9.89567
9.83045
9.73788
9.63119
9.50923
9.40401
9.32807
9.28973
9.30111
9.34219
9.41846
9.50639
9.59188
9.67488
9.74264
9.78931
9.82211
9.8504
9.88681
9.92064
9.94178
9.94593
9.92525
9.87877
9.81444
9.73934
9.65486
9.58182
9.53025
9.51035
9.5207
9.55012
9.59581
9.64818
9.69749
9.74938
9.78544
9.80038
9.78316
9.7361
9.65492
9.5533
9.44222
9.34918
9.28929
9.26709
9.27383
9.30467
9.34801
9.40039
9.43728
9.4666
9.49107
9.50825
9.53101
9.56134
9.59536
9.63667
9.6776
9.69706
9.69983
9.67075
9.60032
9.4975
9.36625
9.22226
9.08116
8.96835
8.89765
8.88663
8.93346
9.02356
9.15667
9.30912
9.46608
9.61402
9.75285
9.8856
10.0219
10.1618
10.2888
10.3884
10.4445
10.4346
10.3488
10.1942
9.99521
9.7775
9.57013
9.38444
9.24903
9.16353
9.12539
9.12202
9.14401
9.17065
9.19827
9.23089
9.26884
9.32524
9.40818
9.51748
9.64537
9.78113
9.91759
10.0292
10.1163
10.1706
10.1895
10.1837
10.1594
10.1163
10.064
9.99477
9.91586
9.81806
9.70713
9.59654
9.49701
9.42398
9.38595
9.38788
9.41364
9.45909
9.51351
9.55534
9.58323
9.59034
9.58037
9.56278
9.54112
9.50875
9.46935
9.42079
9.36485
9.31196
9.26879
9.24339
9.23542
9.26438
9.31664
9.39836
9.49529
9.60422
9.70759
9.80538
9.8823
9.93665
9.98107
10.002
10.0032
9.99871
9.98266
9.96702
9.95107
9.93474
9.92026
9.89945
9.86648
9.81268
9.73116
9.62727
9.50616
9.40408
9.33426
9.32136
9.35213
9.42728
9.51946
9.59547
9.63466
9.62012
9.54998
9.43423
9.28177
9.11727
8.96137
8.83393
8.75774
8.74842
8.80391
8.93534
9.12941
9.3572
9.62008
9.8834
10.1124
10.2946
10.4112
10.463
10.4562
10.3958
10.2979
10.1659
10.0043
9.82056
9.62635
9.44157
9.27746
9.13672
9.01454
8.91442
8.83386
8.77577
8.74965
8.7637
8.82291
8.93423
9.09062
9.27671
9.48378
9.69299
9.8855
10.0548
10.1896
10.2914
10.3474
10.3575
10.3271
10.2587
10.1588
10.0269
9.88083
9.73472
9.6108
9.52219
9.48677
9.5142
9.61174
9.764
9.94899
10.1255
10.2548
10.3105
10.2756
10.1509
9.95627
9.73362
9.50492
9.29695
9.12366
8.99343
8.93175
8.92622
8.97429
9.06237
9.17286
9.28225
9.3621
9.40932
9.41951
9.40134
9.37741
9.36422
9.38068
9.43492
9.52565
9.63695
9.75379
9.85812
9.91719
9.93422
9.91091
9.86986
9.82118
9.76763
9.73441
9.72625
9.7352
9.75074
9.77679
9.80005
9.82621
9.85426
9.88435
9.90398
9.91566
9.90425
9.86855
9.7879
9.66401
9.5199
9.38677
9.2888
9.24937
9.26177
9.31031
9.37219
9.41611
9.42073
9.39772
9.37003
9.35654
9.37105
9.41645
9.48722
9.56985
9.64837
9.69946
9.71371
9.68029
9.60971
9.50724
9.4057
9.31229
9.23173
9.17727
9.14506
9.14694
9.16994
9.2173
9.28153
9.36218
9.44639
9.52215
9.60105
9.67881
9.75342
9.81745
9.88087
9.93537
9.99257
10.0452
10.0971
10.1406
10.1692
10.1893
10.1973
10.2025
10.1939
10.183
10.1581
10.1153
10.055
9.96732
9.85712
9.74313
9.6432
9.58027
9.55583
9.57505
9.63243
9.70737
9.78058
9.82492
9.82863
9.78043
9.69695
9.57939
9.44271
9.30606
9.1864
9.10107
9.05575
9.04722
9.08689
9.16167
9.27311
9.39778
9.52676
9.64825
9.74525
9.8044
9.82187
9.80153
9.73646
9.64098
9.52849
9.41886
9.33181
9.27363
9.25092
9.25167
9.26487
9.28184
9.29666
9.31648
9.33028
9.34004
9.35057
9.3602
9.36367
9.35225
9.32839
9.28725
9.24573
9.21667
9.2087
9.23277
9.27948
9.33478
9.38403
9.42329
9.45558
9.4889
9.53136
9.5922
9.67151
9.77481
9.90212
10.0494
10.1973
10.331
10.4444
10.5039
10.5034
10.4356
10.3043
10.1277
9.92782
9.715
9.51211
9.33287
9.1834
9.07366
9.00111
8.96296
8.94889
8.9546
8.97798
8.9969
9.00598
8.98658
8.94695
8.88065
8.81023
8.7567
8.74612
8.78308
8.87702
9.01578
9.198
9.40792
9.63421
9.87314
10.1045
10.3062
10.4598
10.5631
10.6061
10.6002
10.5517
10.4707
10.3418
10.1764
9.97752
9.79084
9.6225
9.49136
9.40528
9.34425
9.29411
9.23687
9.16087
9.07618
9.00363
8.97204
8.98925
9.05421
9.14968
9.25559
9.34851
9.42354
9.46627
9.48124
9.48153
9.48345
9.49406
9.53004
9.58648
9.66259
9.74315
9.8255
9.90494
9.98406
10.0538
10.0932
10.101
10.0702
10.0028
9.90811
9.81274
9.73117
9.66771
9.63745
9.63751
9.65666
9.68802
9.71141
9.71422
9.69653
9.66093
9.60663
9.54328
9.48166
9.41714
9.35451
9.29662
9.24294
9.20482
9.16245
9.12798
9.10685
9.09974
9.10521
9.13898
9.18598
9.24698
9.33144
9.42649
9.53053
9.62862
9.71315
9.78763
9.84957
9.88978
9.91783
9.92898
9.93255
9.91223
9.88065
9.82717
9.75529
9.67716
9.59978
9.53449
9.47864
9.43927
9.40396
9.37999
9.38173
9.41424
9.48589
9.59135
9.72441
9.8668
10.0138
10.135
10.2285
10.2735
10.2808
10.2387
10.1557
10.041
9.89882
9.74442
9.58707
9.43066
9.29317
9.1856
9.12037
9.1196
9.16761
9.2784
9.4287
9.59567
9.76601
9.92264
10.0499
10.1447
10.1933
10.1905
10.1281
10.0174
9.86609
9.69002
9.51437
9.35625
9.21935
9.12117
9.06196
9.03646
9.05069
9.09335
9.15202
9.2184
9.28673
9.35226
9.412
9.46926
9.51699
9.55815
9.59474
9.6275
9.66131
9.69266
9.71305
9.72029
9.71745
9.71135
9.69533
9.66774
9.62708
9.57688
9.52207
9.46836
9.43807
9.42371
9.43331
9.44762
9.46014
9.46132
9.46237
9.47535
9.50293
9.54865
9.6136
9.67811
9.72202
9.7404
9.73654
9.70641
9.65188
9.60341
9.55562
9.53109
9.53356
9.57334
9.64157
9.7272
9.81431
9.88171
9.89706
9.85351
9.73688
9.56016
9.34117
9.09662
8.88085
8.71422
8.61928
8.59476
8.65653
8.79039
8.98563
9.23612
9.51713
9.81256
10.0992
10.3689
10.5848
10.7183
10.752
10.685
10.5321
10.3453
10.1535
9.9916
9.8671
9.77632
9.6944
9.62093
9.54921
9.48191
9.43113
9.40953
9.42859
9.4773
9.55222
9.61628
9.64729
9.63629
9.57943
9.49191
9.39507
9.31248
9.24637
9.21114
9.19688
9.20227
9.22583
9.27215
9.33224
9.40812
9.49259
9.58335
9.65501
9.70133
9.70344
9.6569
9.57886
9.49135
9.39418
9.31047
9.2435
9.19986
9.17921
9.20229
9.26463
9.38014
9.54332
9.72761
9.90376
10.0402
10.129
10.1577
10.1455
10.0855
9.99684
9.88045
9.74242
9.5943
9.44148
9.30443
9.19496
9.11867
9.08125
9.07972
9.11842
9.17777
9.26262
9.37379
9.49398
9.61646
9.73238
9.83643
9.90609
9.93944
9.91612
9.85947
9.76543
9.65303
9.54872
9.45022
9.37799
9.3375
9.33322
9.36194
9.42175
9.51158
9.62257
9.75105
9.8785
9.99706
10.0946
10.1517
10.1761
10.162
10.1124
10.0307
9.91191
9.7728
9.61463
9.4548
9.30802
9.17725
9.09483
9.05665
9.06924
9.12424
9.21876
9.33665
9.45899
9.56712
9.64246
9.68057
9.6983
9.68753
9.66691
9.65258
9.63397
9.60721
9.564
9.50847
9.45489
9.41323
9.40788
9.42833
9.48926
9.58416
9.69887
9.81715
9.91285
9.9894
10.0242
10.0096
9.95404
9.86839
9.76537
9.66738
9.58551
9.5175
9.48142
9.46268
9.4594
9.46565
9.46713
9.46391
9.46679
9.47332
9.48906
9.50275
9.51208
9.51539
9.51383
9.50911
9.49642
9.4814
9.46138
9.45567
9.4611
9.48383
9.52067
9.57364
9.62479
9.6578
9.66864
9.64396
9.59667
9.54316
9.49402
9.46205
9.46634
9.51631
9.59778
9.70913
9.82959
9.9413
10.0346
10.1036
10.1471
10.1694
10.1591
10.1194
10.0451
9.94272
9.81113
9.65436
9.49584
9.34328
9.21025
9.10377
9.03807
9.02091
9.04405
9.09878
9.18622
9.29553
9.39905
9.48604
9.54557
9.58458
9.60015
9.59976
9.58071
9.55976
9.54541
9.5538
9.58428
9.64021
9.72826
9.84347
9.97378
10.0904
10.1768
10.2158
10.1883
10.1017
9.96236
9.79314
9.61778
9.45275
9.31326
9.20145
9.11583
9.05887
9.03991
9.04127
9.07388
9.13205
9.18427
9.25156
9.3188
9.38463
9.44836
9.51442
9.58066
9.64724
9.70671
