1.20037
1.20639
1.20812
1.20643
1.2033
1.20107
1.20159
1.20576
1.21351
1.22412
1.23689
1.2513
1.26699
1.28359
1.30034
1.31586
1.32813
1.33483
1.33415
1.32535
1.30893
1.28637
1.25972
1.23105
1.20214
1.17423
1.14822
1.12496
1.10551
1.09129
1.08369
1.08358
1.09083
1.1043
1.12219
1.14233
1.16236
1.1799
1.19267
1.19886
1.19782
1.19067
1.18042
1.17112
1.16635
1.16799
1.17632
1.19052
1.2088
1.22846
1.24664
1.2613
1.2714
1.27635
1.27583
1.26992
1.25947
1.24627
1.23292
1.22226
1.21651
1.2164
1.22094
1.22775
1.23409
1.23797
1.23889
1.23803
1.23756
1.23999
1.24682
1.25757
1.26968
1.2793
1.28276
1.27749
1.26227
1.23719
1.20403
1.16654
1.13038
1.10146
1.08315
1.07479
1.07304
1.07442
1.07675
1.07928
1.0822
1.08629
1.09253
1.10163
1.11366
1.12811
1.14402
1.16048
1.17666
1.19203
1.20594
1.21766
1.2264
1.23164
1.23376
1.23406
1.23442
1.23646
1.24097
1.24763
1.25538
1.26296
1.26912
1.27267
1.27252
1.26806
1.25969
1.24938
1.24019
1.23513
1.23546
1.24
1.24617
1.25147
1.25397
1.25235
1.24574
1.23396
1.21824
1.20135
1.18698
1.17782
1.17434
1.17475
1.17652
1.17785
1.1782
1.1779
1.17755
1.17742
1.17735
1.17715
1.177
1.17767
1.18049
1.18657
1.19596
1.20721
1.21759
1.22401
1.22415
1.21765
1.20602
1.19195
1.17821
1.1672
1.16075
1.15995
1.16457
1.17326
1.18399
1.19496
1.20512
1.21407
1.22176
1.22802
1.2325
1.23475
1.23427
1.23092
1.22498
1.21711
1.20828
1.19953
1.19192
1.18637
1.18335
1.1829
1.18457
1.18766
1.1914
1.1952
1.19847
1.20066
1.2012
1.19982
1.19672
1.19253
1.18805
1.18376
1.17986
1.17672
1.17522
1.17653
1.18161
1.19092
1.20422
1.22089
1.23989
1.25963
1.27801
1.29282
1.30229
1.3054
1.30203
1.29267
1.27837
1.26081
1.24234
1.22569
1.21357
1.20813
1.21023
1.21898
1.23189
1.24549
1.25635
1.26173
1.26015
1.25137
1.23602
1.21547
1.19163
1.167
1.14473
1.12819
1.1196
1.11909
1.12464
1.13355
1.14365
1.15379
1.16335
1.1716
1.17762
1.18074
1.18062
1.17731
1.17114
1.16296
1.15436
1.14768
1.14527
1.14856
1.15737
1.17037
1.18595
1.20308
1.22123
1.2399
1.25804
1.27398
1.28582
1.29207
1.29189
1.28532
1.27357
1.25873
1.24334
1.22976
1.21955
1.2131
1.20973
1.20799
1.20621
1.20336
1.19941
1.19543
1.19332
1.19554
1.20402
1.21958
1.2414
1.26725
1.29408
1.31881
1.3388
1.35215
1.35765
1.35471
1.34343
1.32455
1.29938
1.26955
1.23671
1.20279
1.17006
1.14123
1.11901
1.10524
1.10012
1.10246
1.11035
1.12196
1.13576
1.15014
1.1634
1.17383
1.18009
1.18177
1.17976
1.1759
1.17225
1.16998
1.16898
1.16835
1.16712
1.16505
1.16277
1.16134
1.16142
1.16271
1.16391
1.16349
1.16088
1.15729
1.15518
1.15672
1.16216
1.1694
1.1752
1.17702
1.17421
1.1679
1.16035
1.154
1.1508
1.15219
1.15917
1.17181
1.18864
1.20658
1.22206
1.23242
1.23666
1.23542
1.23072
1.22539
1.22261
1.22485
1.23301
1.24609
1.26186
1.27777
1.29178
1.30271
1.30997
1.31341
1.31333
1.31032
1.3052
1.29873
1.29142
1.28334
1.27434
1.26411
1.25222
1.23805
1.22099
1.20062
1.17732
1.1527
1.1298
1.11246
1.10411
1.10644
1.11863
1.13802
1.16105
1.18416
1.2042
1.21889
1.22683
1.22768
1.22206
1.21161
1.19847
1.1849
1.1728
1.16361
1.15839
1.1579
1.16244
1.17156
1.18411
1.19866
1.21361
1.22755
1.23923
1.24772
1.25246
1.25335
1.25056
1.24459
1.23656
1.22818
1.2213
1.21691
1.21473
1.21348
1.21169
1.20822
1.20261
1.1949
1.18537
1.17456
1.16288
1.15065
1.13837
1.12706
1.11821
1.11333
1.11326
1.11786
1.12623
1.13703
1.14898
1.16109
1.17259
1.18297
1.192
1.19944
1.20488
1.20779
1.208
1.20581
1.20216
1.19819
1.19504
1.19334
1.19309
1.19392
1.1956
1.19847
1.20347
1.21092
1.21962
1.22731
1.23233
1.23481
1.23661
1.24048
1.24876
1.26259
1.28153
1.30358
1.32564
1.3442
1.35592
1.35845
1.35079
1.33334
1.30796
1.27755
1.24561
1.21564
1.19055
1.17233
1.16158
1.15772
1.15921
1.16422
1.1707
1.17667
1.18021
1.1799
1.17497
1.16589
1.15422
1.14235
1.13286
1.1277
1.12781
1.13296
1.14167
1.1518
1.161
1.16734
1.16999
1.16942
1.167
1.16406
1.16116
1.15771
1.1528
1.14661
1.14124
1.13947
1.14241
1.14874
1.15643
1.16463
1.17434
1.18741
1.20533
1.22858
1.25663
1.28814
1.32136
1.35425
1.38411
1.40792
1.42278
1.42665
1.41883
1.4004
1.37377
1.34213
1.30843
1.27481
1.24264
1.21296
1.18704
1.16634
1.1521
1.14477
1.14372
1.14743
1.15396
1.16134
1.16788
1.17236
1.17417
1.17333
1.17031
1.16615
1.16232
1.16037
1.16154
1.16631
1.17413
1.18346
1.19202
1.19748
1.19817
1.19374
1.18541
1.17565
1.16742
1.16306
1.16335
1.16728
1.17256
1.17667
1.17785
1.1755
1.16998
1.1624
1.15441
1.14813
1.14566
1.14829
1.1558
1.16641
1.17786
1.18853
1.19821
1.20794
1.21916
1.2325
1.24717
1.26122
1.27225
1.27834
1.27871
1.27369
1.26466
1.25349
1.24207
1.23203
1.22481
1.22164
1.22373
1.23163
1.24477
1.26112
1.27766
1.29092
1.29806
1.2975
1.289
1.27383
1.25435
1.23343
1.21389
1.19723
1.18344
1.17142
1.16001
1.14885
1.13843
1.12978
1.12382
1.12099
1.12108
1.12344
1.12724
1.13205
1.13787
1.1449
1.15305
1.1615
1.16887
1.17362
1.17494
1.17318
1.16985
1.16706
1.16701
1.17149
1.18154
1.19699
1.21654
1.23812
1.25931
1.27775
1.29185
1.30083
1.30447
1.30284
1.29608
1.28458
1.26911
1.25144
1.23399
1.21951
1.21028
1.20756
1.21126
1.22018
1.23244
1.2458
1.25803
1.26696
1.27068
1.26758
1.25676
1.23834
1.21383
1.18584
1.15787
1.13395
1.11778
1.11196
1.11729
1.13242
1.15417
1.17828
1.20069
1.21831
1.22956
1.23414
1.23265
1.22615
1.21617
1.20501
1.19555
1.19056
1.1919
1.19986
1.21305
1.22843
1.24206
1.24992
1.24893
1.23834
1.22093
1.20299
1.19137
1.18875
1.19171
1.19377
1.18963
1.17728
1.15789
1.13494
1.11326
1.098
1.0935
1.10219
1.1239
1.15573
1.1929
1.23014
1.2629
1.2881
1.3041
1.31057
1.30809
1.29792
1.2817
1.26139
1.23934
1.21847
1.20204
1.19259
1.19073
1.19505
1.20314
1.21268
1.2222
1.23079
1.23794
1.24336
1.24708
1.24959
1.25163
1.25372
1.25554
1.25612
1.25452
1.25039
1.24403
1.23582
1.22596
1.21438
1.2008
1.18497
1.16671
1.14651
1.12603
1.10841
1.0976
1.09686
1.10738
1.12782
1.15467
1.18363
1.21061
1.23254
1.24775
1.25596
1.25781
1.2544
1.24667
1.23545
1.22164
1.20669
1.19283
1.18263
1.17807
1.17982
1.18712
1.1981
1.21039
1.22144
1.22887
1.23083
1.22647
1.21609
1.20115
1.18408
1.16776
1.15479
1.14698
1.14509
1.14866
1.15616
1.16554
1.1748
1.18254
1.18781
1.19
1.18861
1.18334
1.17427
1.1624
1.14961
1.13825
1.13074
1.12931
1.13605
1.1525
1.17901
1.21418
1.25518
1.29853
1.34099
1.37988
1.41293
1.4381
1.4533
1.45643
1.44553
1.41952
1.37845
1.32399
1.25935
1.18927
1.11983
1.05819
1.01169
0.986228
0.984232
1.00371
1.03913
1.08358
1.1307
1.17581
1.21589
1.24913
1.27433
1.29044
1.29678
1.29298
1.27928
1.25673
1.22748
1.19455
1.16134
1.13087
1.10519
1.08498
1.07015
1.06042
1.05573
1.05652
1.06363
1.07801
1.10058
1.13167
1.17033
1.21373
1.25724
1.29553
1.32416
1.34062
1.34464
1.33787
1.32345
1.30505
1.28606
1.26889
1.25481
1.244
1.23588
1.22936
1.22326
1.21653
1.20875
1.20014
1.19121
1.18247
1.17415
1.1665
1.15989
1.15478
1.15174
1.15122
1.15345
1.15857
1.16671
1.17811
1.1929
1.21063
1.23004
1.24905
1.26558
1.27809
1.28593
1.28946
1.28966
1.28789
1.28521
1.28199
1.27798
1.27288
1.26683
1.26063
1.25537
1.2517
1.24932
1.24698
1.24265
1.23432
1.22049
1.20053
1.17477
1.14492
1.11428
1.08742
1.06935
1.06417
1.07373
1.09685
1.12979
1.16735
1.2042
1.23589
1.25938
1.273
1.27621
1.26964
1.25484
1.23412
1.21017
1.18561
1.16267
1.14313
1.1284
1.11959
1.11726
1.12133
1.13083
1.1441
1.15906
1.17364
1.18618
1.19587
1.2029
1.2086
1.2152
1.22512
1.24007
1.26007
1.2834
1.30729
1.32887
1.34566
1.35558
1.35678
1.3479
1.3283
1.29887
1.26231
1.22312
1.18673
1.15802
1.14004
1.13312
1.13544
1.14377
1.15461
1.16499
1.17303
1.17759
1.17798
1.17417
1.16725
1.15912
1.15228
1.14931
1.1522
1.16181
1.17753
1.19714
1.21747
1.23524
1.24794
1.25438
1.2548
1.25063
1.244
1.23725
1.23239
1.23071
1.23265
1.23774
1.24494
1.25281
1.25972
1.26416
1.26514
1.2623
1.25551
1.24438
1.22823
1.20668
1.18057
1.1522
1.12521
1.10357
1.09063
1.08821
1.0961
1.11208
1.13272
1.15449
1.17468
1.19208
1.20692
1.22027
1.23298
1.24489
1.25468
1.26052
1.26088
1.25528
1.2445
1.23044
1.21569
1.20266
1.19289
1.18674
1.18348
1.18204
1.18177
1.18312
1.1876
1.19705
1.21234
1.23211
1.25245
1.26823
1.27489
1.26985
1.25329
1.22822
1.20005
1.17475
1.15672
1.14718
1.14477
1.14681
1.15025
1.15228
1.15075
1.14463
1.13437
1.12221
1.11174
1.10713
1.11196
1.1282
1.15541
1.19062
1.22927
1.26654
1.29857
1.32309
1.33969
1.34946
1.35443
1.35692
1.3585
1.35953
1.35943
1.3573
1.35241
1.344
1.33111
1.31271
1.28835
1.25877
1.22616
1.19348
1.16307
1.13573
1.11086
1.08755
1.06612
1.04879
1.03907
1.03992
1.0519
1.07262
1.09823
1.12503
1.1507
1.17441
1.19631
1.21696
1.23656
1.25449
1.2695
1.27997
1.28454
1.2825
1.27408
1.26026
1.24255
1.22256
1.20177
1.1817
1.16429
1.15146
1.14458
1.14385
1.14841
1.15677
1.1672
1.17812
1.18818
1.19637
1.20218
1.20546
1.20633
1.20511
1.20227
1.19836
1.19419
1.19055
1.18803
1.18697
1.18747
1.18951
1.19292
1.19744
1.20249
1.20735
1.21143
1.21453
1.21722
1.22079
1.22654
1.23487
1.24496
1.25506
1.26328
1.26811
1.2686
1.26454
1.25624
1.24436
1.22959
1.21283
1.19559
1.18051
1.17072
1.16808
1.17215
1.18048
1.19002
1.19851
1.20501
1.20994
1.21465
1.22062
1.22864
1.23835
1.24798
1.25482
1.25653
1.25227
1.24296
1.23075
1.21792
1.20605
1.19603
1.18856
1.18439
1.18422
1.18832
1.19624
1.20667
1.21784
1.22811
1.23616
1.24111
1.24239
1.23972
1.23323
1.22337
1.21076
1.1962
1.18023
1.16315
1.14525
1.1273
1.11078
1.09784
1.09088
1.09191
1.10193
1.12061
1.14626
1.17617
1.20694
1.23507
1.25759
1.27266
1.27989
1.2803
1.27604
1.26992
1.26465
1.26205
1.26256
1.26541
1.26922
1.27259
1.2744
1.2737
1.2697
1.26194
1.25059
1.23667
1.22208
1.20896
1.19904
1.19322
1.19129
1.19225
1.19477
1.19752
1.19944
1.19962
1.19752
1.19289
1.18587
1.17716
1.16793
1.15986
1.15504
1.15525
1.16126
1.17221
1.18594
1.1998
1.21138
1.21907
1.22199
1.21983
1.21247
1.20011
1.18381
1.1661
1.15079
1.1418
1.1414
1.14935
1.16348
1.18086
1.19894
1.21595
1.23088
1.2432
1.25275
1.25969
1.26421
1.26643
1.26637
1.26402
1.25999
1.25566
1.25287
1.25312
1.25683
1.26284
1.26872
1.27145
1.2683
1.25777
1.23988
1.21633
1.19002
1.16437
1.14227
1.12543
1.11441
1.10901
1.10905
1.11437
1.12463
1.13913
1.15674
1.17602
1.19529
1.2126
1.22606
1.23426
1.23664
1.2336
1.22628
1.21594
1.20374
1.19039
1.17623
1.16167
1.14765
1.13583
1.1285
1.12792
1.13546
1.15084
1.17224
1.19692
1.22199
1.24518
1.26502
1.28059
1.29107
1.29549
1.29321
1.28425
1.2696
1.25112
1.23107
1.21159
1.19417
1.17957
1.16797
1.15961
1.15484
1.15404
1.15723
1.16388
1.17307
1.18384
1.19569
1.20889
1.22413
1.24201
1.26254
1.28462
1.30634
1.32538
1.33947
1.34663
1.34505
1.33306
1.30928
1.27334
1.22688
1.17448
1.12296
1.07963
1.04995
1.03632
1.03788
1.0513
1.07208
1.0958
1.11899
1.13946
1.15607
1.16809
1.17525
1.17778
1.17678
1.17406
1.1714
1.16978
1.16936
1.17001
1.17171
1.17437
1.17763
1.18064
1.18248
1.18248
1.18072
1.17796
1.1757
1.17575
1.17971
1.18837
1.20147
1.21794
1.23618
1.25437
1.27067
1.28335
1.29085
1.29185
1.28557
1.27197
1.25222
1.22881
1.20489
1.18345
1.16672
1.15586
1.15101
1.15158
1.15641
1.16399
1.17278
1.18177
1.19086
1.20059
1.21152
1.22338
1.23489
1.24416
1.2492
1.24871
1.24244
1.23138
1.2174
1.20316
1.1917
1.18585
1.18767
1.19795
1.21583
1.2388
1.26308
1.28449
1.29964
1.30652
1.3048
1.29559
1.28115
1.26443
1.24813
1.23397
1.22206
1.21127
1.1999
1.18668
1.17112
1.15344
1.13437
1.11493
1.09657
1.08104
1.07026
1.06589
1.06915
1.08043
1.09894
1.12246
1.14794
1.17233
1.19364
1.21163
1.22753
1.24282
1.25798
1.27153
1.28052
1.28217
1.27554
1.26232
1.24615
1.23104
1.21976
1.21306
1.21006
1.20886
1.20735
1.20354
1.19602
1.18437
1.16945
1.15334
1.13856
1.1273
1.12062
1.11843
1.11995
1.12404
1.12932
1.13413
1.1369
1.13668
1.13352
1.12862
1.12422
1.12298
1.12767
1.1405
1.16249
1.19348
1.23176
1.27444
1.31749
1.35623
1.38605
1.40337
1.40653
1.39614
1.37501
1.34745
1.31803
1.29052
1.26723
1.24874
1.23415
1.22183
1.21017
1.19845
1.18686
1.17644
1.1683
1.16314
1.16112
1.16208
1.16589
1.17265
1.18229
1.19409
1.2066
1.21791
1.22633
1.23084
1.23124
1.22767
1.21988
1.20678
1.18683
1.15933
1.12583
1.09046
1.05913
1.0375
1.0292
1.03492
1.05296
1.08054
1.11487
1.15361
1.19451
1.23486
1.27143
1.301
1.32131
1.3315
1.33199
1.32403
1.30925
1.28929
1.26597
1.241
1.21598
1.19231
1.17111
1.15331
1.13952
1.13013
1.12551
1.12627
1.13337
1.14768
1.1691
1.19587
1.22422
1.24927
1.26652
1.27306
1.26816
1.25319
1.23104
1.20565
1.1813
1.16188
1.15017
1.14733
1.15303
1.16554
1.18266
1.20243
1.22371
1.24624
1.27001
1.29427
1.31714
1.33589
1.34761
1.34992
1.34149
1.32227
1.29367
1.25855
1.22062
1.18377
1.15148
1.12638
1.10982
1.10176
1.10107
1.10575
1.11326
1.12096
1.12686
1.1304
1.13269
1.13616
1.14326
1.15538
1.17222
1.19193
1.21205
1.23046
1.24568
1.2566
1.26212
1.2611
1.25251
1.23613
1.21327
1.18745
1.16423
1.14959
1.14749
1.15812
1.17839
1.20357
1.22902
1.25089
1.26619
1.27256
1.26835
1.25297
1.22726
1.19407
1.15835
1.12645
1.10468
1.09752
1.10654
1.13048
1.16616
1.20925
1.25472
1.29751
1.33303
1.35777
1.36974
1.3689
1.35709
1.33787
1.31574
1.29479
1.27758
1.26434
1.25334
1.24215
1.22882
1.21286
1.19531
1.17821
1.1638
1.15405
1.14998
1.15171
1.15844
1.16864
1.18062
1.19274
1.20387
1.21334
1.22096
1.22671
1.23036
1.23117
1.22789
1.219
1.20337
1.18091
1.15309
1.12296
1.09476
1.0731
1.06194
1.06368
1.07844
1.1041
1.13695
1.17274
1.20769
1.23906
1.26527
1.28566
1.30025
1.30961
1.31463
1.31624
1.31538
1.31267
1.30807
1.30077
1.28936
1.2724
1.2491
1.22023
1.18863
1.15917
1.13724
1.12696
1.12931
1.14206
1.16089
1.18086
1.19763
1.20832
1.21202
1.20954
1.20303
1.19522
1.18863
1.18505
1.18535
1.18959
1.19719
1.20702
1.21751
1.22666
1.23278
1.23475
1.23243
1.22668
1.21907
1.21177
1.2075
1.20885
1.21725
1.23227
1.25142
1.27097
1.28694
1.29598
1.29575
1.28517
1.26472
1.23658
1.20443
1.17287
1.14653
1.12953
1.12469
1.13264
1.15138
1.17713
1.2055
1.23242
1.25454
1.26914
1.27433
1.2692
1.25398
1.23001
1.19973
1.16647
1.13404
1.10609
1.08576
1.07526
1.07557
1.08673
1.10802
1.13786
1.17385
1.21277
1.25093
1.28477
1.3113
1.32858
1.33597
1.33407
1.32461
1.31024
1.29401
1.27891
1.26714
1.25991
1.25711
1.25746
1.25919
1.26083
1.26169
1.26162
1.26054
1.25803
1.25341
1.24596
1.23552
1.22292
1.20977
1.19788
1.18861
1.18248
1.17937
1.17937
1.18313
1.19181
1.20589
1.22421
1.24425
1.26308
1.27829
1.28833
1.29237
1.29016
1.28187
1.26803
1.24969
1.22843
1.20615
1.18472
1.16579
1.15025
1.13841
1.13025
1.12571
1.12486
1.12771
1.1339
1.14224
1.15081
1.15746
1.16064
1.15983
1.15549
1.14869
1.14061
1.13247
1.1255
1.12092
1.11973
1.12257
1.12946
1.13996
1.15326
1.16852
1.18472
1.20063
1.21468
1.22519
1.23088
1.2314
1.22761
1.22169
1.21675
1.21613
1.22237
1.2363
1.25658
1.28027
1.30379
1.3239
1.33815
1.34523
1.34506
1.33873
1.32826
1.31605
1.30412
1.29363
1.28475
1.27675
1.26855
1.2591
1.2478
1.23454
1.21957
1.20325
1.18579
1.16735
1.14852
1.13095
1.11754
1.11145
1.11419
1.12466
1.13997
1.15706
1.17367
1.18861
1.20137
1.2118
1.21964
1.22455
1.22622
1.22449
1.21956
1.21198
1.20258
1.19222
1.18134
1.17001
1.15792
1.14486
1.13119
1.11781
1.106
1.09724
1.09288
1.09429
1.10261
1.11858
1.14206
1.1716
1.20464
1.23788
1.26799
1.29234
1.30944
1.31901
1.32155
1.31813
1.30999
1.29821
1.28351
1.26631
1.24694
1.22618
1.20554
1.18725
1.17369
1.1669
1.16779
1.17577
1.18871
1.20338
1.21615
1.22401
1.22525
1.22004
1.21004
1.19779
1.18586
1.1763
1.17034
1.16851
1.17102
1.17799
1.18948
1.20519
1.2241
1.24431
1.26328
1.27814
1.28629
1.28573
1.27541
1.25545
1.22727
1.19349
1.1578
1.12466
1.09861
1.08309
1.07941
1.08628
1.10083
1.12006
1.14173
1.16445
1.18716
1.20871
1.22772
1.24295
1.25362
1.25974
1.26216
1.2622
1.26105
1.25914
1.25613
1.25115
1.24333
1.23225
1.21826
1.20209
1.18474
1.16735
1.15146
1.13917
1.13281
1.13414
1.14331
1.15857
1.17737
1.19735
1.21712
1.23591
1.25281
1.26619
1.27399
1.27466
1.26808
1.2558
1.24074
1.22636
1.21585
1.21167
1.21519
1.22589
1.24117
1.25687
1.26875
1.27403
1.2721
1.26435
1.25344
1.24229
1.2334
1.22816
1.22669
1.22798
1.23042
1.23234
1.23241
1.23
1.22489
1.21713
1.20679
1.19405
1.1793
1.16347
1.1481
1.13511
1.12648
1.1237
1.12743
1.13726
1.15163
1.168
1.18324
1.19431
1.19903
1.19663
1.18777
1.1743
1.15846
1.14251
1.12818
1.11638
1.107
1.09933
1.09268
1.08698
1.08337
1.08404
1.09156
1.10792
1.13348
1.16651
1.20339
1.23947
1.27016
1.2918
1.30241
1.30174
1.29132
1.27425
1.25442
1.23523
1.21869
1.20506
1.19343
1.18292
1.17372
1.16735
1.16616
1.17236
1.18701
1.20965
1.23828
1.27005
1.30169
1.33007
1.35265
1.36772
1.3747
1.37383
1.36577
1.35125
1.33065
1.30418
1.27271
1.23854
1.20558
1.17861
1.16197
1.15794
1.16581
1.18197
1.20107
1.21755
1.22695
1.22662
1.21576
1.19541
1.16789
1.13641
1.10436
1.07489
1.05076
1.03439
1.02786
1.0327
1.04919
1.07593
1.10974
1.14627
1.18116
1.21093
1.2337
1.24906
1.25774
1.26087
1.25976
1.25574
1.25007
1.24405
1.23869
1.23456
1.23157
1.22926
1.22708
1.22463
1.2216
1.21777
1.21304
1.20757
1.20181
1.19644
1.19217
1.18949
1.18849
1.18902
1.19081
1.19359
1.19722
1.20135
1.20543
1.20859
1.21005
1.2094
1.20694
1.20361
1.20089
1.20041
1.20356
1.21092
1.22185
1.23477
1.24778
1.25951
1.26959
1.27837
1.28628
1.29301
1.29707
1.29601
1.28721
1.26871
1.24011
1.20303
1.16086
1.11816
1.0799
1.05085
1.03516
1.03555
1.05218
1.082
1.11936
1.15795
1.19289
1.22162
1.2436
1.25946
1.26974
1.27453
1.27327
1.26553
1.2518
1.23384
1.21455
1.19702
1.18378
1.17603
1.17389
1.17637
1.18195
1.18888
1.19547
1.20041
1.203
1.20333
1.20229
1.20138
1.20237
1.20674
1.21513
1.22717
1.24137
1.25541
1.26664
1.27257
1.27153
1.263
1.24775
1.22781
1.20627
1.18655
1.17147
1.16237
1.1589
1.15962
1.16259
1.16593
1.16804
1.16781
1.16543
1.16267
1.16257
1.16832
1.18197
1.20318
1.22912
1.25563
1.27889
1.29667
1.30843
1.31461
1.31581
1.31242
1.30476
1.29308
1.27781
1.2594
1.23832
1.21492
1.18969
1.16353
1.13793
1.11493
1.09661
1.08449
1.0793
1.08108
1.08953
1.10418
1.12463
1.15029
1.17996
1.21169
1.2431
1.27189
1.29621
1.3148
1.32693
1.33236
1.33144
1.32489
1.31349
1.29798
1.2791
1.25783
1.23539
1.21322
1.19266
1.17487
1.16074
1.15075
1.14493
1.14312
1.14499
1.15012
1.15801
1.16822
1.1802
1.19314
1.20599
1.21777
1.22785
1.23586
1.24134
1.24351
1.24146
1.23467
1.22355
1.20961
1.19477
1.18067
1.16807
1.1571
1.14832
1.1436
1.14591
1.15716
1.17604
1.1985
1.22019
1.23854
1.25261
1.26197
1.26636
1.26581
1.26064
1.25105
1.23671
1.21724
1.19313
1.16659
1.14223
1.1263
1.12432
1.13803
1.16455
1.19819
1.23309
1.26474
1.29036
1.30848
1.31852
1.31992
1.31194
1.29393
1.26603
1.2298
1.18856
1.14704
1.11091
1.08568
1.07519
1.07978
1.09603
1.11858
1.14276
1.16608
1.18809
1.20932
1.23021
1.25071
1.27008
1.28723
1.301
1.31038
1.31455
1.31299
1.30556
1.29263
1.27494
1.25378
1.23084
1.20815
1.18789
1.17198
1.16174
1.15781
1.16012
1.1679
1.17974
1.19368
1.20739
1.21867
1.22601
1.22884
1.22754
1.22303
1.21627
1.20803
1.19874
1.18893
1.17913
1.1697
1.16071
1.15212
1.14385
1.13594
1.12885
1.12349
1.1211
1.12293
1.1298
1.14193
1.15889
1.17994
1.20418
1.23036
1.25647
1.27958
1.29632
1.30415
1.30228
1.29223
1.27767
1.2635
1.25397
1.25086
1.25272
1.25587
1.2566
1.25277
1.2442
1.23203
1.21795
1.20338
1.18936
1.17673
1.16636
1.15899
1.15491
1.1542
1.15683
1.16278
1.17165
1.18233
1.19295
1.20121
1.20499
1.20305
1.19521
1.18221
1.16556
1.14717
1.12917
1.11387
1.10384
1.10139
1.10798
1.12353
1.14637
1.17354
1.20152
1.22714
1.24802
1.26286
1.27168
1.27546
1.27574
1.27406
1.27123
1.267
1.26052
1.25098
1.23829
1.2232
1.2072
1.19213
1.17967
1.17092
1.16631
1.16555
1.16787
1.17207
1.17699
1.18191
1.18682
1.19238
1.19963
1.20938
1.22154
1.23529
1.24927
1.262
1.27218
1.27899
1.28209
1.28159
1.27805
1.27208
1.26422
1.25486
1.24433
1.23322
1.22229
1.21201
1.20227
1.19231
1.18107
1.16817
1.15486
1.14437
1.1411
1.14859
1.1674
1.19422
1.22295
1.24676
1.26009
1.25976
1.24508
1.21783
1.18189
1.14266
1.1062
1.07828
1.063
1.06158
1.07236
1.09164
1.11557
1.14156
1.1684
1.19557
1.22219
1.24672
1.26725
1.28212
1.29047
1.29225
1.28791
1.27833
1.26458
1.24804
1.2302
1.21258
1.19664
1.18356
1.17419
1.16898
1.16802
1.17106
1.1777
1.18748
1.19992
1.21474
1.2316
1.2498
1.26821
1.28527
1.29934
1.30881
1.31254
1.31002
1.30136
1.28736
1.26939
1.24894
1.22738
1.20553
1.18393
1.16353
1.14632
1.13538
1.1338
1.14315
1.1625
1.1888
1.21775
1.24496
1.26666
1.27988
1.28275
1.27462
1.25615
1.22923
1.19704
1.16404
1.13517
1.11464
1.10456
1.10459
1.11288
1.12717
1.14558
1.16684
1.18982
1.21323
1.2356
1.25521
1.27052
1.28044
1.2846
1.28345
1.27806
1.26987
1.26016
1.24991
1.23952
1.22893
1.218
1.20664
1.19492
1.18339
1.17314
1.16582
1.16321
1.16639
1.17515
1.18781
1.20182
1.21461
1.2241
1.22903
1.22899
1.22435
1.21583
1.20444
1.19115
1.17671
1.16188
1.14773
1.1358
1.12799
1.12599
1.13058
1.14131
1.15653
1.17393
1.19106
1.20588
1.217
1.22397
1.22715
1.22781
1.22776
1.22859
1.23095
1.23433
1.23756
1.23964
1.24029
1.23992
1.23914
1.2385
1.23812
1.23758
1.23628
1.23389
1.23077
1.22816
1.22781
1.23083
1.23651
1.24198
1.24303
1.23598
1.21921
1.19386
1.16359
1.13355
1.10889
1.09323
1.08784
1.09169
1.10253
1.11788
1.136
1.15619
1.17833
1.20191
1.2256
1.24724
1.26416
1.27409
1.27591
1.27003
1.25844
1.2442
1.2304
1.21943
1.21263
1.21047
1.21287
1.21911
1.22777
1.23677
1.24376
1.2468
1.24497
1.23871
1.22965
1.22011
1.21207
1.20647
1.20263
1.19844
1.19159
1.18081
1.16653
1.1509
1.13746
1.13018
1.13205
1.1439
1.16382
1.18812
1.21275
1.23473
1.25263
1.26615
1.27527
1.2796
1.27853
1.27173
1.25979
1.24423
1.22736
1.21166
1.19926
1.19152
1.1887
1.1899
1.19327
1.19656
1.19755
1.19478
1.18804
1.17853
1.1687
1.16157
1.15973
1.16445
1.17514
1.18966
1.20497
1.218
1.22639
1.22894
1.2258
1.21812
1.20765
1.19619
1.18524
1.17576
1.16814
1.1623
1.15802
1.15524
1.15434
1.15604
1.16099
1.16958
1.18166
1.19657
1.2132
1.2303
1.24658
1.26092
1.27227
1.27949
1.28145
1.27735
1.26716
1.25159
1.23196
1.2097
1.18602
1.16214
1.13957
1.12049
1.10725
1.10182
1.10507
1.11635
1.13362
1.15412
1.17477
1.19287
1.20623
1.21332
1.21339
1.20657
1.19394
1.17749
1.15989
1.14414
1.13314
1.12938
1.13467
1.1497
1.17379
1.20466
1.23857
1.2711
1.29812
1.31642
1.32408
1.32023
1.30498
1.2791
1.24471
1.20531
1.16615
1.13323
1.11195
1.10557
1.11448
1.13645
1.16744
1.20238
1.23607
1.26397
1.28318
1.29309
1.2951
1.29193
1.28667
1.28193
1.27892
1.27715
1.27471
1.26914
1.25841
1.24177
1.21999
1.19502
1.16917
1.14464
1.12305
1.10517
1.09104
1.08027
1.07239
1.067
1.0641
1.06452
1.07026
1.08419
1.10814
1.14092
1.17787
1.21283
1.24064
1.2581
1.26415
1.25955
1.2466
1.22877
1.21009
1.19449
1.18508
1.18356
1.18996
1.20262
1.21862
1.23477
1.24858
1.25896
1.26619
1.27111
1.27426
1.27542
1.2738
1.26844
1.25874
1.24476
1.22729
1.2074
1.18612
1.16426
1.1427
1.12298
1.1079
1.10118
1.10629
1.12464
1.15438
1.19083
1.22836
1.2622
1.28929
1.30796
1.31757
1.31814
1.31036
1.29547
1.27498
1.25051
1.22366
1.1963
1.1708
1.14978
1.13589
1.13087
1.13468
1.14538
1.16012
1.17638
1.19281
1.20881
1.22388
1.2371
1.24701
1.25243
1.25317
1.25044
1.24671
1.24452
1.24523
1.2482
1.2513
1.25237
1.25054
1.2464
1.24142
1.237
1.23395
1.2322
1.231
1.22929
1.22598
1.22016
1.21131
1.19943
1.18514
1.1696
1.15419
1.14035
1.12921
1.12172
1.11858
1.1203
1.12717
1.13925
1.156
1.17585
1.19621
1.21413
1.22724
1.2345
1.23624
1.23357
1.22788
1.22048
1.2124
1.2044
1.19699
1.19036
1.18459
1.17981
1.17615
1.17361
1.17186
1.17008
1.16745
1.16377
1.15995
1.15809
1.16077
1.16998
1.18635
1.20874
1.23442
1.25973
1.28087
1.29485
1.30012
1.29685
1.28658
1.27159
1.2542
1.2363
1.21945
1.20514
1.19477
1.18942
1.18965
1.19544
1.20638
1.22168
1.24035
1.26076
1.28066
1.2974
1.30834
1.31122
1.30448
1.28777
1.26222
1.23051
1.19649
1.16429
1.13754
1.11874
1.10892
1.10776
1.11358
1.12372
1.13485
1.1438
1.14829
1.14756
1.14251
1.13523
1.12827
1.12379
1.12296
1.1257
1.13111
1.13831
1.14685
1.15703
1.16973
1.18598
1.20645
1.23094
1.25792
1.28415
1.30556
1.31836
1.32034
1.31147
1.29393
1.27176
1.25
1.23323
1.22445
1.22434
1.23128
1.24234
1.25417
1.26412
1.2705
1.27266
1.27082
1.26591
1.25934
1.25275
1.24755
1.24454
1.24396
1.24545
1.24842
1.25217
1.25567
1.25747
1.25619
1.25082
1.24099
1.22713
1.21035
1.19218
1.17422
1.15783
1.14397
1.13298
1.12485
1.11931
1.11589
1.11421
1.1142
1.11591
1.11916
1.1233
1.12734
1.13074
1.1337
1.13702
1.1415
1.14753
1.15488
1.1628
1.17027
1.1762
1.17927
1.17798
1.17105
1.15813
1.14016
1.11939
1.09913
1.08311
1.07465
1.07567
1.08631
1.10518
1.13003
1.15819
1.18716
1.21509
1.24127
1.26594
1.28989
1.31354
1.33609
1.3555
1.3693
1.37558
1.37365
1.36414
1.34858
1.32946
1.31001
1.29383
1.28345
1.27883
1.27734
1.27548
1.27057
1.26124
1.24719
1.22877
1.20701
1.18363
1.16096
1.14178
1.12871
1.12349
1.12639
1.13575
1.14845
1.16045
1.16774
1.16746
1.15885
1.14356
1.12533
1.10911
1.09983
1.1012
1.11479
1.13975
1.17299
1.21006
1.24621
1.27705
1.29938
1.31142
1.3131
1.30581
1.29206
1.27495
1.25756
1.24234
1.23083
1.22344
1.21945
1.21724
1.21494
1.21112
1.20513
1.19707
1.18771
1.17807
1.16946
1.16328
1.1608
1.16254
1.16795
1.17528
1.18214
1.18629
1.18617
1.18116
1.1716
1.15879
1.14464
1.1313
1.12054
1.11333
1.10977
1.1097
1.11342
1.12209
1.13734
1.16002
1.18917
1.22164
1.2529
1.2782
1.29398
1.29883
1.29393
1.28248
1.26867
1.25637
1.24824
1.24529
1.24728
1.25307
1.26136
1.27073
1.27995
1.28791
1.29344
1.2955
1.29283
1.28475
1.27135
1.25355
1.23323
1.21255
1.19334
1.17647
1.16201
1.14951
1.13822
1.12735
1.11659
1.10674
1.10007
1.09964
1.10787
1.12569
1.1524
1.186
1.22355
1.26158
1.29622
1.32405
1.34256
1.35023
1.34685
1.33332
1.31202
1.28668
1.26157
1.23996
1.22275
1.20836
1.19452
1.17965
1.16364
1.14752
1.13258
1.11965
1.10906
1.10122
1.09706
1.09799
1.10518
1.1184
1.13532
1.15227
1.16564
1.17329
1.17511
1.17296
1.1703
1.17133
1.17962
1.19662
1.22091
1.24866
1.275
1.29557
1.30733
1.30919
1.30163
1.28627
1.26554
1.24231
1.21962
1.20041
1.18695
1.18056
1.18123
1.18771
1.19773
1.20859
1.21795
1.22423
1.22688
1.22625
1.22323
1.21891
1.2144
1.21029
1.20633
1.20172
1.19583
1.18857
1.18043
1.17234
1.16522
1.15985
1.15694
1.15718
1.16138
1.17006
1.18304
1.19911
1.21614
1.23133
1.24208
1.2464
1.24348
1.23367
1.21842
1.19976
1.17997
1.16107
1.14463
1.13176
1.12292
1.118
1.11629
1.11669
1.11812
1.12004
1.1225
1.1261
1.13194
1.14117
1.15464
1.17247
1.19378
1.21695
1.24029
1.26224
1.28155
1.29698
1.30738
1.31184
1.31025
1.30367
1.2942
1.28467
1.27752
1.2739
1.27317
1.27332
1.27209
1.26801
1.26097
1.25198
1.24275
1.23479
1.22878
1.22411
1.21932
1.21274
1.20334
1.19088
1.17611
1.16049
1.14594
1.13447
1.12739
1.12497
1.12654
1.13131
1.13928
1.15154
1.16956
1.19399
1.22388
1.2565
1.28793
1.31403
1.33131
1.33756
1.33213
1.31592
1.29124
1.26143
1.23044
1.20168
1.17728
1.15784
1.14302
1.13257
1.12672
1.12621
1.13163
1.14263
1.15778
1.17435
1.18905
1.19882
1.20178
1.19789
1.18886
1.17741
1.16645
1.15805
1.15296
1.15063
1.14971
1.14875
1.14705
1.14485
1.14338
1.14433
1.1489
1.15716
1.16822
1.18103
1.19506
1.21044
1.22745
1.24585
1.26478
1.28278
1.29832
1.31021
1.31741
1.31899
1.31405
1.3021
1.28348
1.25943
1.23197
1.20365
1.17733
1.15578
1.14129
1.13525
1.13763
1.14714
1.16162
1.17854
1.19553
1.21101
1.22442
1.23609
1.24681
1.25707
1.26665
1.27508
1.28191
1.28728
1.29164
1.29533
1.29797
1.29856
1.29568
1.28797
1.27458
1.25563
1.23245
1.20776
1.18535
1.16883
1.16011
1.15845
1.1611
1.16465
1.16649
1.16553
1.16196
1.15707
1.15253
1.15
1.15057
1.15439
1.1605
1.16718
1.17261
1.17565
1.17625
1.17537
1.17459
1.17535
1.17861
1.18487
1.19428
1.20686
1.22232
1.23993
1.25851
1.2763
1.29137
1.30189
1.3065
1.30491
1.29802
1.28777
1.27618
1.26418
1.25125
1.23646
1.21971
1.20225
1.18603
1.17276
1.16328
1.15795
1.15676
1.15932
1.16459
1.17087
1.17616
1.17863
1.17707
1.17137
1.16242
1.15218
1.143
1.13685
1.13495
1.13737
1.14343
1.15215
1.16264
1.17432
1.18673
1.19939
1.21166
1.22283
1.23238
1.24011
1.2459
1.24974
1.2516
1.25207
1.25237
1.2543
1.25953
1.26885
1.28183
1.29706
1.31246
1.32569
1.33452
1.33695
1.33162
1.31793
1.296
1.26691
1.23239
1.19501
1.15787
1.12415
1.09665
1.07755
1.06826
1.06944
1.08082
1.10116
1.12819
1.15866
1.1887
1.21474
1.234
1.24477
1.24656
1.24011
1.22734
1.2113
1.19625
1.18734
1.18933
1.20444
1.23084
1.26305
1.29418
1.31802
1.3305
1.3299
1.31677
1.29362
1.26457
1.23437
1.20746
1.18677
1.17321
1.16585
1.16286
1.16257
1.16407
1.16716
1.17198
1.1781
1.18473
1.19107
1.19695
1.20273
1.20872
1.2144
1.21831
1.21869
1.21402
1.20423
1.19091
1.17698
1.16578
1.16011
1.16174
1.17108
1.18711
1.20784
1.2306
1.25272
1.27198
1.28665
1.29577
1.29895
1.29673
1.2905
1.28215
1.27342
1.26512
1.2567
1.24671
1.23371
1.21708
1.19741
1.1763
1.15561
1.1369
1.12114
1.10866
1.09956
1.09392
1.0917
1.09269
1.0965
1.10261
1.11058
1.12001
1.13041
1.14108
1.15102
1.15898
1.16365
1.16414
1.1607
1.155
1.14969
1.14771
1.15129
1.16145
1.1779
1.19912
1.22299
1.24732
1.2704
1.291
1.30834
1.32198
1.33145
1.33644
1.33673
1.33227
1.32322
1.31004
1.29349
1.27468
1.25476
1.23486
1.21595
1.19873
1.18366
1.17097
1.16095
1.15406
1.15103
1.15273
1.15993
1.1726
1.1896
1.20838
1.22576
1.2388
1.24532
1.24427
1.23576
1.22094
1.20207
1.18194
1.16333
1.14844
1.13841
1.13329
1.13229
1.13409
1.13746
1.14194
1.14786
1.15622
1.16842
1.18571
1.20885
1.23745
1.26935
1.30072
1.32713
1.34472
1.35053
1.34291
1.32196
1.28988
1.25113
1.21158
1.17649
1.14866
1.12799
1.1127
1.10064
1.09049
1.08204
1.07613
1.07417
1.07737
1.08627
1.10029
1.11793
1.13718
1.15626
1.1742
1.19123
1.20846
1.22701
1.24725
1.26818
1.28787
1.3043
1.31587
1.32171
1.3215
1.31524
1.30331
1.28626
1.26478
1.24002
1.21415
1.19037
1.17279
1.16471
1.16691
1.1771
1.19081
1.20337
1.21138
1.21335
1.20964
1.202
1.19271
1.18371
1.17625
1.17076
1.16749
1.16683
1.16933
1.1755
1.18566
1.19966
1.21649
1.23426
1.2503
1.26218
1.26838
1.26853
1.2631
1.25262
1.23747
1.21801
1.19548
1.17262
1.15344
1.14163
1.13873
1.14338
1.15248
1.16314
1.17403
1.18543
1.1985
1.2141
1.23207
1.25106
1.26902
1.28378
1.2933
1.29561
1.2891
1.27289
1.24743
1.21482
1.17888
1.14461
1.11695
1.09966
1.09425
1.09991
1.11411
1.13367
1.15582
1.17865
1.20127
1.2234
1.2448
1.26501
1.2834
1.29924
1.31219
1.32229
1.32981
1.33496
1.33749
1.33641
1.33009
1.31711
1.29731
1.2728
1.24776
1.22709
1.21422
1.20955
1.21093
1.21522
1.21979
1.22268
1.2222
1.21671
1.20483
1.18608
1.16146
1.13398
1.10831
1.08987
1.08317
1.09008
1.10908
1.13593
1.16477
1.1899
1.20698
1.21391
1.21105
1.20084
1.18712
1.17402
1.16488
1.16168
1.16509
1.17438
1.18797
1.20392
1.22024
1.23519
1.24731
1.25549
1.25867
1.25593
1.24673
1.23135
1.21137
1.18968
1.16995
1.15577
1.14966
1.15256
1.16385
1.18168
1.20322
1.22544
1.24577
1.26249
1.27459
1.28145
1.2823
1.27624
1.26259
1.2414
1.21407
1.18369
1.15453
1.13106
1.11673
1.11314
1.11974
1.13423
1.15372
1.17541
1.19722
1.2178
1.23646
1.25273
1.26615
1.27648
1.28374
1.28852
1.29155
1.29322
1.29319
1.29042
1.28389
1.27308
1.25877
1.24338
1.23066
1.22465
1.22839
1.24265
1.26536
1.29171
1.31548
1.33071
1.33321
1.32158
1.29763
1.26576
1.23176
1.20079
1.17567
1.15662
1.14211
1.1303
1.1197
1.10937
1.09912
1.08933
1.08062
1.07351
1.06813
1.06428
1.06177
1.06097
1.06285
1.06872
1.07972
1.09648
1.11886
1.14601
1.17622
1.20721
1.2364
1.26157
1.28131
1.29535
1.30463
1.31089
1.31606
1.32147
1.32742
1.33308
1.33654
1.33545
1.32766
1.31219
1.28995
1.2645
1.2413
1.22583
1.22073
1.22418
1.231
1.23556
1.23395
1.22483
1.20925
1.18982
1.16962
1.15125
1.13625
1.12532
1.11827
1.11454
1.11344
1.11422
1.11634
1.11986
1.12575
1.13564
1.15088
1.1712
1.19424
1.21631
1.23413
1.24579
1.25099
1.25041
1.24513
1.2365
1.22624
1.21655
1.20988
1.20797
1.21097
1.21719
1.22411
1.22936
1.23122
1.22906
1.22307
1.21359
1.20081
1.18521
1.16807
1.15167
1.13892
1.1322
1.13274
1.14012
1.15273
1.16868
1.18647
1.205
1.22296
1.23841
1.24894
1.25224
1.24683
1.23286
1.21232
1.18901
1.16778
1.15382
1.15121
1.16163
1.18361
1.21321
1.2456
1.27654
1.30303
1.32334
1.33675
1.34324
1.34318
1.33747
1.32729
1.31355
1.29651
1.27601
1.25194
1.22477
1.19594
1.16758
1.14235
1.12287
1.11115
1.10769
1.11139
1.12034
1.13259
1.14693
1.16277
1.18005
1.19849
1.21735
1.23514
1.25027
1.26153
1.26853
1.27119
1.26956
1.26353
1.25306
1.23859
1.22154
1.20417
1.1893
1.17961
1.17689
1.1814
1.19187
1.20607
1.22126
1.23476
1.24437
1.24886
1.24813
1.24321
1.23594
1.22807
1.22019
1.21107
1.19826
1.1794
1.1535
1.12135
1.08542
1.04905
1.01601
0.990222
0.975569
0.975325
0.991215
1.02269
1.06698
1.12003
1.17768
1.2364
1.29287
1.34359
1.38495
1.41388
1.42864
1.42931
1.41783
1.39743
1.37204
1.34536
1.32031
1.29856
1.28055
1.26585
1.25356
1.24267
1.2321
1.22111
1.20984
1.19952
1.19205
1.18909
1.19121
1.1977
1.20681
1.21658
1.22524
1.23171
1.23594
1.2383
1.2388
1.23627
1.22859
1.21413
1.19288
1.16694
1.14061
1.11919
1.10717
1.10586
1.11318
1.12565
1.14038
1.15585
1.17137
1.18632
1.1999
1.21131
1.21997
1.22579
1.22908
1.23021
1.22905
1.22519
1.21826
1.20826
1.19582
1.18197
1.16803
1.15563
1.14658
1.14237
1.14377
1.15033
1.1605
1.17206
1.18272
1.19087
1.19595
1.19855
1.2002
1.20277
1.20775
1.21567
1.2258
1.23671
1.24674
1.25441
1.25852
1.25835
1.25366
1.24468
1.23205
1.21686
1.20058
1.18492
1.17178
1.16286
1.15957
1.16273
1.17238
1.18765
1.20677
1.22711
1.24541
1.25856
1.26442
1.26241
1.2535
1.23973
1.22354
1.20727
1.19293
1.18184
1.1743
1.16927
1.16486
1.15977
1.15406
1.1492
1.1472
1.1496
1.15691
1.16866
1.18336
1.19885
1.2125
1.22187
1.22569
1.22408
1.21833
1.21007
1.20059
1.19068
1.18113
1.17317
1.1686
1.16939
1.17689
1.19082
1.20921
1.22871
1.24561
1.25705
1.26176
1.26024
1.25432
1.24641
1.23859
1.23202
1.22704
1.22335
1.2203
1.21702
1.21261
1.2066
1.19932
1.19214
1.18705
1.18603
1.1906
1.2016
1.21911
1.2422
1.26869
1.29505
1.31715
1.33115
1.33461
1.3271
1.30993
1.28583
1.25817
1.2302
1.20395
1.17976
1.15651
1.13285
1.10852
1.0851
1.06602
1.0556
1.05756
1.07339
1.1016
1.13822
1.17809
1.21618
1.24859
1.27279
1.2879
1.29454
1.29459
1.29062
1.28513
1.27965
1.27432
1.26804
1.25907
1.24584
1.22773
1.20571
1.18183
1.1588
1.13898
1.12414
1.11508
1.11176
1.11343
1.11878
1.12645
1.13551
1.14589
1.15831
1.17349
1.19125
1.20996
1.22697
1.23969
1.24641
1.24664
1.24121
1.2322
1.2225
1.21484
1.2107
1.21007
1.21201
1.2156
1.2204
1.22645
1.23398
1.24289
1.25257
1.262
1.26984
1.27474
1.27556
1.27152
1.26234
1.24831
1.23057
1.21107
1.19196
1.17517
1.16187
1.15251
1.14697
1.14465
1.1449
1.14698
1.1502
1.15384
1.15707
1.15938
1.16092
1.16264
1.16633
1.17388
1.18664
1.20444
1.22502
1.24426
1.25748
1.26122
1.25479
1.24057
1.22323
1.20813
1.19978
1.20093
1.21231
1.23278
1.25982
1.29012
1.31954
1.3438
1.35904
1.36248
1.35299
1.3309
1.29778
1.25619
1.20985
1.16322
1.12119
1.08801
1.06628
1.05663
1.05787
1.06812
1.08561
1.10906
1.13745
1.16929
1.2025
1.23465
1.26376
1.28895
1.31039
1.32881
1.34439
1.35644
1.36322
1.36277
1.35364
1.33553
1.30928
1.27689
1.24099
1.20435
1.16964
1.13905
1.11421
1.09608
1.08516
1.08162
1.08532
1.09582
1.11241
1.13399
1.1589
1.18464
1.20788
1.22489
1.23219
1.22747
1.21029
1.18276
1.14946
1.11694
1.0922
1.08121
1.08704
1.10903
1.14323
1.18396
1.22557
1.2636
1.29492
1.31732
1.32926
1.33005
1.32041
1.30276
1.28102
1.25982
1.2434
1.23433
1.23286
1.23683
1.24269
1.24647
1.24485
1.23598
1.22012
1.19965
1.17836
1.16044
1.14894
1.14519
1.14867
1.15713
1.16751
1.17691
1.18324
1.18571
1.18459
1.18101
1.17634
1.17152
1.16691
1.16241
1.15793
1.15378
1.15091
1.15123
1.15726
1.17102
1.19238
1.21808
1.24252
1.26021
1.26773
1.26477
1.25435
1.24203
1.23381
1.23294
1.23824
1.2455
1.25046
1.25042
1.24445
1.23309
1.21828
1.20334
1.19236
1.18886
1.19424
1.20719
1.22469
1.24337
1.26065
1.27482
1.28468
1.28949
1.28894
1.28336
1.27382
1.26163
1.24814
1.23426
1.22053
1.20724
1.19469
1.18292
1.17188
1.16134
1.15094
1.14049
1.13004
1.11995
1.11089
1.10343
1.09787
1.09413
1.09201
1.09129
1.09219
1.0955
1.10238
1.11395
1.13061
1.15146
1.17401
1.19464
1.20956
1.21604
1.21328
1.20297
1.18867
1.17495
1.16605
1.16494
1.17276
1.18873
1.21069
1.23567
1.26061
1.28271
1.29964
1.30966
1.31173
1.30566
1.29202
1.27242
1.24913
1.22491
1.20259
1.18449
1.17232
1.16708
1.16925
1.17864
1.19407
1.21301
1.23192
1.24741
1.25736
1.26146
1.26097
1.25799
1.25447
1.25153
1.24935
1.24744
1.24532
1.24277
1.24022
1.23871
1.23966
1.24411
1.25179
1.26068
1.26768
1.26999
1.26655
1.25846
1.2483
1.23881
1.23155
1.22628
1.22134
1.21493
1.20567
1.19266
1.17546
1.15401
1.12893
1.102
1.07618
1.05522
1.04283
1.04165
1.05255
1.0746
1.10533
1.14137
1.17916
1.21546
1.24764
1.27399
1.29371
1.30685
1.31418
1.31674
1.31572
1.3125
1.30898
1.30748
1.31018
1.3182
1.33079
1.34504
1.3567
1.36145
1.35645
1.34117
1.31687
1.28543
1.2486
1.20793
1.16542
1.12396
1.08714
1.05819
1.039
1.02966
1.02887
1.03537
1.04898
1.07041
1.09942
1.13337
1.16767
1.19774
1.22067
1.23587
1.24506
1.25194
1.26102
1.27473
1.29144
1.30623
1.31391
1.31189
1.30077
1.28364
1.26473
1.24781
1.23547
1.22848
1.22608
1.22643
1.227
1.22529
1.21948
1.2091
1.19512
1.17941
1.16357
1.14834
1.13414
1.122
1.11385
1.11186
1.11751
1.13038
1.14813
1.16717
1.18394
1.19579
1.20157
1.20153
1.19717
1.1909
1.18542
1.18304
1.18502
1.19128
1.20067
1.21176
1.2234
1.23492
1.24606
1.25665
1.26645
1.27522
1.28281
1.28897
1.29328
1.29517
1.29401
1.28946
1.28133
1.26978
1.25524
1.23866
1.2214
1.20485
1.19031
1.17853
1.16957
1.16316
1.15893
1.15674
1.1568
1.15953
1.16548
1.1748
1.18692
1.20056
1.21395
1.22559
1.23477
1.24163
1.24648
1.249
1.24794
1.24159
1.22889
1.20999
1.18627
1.16012
1.13435
1.11169
1.09446
1.08444
1.08261
1.08908
1.10314
1.12349
1.14859
1.17686
1.20655
1.23558
1.26159
1.28201
1.29436
1.2966
1.28781
1.26866
1.24154
1.21025
1.1788
1.15046
1.12728
1.11064
1.1019
1.10243
1.11311
1.13344
1.16124
1.19317
1.22549
1.25496
1.2792
1.29669
1.30681
1.30964
1.30603
1.29759
1.28636
1.27405
1.26188
1.25047
1.24004
1.23066
1.22239
1.21512
1.20855
1.20229
1.19628
1.19097
1.18684
1.18409
1.18278
1.18296
1.18501
1.18954
1.19686
1.20656
1.21736
1.22733
1.23441
1.2375
1.23698
1.23471
1.2328
1.23231
1.23244
1.23098
1.22578
1.21613
1.20339
1.19053
1.18066
1.17608
1.17758
1.18452
1.19527
1.20733
1.218
1.22481
1.226
1.22086
1.20986
1.1948
1.17888
1.16628
1.16136
1.16751
1.18634
1.21697
1.25608
1.29845
1.33804
1.36921
1.38792
1.39216
1.38171
1.35777
1.32247
1.27829
1.22799
1.17441
1.12093
1.07163
1.03137
1.00535
0.997693
1.00928
1.03644
1.07175
1.10702
1.13641
1.15805
1.17363
1.18659
1.19974
1.2138
1.22744
1.23824
1.24381
1.24265
1.23465
1.22185
1.20859
1.20041
1.20131
1.21136
1.22722
1.24448
1.25966
1.27092
1.27782
1.28062
1.27997
1.27645
1.27035
1.2615
1.24949
1.2345
1.21823
1.20406
1.1958
1.19566
1.20344
1.21694
1.23326
1.24974
1.26442
1.27615
1.2842
1.28754
1.28431
1.27243
1.25085
1.22082
1.18627
1.15276
1.12568
1.10846
1.10193
1.10491
1.11532
1.13132
1.15175
1.17586
1.20262
1.23006
1.25561
1.27656
1.29095
1.29795
1.29771
1.29105
1.27901
1.26263
1.24291
1.22084
1.19774
1.17534
1.15581
1.14161
1.13502
1.1375
1.1489
1.16716
1.18903
1.21114
1.23071
1.24579
1.25511
1.25803
1.2544
1.24454
1.22909
1.20915
1.18624
1.16247
1.14043
1.12258
1.11075
1.10589
1.10801
1.11657
1.13098
1.15083
1.17538
1.20313
1.23181
1.25861
1.28078
1.29595
1.30247
1.2996
1.28799
1.26958
1.24725
1.22426
1.20394
1.18903
1.18092
1.17922
1.1818
1.18597
1.19
1.19404
1.19966
1.20815
1.21923
1.23074
1.23973
1.24352
1.24042
1.22996
1.21306
1.19195
1.16951
1.14897
1.13345
1.12525
1.12553
1.1339
1.14842
1.16624
1.18427
1.19996
1.21167
1.21885
1.22208
1.22278
1.22266
1.22289
1.22357
1.22403
1.22342
1.22163
1.2193
1.21734
1.21646
1.21694
1.21878
1.2219
1.22591
1.22996
1.23279
1.23286
1.22904
1.22136
1.21122
1.20109
1.19381
1.19159
1.19517
1.20357
1.21447
1.22464
1.23075
1.23029
1.22218
1.20702
1.18699
1.16517
1.14464
1.12775
1.11557
1.10828
1.10577
1.10814
1.11581
1.12927
1.14852
1.1728
1.20057
1.22963
1.2575
1.28181
1.30048
1.3119
1.31513
1.31005
1.29762
1.27971
1.25889
1.23807
1.21992
1.20641
1.19833
1.19535
1.19632
1.19976
1.20413
1.20788
1.20933
1.20659
1.19815
1.18338
1.16313
1.14001
1.11785
1.10104
1.09325
1.09673
1.11158
1.1359
1.16621
1.19844
1.22895
1.2551
1.27568
1.29037
1.29951
1.30353
1.30276
1.2977
1.28914
1.27827
1.26645
1.25468
1.24335
1.23229
1.22107
1.20959
1.1983
1.1881
