0.800247
0.804257
0.805411
0.804286
0.802202
0.800712
0.801063
0.803843
0.809004
0.816082
0.824595
0.834198
0.84466
0.85573
0.866895
0.877243
0.885423
0.889888
0.88943
0.883564
0.872618
0.85758
0.83981
0.820702
0.801426
0.782823
0.76548
0.749972
0.737008
0.72753
0.722462
0.722389
0.727222
0.736198
0.74813
0.761554
0.774906
0.786599
0.795111
0.799237
0.798549
0.793777
0.786949
0.780748
0.777564
0.778663
0.78421
0.793683
0.805869
0.818971
0.831092
0.84087
0.847601
0.850897
0.850557
0.846615
0.839647
0.830848
0.821944
0.814842
0.811007
0.810936
0.813963
0.8185
0.82273
0.825316
0.825929
0.825355
0.82504
0.826663
0.831211
0.838377
0.846451
0.852867
0.85517
0.851658
0.841514
0.824791
0.80269
0.777697
0.753587
0.734305
0.722099
0.716529
0.715361
0.716278
0.71783
0.71952
0.721467
0.724192
0.728353
0.734421
0.742443
0.752073
0.76268
0.77365
0.784439
0.794686
0.803961
0.811774
0.817602
0.821093
0.822507
0.822705
0.822947
0.824308
0.827315
0.831751
0.836919
0.841972
0.846079
0.848448
0.848344
0.845372
0.839796
0.832917
0.826792
0.82342
0.823639
0.826666
0.830777
0.834312
0.835981
0.834901
0.830495
0.822643
0.812162
0.800902
0.791323
0.785215
0.782893
0.783165
0.784344
0.785235
0.785469
0.785268
0.785033
0.784944
0.7849
0.784766
0.784666
0.785114
0.786995
0.791047
0.797306
0.804808
0.811729
0.816006
0.8161
0.811767
0.80401
0.794631
0.785476
0.778133
0.773836
0.773298
0.776379
0.78217
0.789326
0.796638
0.803415
0.809381
0.814509
0.818677
0.821666
0.823166
0.822846
0.820611
0.816652
0.811404
0.805522
0.799685
0.794615
0.790915
0.7889
0.788598
0.789714
0.79177
0.794264
0.796798
0.798979
0.800438
0.800799
0.79988
0.797813
0.79502
0.79203
0.789175
0.786572
0.784482
0.783482
0.784351
0.787741
0.793945
0.802812
0.813926
0.826591
0.839752
0.852005
0.86188
0.86819
0.870268
0.868021
0.861778
0.852244
0.840542
0.82823
0.817126
0.809048
0.805423
0.806819
0.812651
0.821257
0.830327
0.837565
0.841155
0.8401
0.834249
0.824011
0.810317
0.794421
0.777998
0.763155
0.752128
0.746402
0.746059
0.749763
0.755697
0.762432
0.76919
0.775566
0.781069
0.785082
0.787159
0.787082
0.784871
0.780763
0.775305
0.769576
0.765117
0.763516
0.765708
0.771579
0.78025
0.790636
0.802051
0.814153
0.826603
0.83869
0.849317
0.857214
0.861377
0.861259
0.856882
0.849048
0.839151
0.828892
0.819841
0.813036
0.808735
0.806488
0.805326
0.80414
0.802237
0.799609
0.796951
0.795548
0.797024
0.802681
0.813054
0.827597
0.844836
0.862722
0.879204
0.892535
0.901436
0.905099
0.903139
0.89562
0.883034
0.866257
0.846366
0.824472
0.801859
0.780037
0.760819
0.746005
0.736824
0.733416
0.734974
0.740233
0.747977
0.75717
0.766759
0.775601
0.782554
0.786724
0.787848
0.78651
0.783936
0.781497
0.779989
0.779319
0.778899
0.77808
0.776701
0.775178
0.774226
0.77428
0.775138
0.775938
0.775658
0.773922
0.771529
0.770123
0.771148
0.774776
0.779599
0.783468
0.784682
0.782807
0.778601
0.773569
0.769335
0.7672
0.768128
0.772777
0.781209
0.79243
0.804386
0.814707
0.821611
0.824441
0.823612
0.820478
0.816929
0.815074
0.816566
0.822006
0.830727
0.841243
0.851847
0.861184
0.868473
0.873311
0.875607
0.875555
0.873549
0.870136
0.865821
0.860946
0.855557
0.84956
0.842741
0.834813
0.825366
0.813991
0.800414
0.784879
0.768469
0.753203
0.741643
0.736073
0.737624
0.745754
0.758678
0.774035
0.789439
0.802803
0.812594
0.817887
0.818452
0.814709
0.807743
0.798981
0.789931
0.781866
0.77574
0.77226
0.771936
0.774959
0.781039
0.789409
0.799108
0.809076
0.818364
0.826156
0.831811
0.834977
0.835567
0.833705
0.829728
0.824373
0.818784
0.8142
0.81127
0.80982
0.808986
0.807791
0.805479
0.801743
0.796597
0.790245
0.783042
0.775253
0.767101
0.758914
0.751372
0.745472
0.742217
0.742172
0.745238
0.750819
0.758018
0.765989
0.774061
0.781728
0.788648
0.794667
0.799624
0.803253
0.805195
0.805337
0.803877
0.801438
0.798793
0.796693
0.795557
0.795391
0.795949
0.797064
0.79898
0.802311
0.80728
0.813078
0.818205
0.821552
0.823204
0.824408
0.826986
0.832505
0.841725
0.854352
0.869052
0.88376
0.896134
0.903946
0.90563
0.900524
0.888894
0.871974
0.851697
0.830408
0.810427
0.793702
0.78155
0.774388
0.77181
0.772809
0.776148
0.780466
0.784448
0.786808
0.7866
0.783312
0.777259
0.769478
0.761564
0.755243
0.751799
0.751876
0.75531
0.76111
0.767867
0.774003
0.778227
0.779993
0.779614
0.777999
0.776039
0.774108
0.77181
0.768533
0.764406
0.760825
0.759645
0.761606
0.765826
0.770951
0.776423
0.782893
0.791606
0.80355
0.819052
0.837756
0.858757
0.880908
0.902834
0.922742
0.938613
0.948517
0.951103
0.94589
0.933601
0.91585
0.894751
0.872286
0.849875
0.828427
0.808642
0.791357
0.777559
0.768068
0.763177
0.762482
0.764952
0.769304
0.774227
0.778589
0.781571
0.782781
0.782218
0.780204
0.777436
0.774882
0.773581
0.774359
0.777542
0.782756
0.788976
0.794679
0.798323
0.798778
0.795825
0.790275
0.783764
0.778277
0.775373
0.775565
0.778187
0.781707
0.784446
0.785235
0.783666
0.779989
0.774931
0.769609
0.765422
0.763775
0.76553
0.770534
0.777606
0.785242
0.792355
0.798804
0.805292
0.81277
0.821666
0.831444
0.840815
0.848168
0.852225
0.852474
0.849125
0.843105
0.835661
0.828047
0.821356
0.816541
0.81443
0.815818
0.821089
0.82985
0.840747
0.851773
0.860614
0.865372
0.865001
0.859331
0.849219
0.836231
0.822284
0.809262
0.798155
0.788958
0.780944
0.773341
0.765898
0.758955
0.753187
0.749214
0.747329
0.747389
0.74896
0.751494
0.754703
0.758581
0.763267
0.768701
0.774334
0.779245
0.782416
0.783292
0.782117
0.779899
0.77804
0.778009
0.780991
0.787695
0.797992
0.811028
0.825416
0.839538
0.851833
0.861234
0.867219
0.869647
0.86856
0.864052
0.856385
0.846072
0.834291
0.822663
0.813005
0.806855
0.805043
0.807504
0.813455
0.821627
0.830533
0.838685
0.844641
0.84712
0.845053
0.837837
0.825559
0.809219
0.790559
0.771912
0.755967
0.74519
0.741305
0.744858
0.754946
0.769444
0.78552
0.80046
0.812208
0.819707
0.82276
0.821765
0.817434
0.810783
0.803342
0.797033
0.79371
0.794602
0.799909
0.808698
0.81895
0.82804
0.833278
0.832623
0.825562
0.813956
0.801991
0.794247
0.7925
0.794472
0.795844
0.793087
0.784853
0.771925
0.756624
0.742175
0.732
0.729001
0.734794
0.749269
0.770489
0.795266
0.820091
0.841931
0.858735
0.869402
0.873711
0.872061
0.86528
0.854466
0.840927
0.826226
0.812311
0.801358
0.795059
0.793822
0.796702
0.802091
0.808453
0.814798
0.820527
0.825294
0.828904
0.831386
0.833058
0.834422
0.835814
0.837028
0.837414
0.836345
0.833594
0.829351
0.823878
0.817307
0.809588
0.800535
0.789978
0.777808
0.76434
0.750688
0.738943
0.731732
0.731239
0.738254
0.751878
0.769778
0.789084
0.807074
0.821696
0.831836
0.837304
0.83854
0.836264
0.831114
0.823633
0.814427
0.804463
0.795218
0.788421
0.785379
0.786545
0.791414
0.798736
0.806924
0.814292
0.819245
0.820551
0.817649
0.810723
0.800764
0.789385
0.778505
0.769858
0.764653
0.76339
0.765771
0.770773
0.777027
0.783203
0.788357
0.791874
0.793333
0.792409
0.788892
0.782846
0.774935
0.766407
0.758834
0.753825
0.752871
0.75737
0.768335
0.786008
0.809451
0.836784
0.865687
0.893993
0.919918
0.941951
0.958733
0.968869
0.970951
0.963687
0.946344
0.918967
0.882661
0.839569
0.792846
0.746556
0.705462
0.674462
0.657485
0.656154
0.669138
0.692756
0.722386
0.753797
0.783871
0.810594
0.832753
0.849552
0.860296
0.864523
0.86199
0.852855
0.837817
0.81832
0.796367
0.774227
0.753914
0.736792
0.723318
0.713434
0.706949
0.703818
0.704345
0.709089
0.718676
0.733719
0.754445
0.78022
0.809154
0.838158
0.863689
0.882776
0.893748
0.896424
0.891914
0.882302
0.870036
0.857376
0.845929
0.836539
0.82933
0.823921
0.819576
0.815504
0.811022
0.805834
0.800096
0.794141
0.788311
0.78277
0.777669
0.773257
0.769852
0.767828
0.767478
0.768968
0.772382
0.777809
0.785406
0.795265
0.807088
0.820026
0.832701
0.843721
0.852058
0.857285
0.859637
0.859771
0.858592
0.856808
0.854658
0.851984
0.84859
0.844551
0.840418
0.836912
0.834466
0.832881
0.83132
0.828433
0.822878
0.813657
0.800353
0.783181
0.76328
0.742853
0.72495
0.7129
0.709448
0.71582
0.73123
0.753192
0.778231
0.802797
0.823926
0.839589
0.848668
0.850806
0.846428
0.836557
0.822746
0.806782
0.790403
0.775115
0.762083
0.752267
0.746391
0.744843
0.74755
0.753887
0.762732
0.772705
0.782424
0.790787
0.797249
0.801936
0.805736
0.81013
0.816748
0.826714
0.84005
0.8556
0.871529
0.885916
0.897109
0.903717
0.904521
0.898599
0.885533
0.865911
0.841542
0.815417
0.791155
0.772013
0.760029
0.755414
0.75696
0.762517
0.769739
0.776659
0.782017
0.785061
0.785319
0.782782
0.778164
0.772746
0.768186
0.766208
0.768134
0.774538
0.785017
0.79809
0.81165
0.823495
0.831958
0.836255
0.836534
0.833753
0.829333
0.824833
0.821593
0.820476
0.821764
0.825159
0.829961
0.835208
0.839816
0.842772
0.843426
0.841531
0.837005
0.829589
0.818823
0.804454
0.787045
0.768134
0.750138
0.735711
0.727084
0.725476
0.730732
0.741384
0.755149
0.769663
0.78312
0.794718
0.804612
0.813516
0.821985
0.829927
0.836453
0.840348
0.840589
0.836852
0.829669
0.820296
0.81046
0.801771
0.795261
0.791158
0.788987
0.788026
0.787848
0.788747
0.79173
0.798036
0.808228
0.821404
0.834966
0.845487
0.849928
0.846568
0.835524
0.818816
0.800032
0.783168
0.771144
0.764787
0.763183
0.76454
0.766832
0.768189
0.767169
0.763087
0.756249
0.74814
0.74116
0.738089
0.741306
0.752131
0.770276
0.793749
0.819515
0.844358
0.865712
0.882059
0.893126
0.899639
0.902954
0.904614
0.905667
0.906352
0.906284
0.904865
0.901606
0.895999
0.887406
0.875142
0.858901
0.839177
0.817441
0.795652
0.775383
0.757155
0.740571
0.725032
0.710747
0.699195
0.692715
0.693282
0.701264
0.715082
0.732151
0.750019
0.76713
0.782939
0.79754
0.811309
0.824374
0.836329
0.846332
0.853315
0.856358
0.855003
0.849386
0.840174
0.828365
0.815037
0.801179
0.787802
0.776192
0.76764
0.763055
0.762564
0.765607
0.771178
0.778137
0.785414
0.792119
0.797577
0.801452
0.803641
0.80422
0.803409
0.801513
0.798909
0.796124
0.7937
0.792022
0.791315
0.791646
0.793005
0.795277
0.79829
0.801662
0.804899
0.807618
0.809685
0.811478
0.81386
0.817692
0.823249
0.829976
0.836705
0.842188
0.845407
0.845734
0.843025
0.837494
0.82957
0.819728
0.808556
0.797061
0.787004
0.780478
0.778717
0.781434
0.786986
0.793343
0.799005
0.80334
0.806628
0.809768
0.813745
0.819094
0.825569
0.831986
0.836544
0.837685
0.834845
0.828641
0.8205
0.811945
0.804032
0.797355
0.792373
0.789591
0.78948
0.792212
0.79749
0.804444
0.811894
0.818743
0.824107
0.827409
0.828257
0.826482
0.822154
0.815578
0.807175
0.797466
0.786818
0.775435
0.763499
0.751534
0.74052
0.731895
0.727256
0.727941
0.734618
0.74707
0.76417
0.784115
0.804625
0.823383
0.838394
0.848439
0.853261
0.853532
0.850691
0.846612
0.8431
0.841365
0.841709
0.843606
0.846148
0.848392
0.849598
0.849136
0.846469
0.841294
0.83373
0.824445
0.814722
0.80597
0.799359
0.795482
0.794193
0.794836
0.796512
0.798348
0.799624
0.799745
0.798346
0.795257
0.79058
0.784774
0.778618
0.77324
0.770024
0.770166
0.774173
0.781472
0.790628
0.799864
0.80759
0.812713
0.814657
0.813221
0.808311
0.800076
0.789209
0.777402
0.767196
0.761197
0.760931
0.766236
0.775656
0.78724
0.799295
0.810634
0.820589
0.828798
0.835168
0.839794
0.842804
0.84429
0.844246
0.842683
0.839992
0.837106
0.835245
0.835413
0.837886
0.841894
0.845811
0.847635
0.845535
0.83851
0.826587
0.810889
0.793349
0.776246
0.761511
0.750286
0.742937
0.739341
0.739368
0.742912
0.749752
0.759419
0.77116
0.784014
0.796863
0.808403
0.817376
0.822837
0.824424
0.822398
0.817517
0.810628
0.802493
0.793593
0.784152
0.774445
0.765098
0.757222
0.752337
0.751948
0.756975
0.767227
0.781496
0.797948
0.814658
0.830119
0.843346
0.853725
0.860712
0.863661
0.86214
0.856165
0.846401
0.834078
0.820711
0.807724
0.796115
0.786378
0.778648
0.773071
0.769895
0.769363
0.771486
0.775919
0.782045
0.789224
0.797128
0.805929
0.816084
0.828009
0.841691
0.85641
0.870894
0.883587
0.892979
0.897752
0.896702
0.888709
0.872851
0.84889
0.817919
0.782989
0.748642
0.719757
0.699969
0.690882
0.691917
0.700868
0.714723
0.730535
0.745991
0.759641
0.770714
0.778729
0.783499
0.785189
0.78452
0.78271
0.780933
0.779852
0.779574
0.780004
0.781138
0.782911
0.785084
0.787096
0.788319
0.788322
0.787147
0.785308
0.783801
0.783833
0.786476
0.792246
0.80098
0.811962
0.824122
0.836249
0.847112
0.85557
0.860567
0.861236
0.857047
0.847977
0.834814
0.819209
0.803261
0.788964
0.777816
0.770576
0.767339
0.767718
0.770941
0.77599
0.781851
0.78785
0.793907
0.800394
0.807679
0.815584
0.823261
0.829438
0.832799
0.832472
0.828295
0.820918
0.811601
0.802108
0.794466
0.790566
0.791779
0.798636
0.810554
0.825868
0.84205
0.856329
0.86643
0.871015
0.869869
0.863728
0.854101
0.842952
0.832087
0.822645
0.814707
0.80751
0.799933
0.791122
0.780749
0.768961
0.756248
0.743286
0.731047
0.720696
0.713506
0.710594
0.712769
0.720287
0.732626
0.748305
0.765296
0.781553
0.795763
0.807755
0.818351
0.828544
0.838652
0.847687
0.853683
0.854782
0.85036
0.841545
0.830765
0.820694
0.81317
0.808709
0.806703
0.805907
0.804899
0.802361
0.797344
0.78958
0.779636
0.768891
0.759038
0.75153
0.747077
0.745622
0.746633
0.749361
0.752878
0.756083
0.757931
0.757788
0.755678
0.752413
0.749477
0.748651
0.751779
0.760334
0.774992
0.795652
0.821172
0.84963
0.87833
0.904155
0.924032
0.93558
0.937688
0.930759
0.916676
0.898301
0.878686
0.860344
0.844822
0.832494
0.822769
0.814551
0.806782
0.798965
0.791243
0.784291
0.778863
0.775424
0.77408
0.774721
0.77726
0.781765
0.788192
0.796062
0.804399
0.811938
0.817555
0.820563
0.820829
0.818446
0.813252
0.804523
0.791218
0.772885
0.75055
0.726974
0.706084
0.691666
0.686131
0.689947
0.701972
0.720361
0.743245
0.769074
0.796338
0.82324
0.84762
0.867331
0.88087
0.887666
0.887991
0.882689
0.872831
0.859524
0.84398
0.827333
0.810654
0.794872
0.780743
0.768875
0.75968
0.753423
0.750342
0.75085
0.755581
0.765123
0.779403
0.797245
0.816144
0.832848
0.844348
0.848708
0.845443
0.835457
0.82069
0.803765
0.78753
0.774586
0.766781
0.764888
0.768687
0.777026
0.788439
0.801623
0.815805
0.830828
0.846672
0.862843
0.878091
0.890591
0.898406
0.899947
0.894325
0.881514
0.862444
0.839034
0.813745
0.789179
0.767652
0.750917
0.739878
0.734508
0.734046
0.737167
0.742176
0.747305
0.75124
0.753597
0.755125
0.757438
0.76217
0.770254
0.781481
0.79462
0.808036
0.820308
0.830456
0.837735
0.841416
0.840732
0.835008
0.824089
0.808844
0.791633
0.776156
0.766394
0.764994
0.772078
0.785591
0.80238
0.819349
0.833928
0.844126
0.848372
0.845566
0.83531
0.818177
0.796044
0.77223
0.750966
0.736456
0.731683
0.737695
0.753655
0.777438
0.806168
0.836483
0.865005
0.888686
0.905177
0.913163
0.912602
0.904729
0.891915
0.877159
0.863193
0.851719
0.842892
0.83556
0.828098
0.819214
0.808573
0.796875
0.785475
0.775868
0.769364
0.766654
0.767808
0.772292
0.779094
0.78708
0.795162
0.802578
0.808895
0.813974
0.817806
0.820237
0.820779
0.818597
0.812667
0.802247
0.787272
0.768726
0.748643
0.72984
0.715399
0.707957
0.709119
0.718963
0.736067
0.757967
0.781829
0.805128
0.826043
0.843516
0.857106
0.866832
0.873073
0.876419
0.877491
0.87692
0.875112
0.872047
0.867179
0.859571
0.848264
0.832732
0.813486
0.792423
0.772777
0.758157
0.751304
0.752875
0.761373
0.773929
0.787243
0.798419
0.805546
0.808012
0.806362
0.80202
0.796811
0.792417
0.790031
0.790235
0.79306
0.798123
0.804682
0.81167
0.817775
0.821855
0.823167
0.821622
0.817788
0.812711
0.807848
0.804998
0.805897
0.811503
0.821511
0.834278
0.847317
0.85796
0.863986
0.863831
0.85678
0.843147
0.824386
0.802951
0.78191
0.764351
0.75302
0.749796
0.755096
0.767588
0.784756
0.803663
0.821613
0.836363
0.846095
0.849554
0.846136
0.835984
0.820006
0.799823
0.777644
0.756028
0.737393
0.723843
0.716839
0.717044
0.724485
0.738681
0.758574
0.782568
0.808513
0.833953
0.856516
0.874202
0.885723
0.890648
0.889378
0.883074
0.873491
0.862676
0.852607
0.844759
0.839937
0.838074
0.838305
0.839462
0.840552
0.841124
0.841081
0.840359
0.838689
0.835609
0.83064
0.823679
0.815278
0.806515
0.798587
0.792409
0.788321
0.786244
0.786243
0.788752
0.794543
0.803926
0.816141
0.829503
0.842054
0.852194
0.858888
0.861578
0.860107
0.85458
0.845355
0.833128
0.81895
0.804098
0.789813
0.77719
0.766833
0.758943
0.753499
0.750474
0.749908
0.75181
0.755931
0.761496
0.767205
0.771639
0.773763
0.77322
0.770327
0.765791
0.760407
0.75498
0.750333
0.747278
0.746485
0.748382
0.752972
0.759975
0.768841
0.779013
0.789814
0.800421
0.809788
0.816792
0.820586
0.820936
0.818408
0.814461
0.811164
0.810752
0.814917
0.824201
0.837722
0.853514
0.869196
0.882598
0.892102
0.896819
0.896706
0.892484
0.885508
0.877366
0.869415
0.862422
0.856501
0.851168
0.845699
0.839397
0.831864
0.823026
0.813047
0.802166
0.790527
0.778236
0.765681
0.753966
0.745027
0.740964
0.742794
0.749771
0.759982
0.771374
0.782446
0.792406
0.800911
0.807866
0.813094
0.816368
0.817478
0.816329
0.813041
0.807987
0.801721
0.794814
0.787558
0.780009
0.771944
0.763241
0.754127
0.745205
0.737334
0.731491
0.728589
0.729528
0.735075
0.745723
0.761373
0.781068
0.803095
0.825254
0.845329
0.861557
0.872961
0.879342
0.881036
0.878752
0.873327
0.865476
0.855673
0.844207
0.831294
0.817455
0.803695
0.7915
0.782462
0.777932
0.778528
0.783843
0.792474
0.802251
0.81077
0.816007
0.816835
0.81336
0.806693
0.798525
0.790572
0.784201
0.780225
0.779005
0.780677
0.785327
0.792987
0.803463
0.816065
0.829543
0.842184
0.852093
0.857527
0.857151
0.850276
0.836969
0.818177
0.795659
0.771865
0.749776
0.732406
0.722057
0.719604
0.724187
0.733889
0.746706
0.761151
0.7763
0.791439
0.805807
0.818481
0.828636
0.835744
0.839827
0.841442
0.84147
0.840701
0.83943
0.837422
0.834103
0.828885
0.821503
0.812175
0.801396
0.789825
0.778231
0.767643
0.759447
0.755207
0.756095
0.762205
0.772383
0.784914
0.798233
0.811412
0.82394
0.835204
0.844126
0.84933
0.849775
0.845384
0.8372
0.827162
0.817571
0.810567
0.80778
0.810124
0.817263
0.827447
0.837916
0.845835
0.849352
0.848068
0.842903
0.835626
0.828195
0.822264
0.818775
0.817791
0.818653
0.82028
0.821557
0.821607
0.820001
0.816594
0.81142
0.80453
0.796032
0.7862
0.775646
0.765402
0.756742
0.750986
0.749132
0.75162
0.758175
0.767755
0.778669
0.788829
0.796204
0.799352
0.79775
0.791844
0.782865
0.772309
0.761673
0.752121
0.744251
0.738002
0.732889
0.72845
0.724655
0.722248
0.722691
0.727706
0.738611
0.755653
0.777675
0.802263
0.826315
0.846771
0.861197
0.868273
0.867826
0.86088
0.849503
0.836279
0.823485
0.812461
0.803374
0.795621
0.788616
0.782478
0.77823
0.77744
0.78157
0.791338
0.806432
0.825521
0.846698
0.867791
0.886711
0.901767
0.911815
0.916466
0.915888
0.910513
0.900831
0.887097
0.869455
0.848475
0.825695
0.80372
0.785738
0.774647
0.771963
0.777207
0.787983
0.800715
0.811697
0.817965
0.817743
0.810505
0.796938
0.778596
0.757605
0.736239
0.716591
0.700506
0.689596
0.685243
0.688467
0.699463
0.717289
0.739824
0.764178
0.787439
0.80729
0.822468
0.832707
0.838492
0.840578
0.839843
0.837159
0.833382
0.829365
0.825791
0.823037
0.821045
0.819504
0.818052
0.816422
0.814399
0.811845
0.808691
0.805049
0.801207
0.797627
0.794782
0.792994
0.792329
0.79268
0.79387
0.795729
0.798149
0.800901
0.80362
0.805729
0.806697
0.806264
0.804626
0.80241
0.800593
0.800275
0.802373
0.807277
0.814568
0.82318
0.831853
0.839673
0.846394
0.852245
0.857523
0.862005
0.864711
0.864009
0.85814
0.845804
0.826739
0.802018
0.773909
0.745441
0.719931
0.700567
0.690108
0.690366
0.701455
0.721331
0.746242
0.771963
0.795261
0.814415
0.829065
0.839642
0.846494
0.849688
0.848846
0.843689
0.834535
0.822563
0.809697
0.798012
0.789185
0.78402
0.782596
0.784247
0.787968
0.792589
0.79698
0.800272
0.802003
0.802222
0.801527
0.800921
0.801583
0.804493
0.810086
0.818116
0.827581
0.836941
0.844424
0.848383
0.84769
0.842
0.831832
0.81854
0.80418
0.791033
0.780978
0.774915
0.772602
0.773079
0.775058
0.777287
0.778693
0.778538
0.776952
0.77511
0.775048
0.778878
0.787979
0.802122
0.819415
0.837088
0.852593
0.864444
0.872288
0.876407
0.877207
0.874945
0.86984
0.862054
0.851874
0.839597
0.825547
0.809949
0.793128
0.775686
0.758619
0.743284
0.731074
0.722996
0.719532
0.720718
0.726353
0.736123
0.749756
0.766863
0.786637
0.807795
0.828735
0.847929
0.864142
0.876536
0.884623
0.888242
0.887625
0.883258
0.87566
0.86532
0.852735
0.838553
0.823595
0.808813
0.795108
0.783248
0.773827
0.767165
0.763284
0.762079
0.763329
0.766745
0.772005
0.778815
0.786802
0.795424
0.803993
0.811845
0.818564
0.823907
0.827559
0.829009
0.827639
0.823112
0.815699
0.806405
0.796511
0.787116
0.778712
0.771401
0.765546
0.762401
0.763938
0.771438
0.78403
0.799001
0.81346
0.825695
0.835076
0.84131
0.844238
0.843874
0.84043
0.834034
0.824477
0.811496
0.795421
0.777727
0.761489
0.750869
0.749548
0.758687
0.776368
0.798792
0.822062
0.84316
0.86024
0.87232
0.879014
0.879944
0.874628
0.862618
0.844021
0.819868
0.792373
0.764696
0.740609
0.723786
0.716794
0.719854
0.730689
0.74572
0.76184
0.777384
0.792058
0.806212
0.82014
0.833804
0.846723
0.858152
0.867336
0.873587
0.876364
0.875324
0.870375
0.861755
0.849963
0.835855
0.820559
0.805433
0.791926
0.781318
0.774496
0.771876
0.773415
0.778603
0.786493
0.795784
0.804925
0.81245
0.817339
0.819228
0.818358
0.815354
0.810847
0.805352
0.799158
0.792621
0.786088
0.779798
0.773808
0.76808
0.762563
0.757292
0.752566
0.748994
0.747398
0.748619
0.753198
0.761287
0.772597
0.786628
0.802784
0.820241
0.837649
0.853053
0.86421
0.869435
0.868186
0.861484
0.851779
0.842336
0.835983
0.833906
0.835146
0.837244
0.837734
0.835181
0.829465
0.821354
0.811964
0.802255
0.792908
0.784487
0.777576
0.772659
0.769943
0.769465
0.771221
0.775188
0.781099
0.78822
0.795302
0.800807
0.803328
0.802031
0.79681
0.788141
0.777038
0.764783
0.752778
0.742581
0.73589
0.734261
0.738652
0.749021
0.764248
0.782363
0.801014
0.818096
0.832015
0.841908
0.847784
0.850303
0.850493
0.849374
0.847487
0.844667
0.840344
0.833988
0.825528
0.815467
0.804801
0.794752
0.786445
0.780613
0.777543
0.777036
0.77858
0.78138
0.78466
0.787937
0.791211
0.794921
0.799753
0.806252
0.814361
0.823524
0.832847
0.841335
0.848118
0.852662
0.854724
0.854393
0.85203
0.848051
0.842813
0.836571
0.829555
0.822146
0.814861
0.808004
0.801511
0.79487
0.787377
0.778778
0.769905
0.762913
0.760733
0.765729
0.778267
0.796148
0.815303
0.831174
0.840059
0.839843
0.83005
0.811885
0.787929
0.761771
0.737464
0.718853
0.708666
0.707719
0.714903
0.72776
0.743716
0.761038
0.778936
0.797047
0.814794
0.831144
0.844834
0.854744
0.860312
0.8615
0.858605
0.852218
0.843057
0.832029
0.820133
0.808389
0.79776
0.789039
0.782792
0.779323
0.778681
0.780704
0.785135
0.791651
0.79995
0.809829
0.821069
0.833199
0.845474
0.856847
0.866227
0.872539
0.875028
0.873348
0.867573
0.85824
0.846258
0.83263
0.818255
0.803685
0.789284
0.775686
0.764214
0.756918
0.755864
0.7621
0.775002
0.792536
0.811833
0.829976
0.84444
0.853252
0.855166
0.849746
0.837436
0.819488
0.798024
0.776024
0.756782
0.74309
0.736372
0.736396
0.741922
0.751448
0.763717
0.777892
0.793211
0.808821
0.823737
0.836808
0.847013
0.853628
0.856401
0.855633
0.852042
0.846577
0.840104
0.833275
0.826349
0.819286
0.811997
0.804425
0.796616
0.788924
0.782095
0.777214
0.775472
0.777595
0.783434
0.79187
0.801215
0.809743
0.816068
0.819351
0.819328
0.816236
0.810552
0.802962
0.794099
0.784471
0.774589
0.765155
0.757202
0.751992
0.750659
0.753723
0.760872
0.771018
0.782618
0.794038
0.803917
0.811334
0.815977
0.818103
0.818542
0.818507
0.819061
0.820636
0.822888
0.82504
0.826429
0.826862
0.826616
0.826091
0.825664
0.825413
0.825056
0.824186
0.822595
0.820511
0.818777
0.818543
0.820554
0.824339
0.827987
0.828685
0.823985
0.812807
0.795907
0.775724
0.755698
0.739262
0.728823
0.725224
0.727792
0.735022
0.745255
0.757332
0.770796
0.785551
0.801272
0.817068
0.831494
0.842772
0.849392
0.85061
0.846685
0.838959
0.829466
0.820268
0.812955
0.80842
0.806977
0.808578
0.812739
0.818512
0.824516
0.829174
0.831202
0.829983
0.825806
0.819766
0.813407
0.808046
0.804311
0.801753
0.798961
0.794396
0.787206
0.777686
0.767266
0.758309
0.753453
0.754702
0.7626
0.775877
0.792081
0.808499
0.823155
0.835086
0.844099
0.850181
0.853068
0.852354
0.84782
0.839861
0.829489
0.818237
0.807775
0.799506
0.794345
0.792465
0.793265
0.795513
0.797706
0.798364
0.796523
0.792027
0.785687
0.779132
0.774379
0.773153
0.776297
0.783424
0.793106
0.803313
0.811998
0.81759
0.819294
0.817198
0.81208
0.8051
0.79746
0.790163
0.783838
0.778762
0.774868
0.772015
0.770159
0.769561
0.770692
0.77399
0.779717
0.787775
0.797711
0.808798
0.820203
0.831056
0.840615
0.848178
0.852994
0.854298
0.851567
0.844774
0.834394
0.82131
0.80647
0.790683
0.774758
0.759712
0.746994
0.738169
0.734546
0.736714
0.744231
0.755749
0.769413
0.783179
0.79525
0.804155
0.808881
0.808929
0.804382
0.795961
0.784991
0.77326
0.762763
0.755428
0.75292
0.756447
0.766468
0.782528
0.803108
0.825716
0.847403
0.865416
0.877612
0.882721
0.880154
0.869984
0.852736
0.829805
0.803542
0.77743
0.75549
0.7413
0.737044
0.742988
0.757631
0.778291
0.801587
0.824044
0.842645
0.855455
0.86206
0.863398
0.861284
0.857782
0.854621
0.852615
0.851431
0.849806
0.846093
0.838942
0.827847
0.813328
0.796677
0.779447
0.763096
0.748702
0.736783
0.72736
0.720181
0.714924
0.71133
0.709398
0.709678
0.713509
0.72279
0.73876
0.760615
0.785246
0.808555
0.827097
0.838736
0.842764
0.839702
0.831069
0.819183
0.806727
0.796327
0.79005
0.789043
0.793307
0.801748
0.81241
0.823178
0.832385
0.839305
0.844125
0.847409
0.849509
0.850282
0.8492
0.845624
0.83916
0.82984
0.818196
0.804931
0.790746
0.776174
0.761798
0.748656
0.738601
0.734121
0.737527
0.749762
0.769583
0.793889
0.818905
0.841468
0.859524
0.871975
0.878383
0.878762
0.873576
0.863647
0.849986
0.833675
0.815773
0.797535
0.780535
0.766517
0.75726
0.753913
0.756451
0.763586
0.773415
0.784255
0.795208
0.805876
0.815923
0.82473
0.831343
0.834952
0.835444
0.833624
0.831139
0.82968
0.830155
0.832132
0.834198
0.834915
0.833695
0.830931
0.82761
0.824665
0.822633
0.821466
0.820668
0.819526
0.817321
0.813438
0.807542
0.799617
0.790091
0.779732
0.769462
0.760231
0.752804
0.747811
0.745721
0.746867
0.751444
0.759502
0.770668
0.783898
0.797474
0.809422
0.818158
0.822997
0.824158
0.822381
0.818587
0.813652
0.808264
0.802935
0.797994
0.793574
0.789728
0.78654
0.784099
0.782408
0.78124
0.780056
0.778303
0.775844
0.7733
0.77206
0.773844
0.779985
0.790903
0.805826
0.822945
0.839819
0.853913
0.863233
0.866744
0.864565
0.857718
0.847726
0.836135
0.8242
0.812967
0.80343
0.796513
0.792944
0.793098
0.796963
0.80425
0.814452
0.8269
0.840508
0.853774
0.864934
0.872226
0.874145
0.869655
0.858516
0.841479
0.820339
0.797662
0.776196
0.758363
0.74583
0.739283
0.738508
0.742389
0.749148
0.756566
0.762533
0.765524
0.765043
0.761671
0.756821
0.752178
0.749193
0.748641
0.750468
0.754076
0.758873
0.764566
0.771354
0.779817
0.790656
0.804298
0.820629
0.838613
0.856103
0.870376
0.878905
0.880229
0.874314
0.862622
0.847838
0.83333
0.822155
0.816302
0.816226
0.820856
0.828223
0.836115
0.842746
0.846999
0.848441
0.847215
0.843939
0.839559
0.835166
0.8317
0.829696
0.829306
0.830299
0.832277
0.834783
0.837112
0.838316
0.837461
0.833881
0.827328
0.818088
0.8069
0.794784
0.78281
0.771889
0.76265
0.75532
0.749903
0.746206
0.743925
0.742804
0.7428
0.743942
0.746106
0.748869
0.751562
0.753826
0.755802
0.75801
0.760998
0.765018
0.769921
0.775199
0.780183
0.784132
0.78618
0.785322
0.7807
0.772089
0.760109
0.746263
0.732754
0.722072
0.716435
0.717115
0.72421
0.736789
0.753354
0.772126
0.791439
0.810063
0.827512
0.843958
0.859927
0.875693
0.890726
0.903668
0.912867
0.917053
0.915769
0.909424
0.899054
0.886304
0.873338
0.862552
0.855632
0.852556
0.85156
0.850321
0.847047
0.840825
0.831463
0.819178
0.804677
0.789086
0.773974
0.761184
0.752473
0.748997
0.750923
0.757167
0.765631
0.773635
0.778491
0.77831
0.772563
0.762374
0.750223
0.739407
0.733217
0.73413
0.743196
0.759835
0.781994
0.806707
0.830805
0.851366
0.866252
0.874282
0.875399
0.870543
0.861372
0.849966
0.838371
0.828227
0.820552
0.815629
0.812968
0.811493
0.809958
0.807416
0.803421
0.798048
0.791804
0.785383
0.779637
0.775519
0.773864
0.775027
0.778631
0.783518
0.788092
0.790859
0.79078
0.787441
0.781069
0.772525
0.763093
0.754202
0.747026
0.742222
0.739847
0.739803
0.742277
0.748062
0.758227
0.77335
0.792777
0.814429
0.835264
0.852131
0.862652
0.865884
0.862622
0.854989
0.845779
0.837579
0.832157
0.830194
0.831521
0.835381
0.840906
0.847152
0.853301
0.858605
0.862294
0.863667
0.861889
0.8565
0.847564
0.835703
0.822153
0.808366
0.795561
0.784315
0.774673
0.766342
0.758812
0.75157
0.744394
0.737828
0.733381
0.733096
0.738581
0.750463
0.768268
0.790667
0.815703
0.841055
0.864144
0.882701
0.895037
0.900156
0.897898
0.888881
0.874678
0.857788
0.841044
0.826643
0.815169
0.805573
0.79635
0.78643
0.77576
0.765013
0.755052
0.746433
0.739372
0.734148
0.731374
0.731994
0.736788
0.745598
0.756881
0.768178
0.777091
0.782193
0.783408
0.781976
0.780199
0.780884
0.786412
0.797748
0.813937
0.832438
0.850003
0.863716
0.871557
0.872795
0.867752
0.857511
0.843692
0.828207
0.813083
0.80027
0.791297
0.787039
0.787486
0.791804
0.798486
0.805729
0.811969
0.816154
0.817917
0.817498
0.815487
0.812604
0.809597
0.806863
0.804221
0.801149
0.797223
0.79238
0.786956
0.781558
0.77681
0.773236
0.771291
0.771456
0.774254
0.780042
0.788694
0.799409
0.810757
0.820886
0.828052
0.830931
0.828986
0.822448
0.81228
0.799842
0.786647
0.774044
0.763086
0.754505
0.748616
0.745334
0.744196
0.744458
0.745417
0.746694
0.748331
0.750737
0.754626
0.760783
0.769761
0.781644
0.795855
0.811303
0.826863
0.841492
0.854365
0.864651
0.871584
0.874557
0.873501
0.869111
0.862799
0.856444
0.851682
0.849264
0.848781
0.84888
0.84806
0.845343
0.840647
0.834655
0.828499
0.823194
0.819184
0.816075
0.812878
0.808495
0.802224
0.793923
0.784073
0.773662
0.763963
0.756311
0.751592
0.749978
0.751028
0.754206
0.759521
0.767696
0.779709
0.795996
0.815923
0.837668
0.858622
0.876023
0.887538
0.891706
0.888084
0.877281
0.860828
0.840956
0.820293
0.801117
0.784856
0.771894
0.762015
0.755046
0.751149
0.750809
0.754418
0.761754
0.771852
0.782903
0.792698
0.799212
0.801184
0.798593
0.792576
0.784942
0.777635
0.772035
0.768643
0.767089
0.766474
0.765836
0.764702
0.763231
0.76225
0.762889
0.765934
0.771442
0.778814
0.787356
0.796706
0.806962
0.818299
0.830569
0.843186
0.855184
0.865547
0.873471
0.878276
0.879326
0.876033
0.868065
0.855655
0.839623
0.821312
0.802433
0.784887
0.770517
0.760863
0.756832
0.758417
0.764761
0.774414
0.785696
0.79702
0.807337
0.816277
0.824058
0.831204
0.838049
0.844435
0.85005
0.854607
0.858189
0.861095
0.863552
0.865311
0.86571
0.863789
0.858647
0.849723
0.837088
0.821635
0.805174
0.790234
0.779222
0.773407
0.7723
0.774064
0.776433
0.777658
0.777022
0.77464
0.771379
0.768354
0.766666
0.767045
0.769595
0.773667
0.77812
0.781743
0.783765
0.784164
0.78358
0.783063
0.783565
0.785742
0.789912
0.796189
0.804573
0.814878
0.82662
0.839003
0.850869
0.86091
0.867924
0.870999
0.86994
0.865345
0.858512
0.850789
0.842786
0.834166
0.824306
0.813142
0.801498
0.790689
0.781841
0.775522
0.771966
0.771172
0.77288
0.776392
0.780579
0.784109
0.78575
0.784715
0.78091
0.77495
0.768123
0.762003
0.757901
0.756633
0.758246
0.762285
0.768101
0.775095
0.782877
0.791154
0.799591
0.807774
0.815217
0.821583
0.826738
0.8306
0.833158
0.834399
0.834712
0.834915
0.836197
0.839684
0.845899
0.854552
0.864708
0.874974
0.883796
0.889677
0.891301
0.887744
0.878619
0.863999
0.844604
0.821591
0.79667
0.771915
0.749435
0.731102
0.718368
0.712176
0.712958
0.720544
0.734109
0.752129
0.772438
0.792469
0.809828
0.82267
0.82985
0.831041
0.826743
0.818224
0.807536
0.797498
0.791559
0.792886
0.802963
0.820562
0.842036
0.862786
0.87868
0.886998
0.8866
0.877844
0.862417
0.843049
0.822916
0.804975
0.791178
0.78214
0.777233
0.775243
0.775047
0.776046
0.77811
0.781318
0.785403
0.789821
0.794046
0.797964
0.801817
0.805813
0.809597
0.81221
0.812462
0.809349
0.80282
0.793942
0.784653
0.777187
0.773404
0.77449
0.780718
0.791409
0.805225
0.8204
0.835146
0.847985
0.85777
0.863849
0.865968
0.864489
0.860336
0.854766
0.848945
0.843413
0.837797
0.831139
0.822473
0.811384
0.798275
0.784199
0.770405
0.757934
0.747429
0.739105
0.733039
0.729283
0.727799
0.728463
0.731
0.735071
0.740384
0.746675
0.753604
0.760719
0.76735
0.772653
0.775764
0.776093
0.773798
0.770001
0.766462
0.765139
0.767524
0.774301
0.785268
0.799412
0.815323
0.831548
0.846933
0.860669
0.872229
0.881321
0.887634
0.890963
0.891153
0.888179
0.882146
0.873357
0.86233
0.849784
0.836507
0.823239
0.810631
0.799155
0.789106
0.780646
0.773966
0.769373
0.767353
0.76849
0.773287
0.781736
0.793067
0.805587
0.817173
0.825869
0.830215
0.829512
0.823839
0.81396
0.801378
0.787958
0.775555
0.765625
0.758941
0.75553
0.75486
0.756058
0.758303
0.761293
0.765237
0.770815
0.778944
0.790472
0.805902
0.82497
0.846232
0.867148
0.884755
0.896482
0.90035
0.895276
0.881308
0.859919
0.834086
0.807717
0.784325
0.765773
0.751993
0.741799
0.733759
0.726992
0.721359
0.717422
0.716112
0.71825
0.724182
0.733528
0.745286
0.75812
0.770838
0.782803
0.794155
0.805639
0.818005
0.831497
0.845451
0.858578
0.869532
0.877247
0.881143
0.881
0.876825
0.868877
0.857508
0.843187
0.826682
0.809431
0.79358
0.781859
0.776472
0.777943
0.784736
0.793873
0.802247
0.807586
0.808898
0.806426
0.801335
0.795137
0.789143
0.784165
0.780503
0.778325
0.777886
0.779557
0.783664
0.790438
0.799771
0.810995
0.822841
0.833532
0.841453
0.845585
0.845689
0.842069
0.835079
0.824979
0.81201
0.796986
0.781746
0.768958
0.761084
0.759155
0.762253
0.76832
0.775427
0.782686
0.790286
0.798998
0.8094
0.821383
0.834041
0.846011
0.855851
0.862199
0.86374
0.859397
0.848595
0.831617
0.809879
0.785917
0.76307
0.744635
0.733106
0.729503
0.733276
0.74274
0.755782
0.770545
0.785766
0.800845
0.815603
0.829864
0.843338
0.855598
0.866158
0.874795
0.881526
0.886537
0.889973
0.891662
0.890938
0.886726
0.878077
0.864872
0.848535
0.831843
0.818059
0.809479
0.806363
0.807284
0.810149
0.813193
0.81512
0.814798
0.811139
0.803221
0.790723
0.774306
0.755984
0.738874
0.726583
0.722114
0.726718
0.73939
0.757285
0.776513
0.793265
0.804651
0.809276
0.807367
0.80056
0.791412
0.782679
0.776584
0.774456
0.776729
0.782918
0.791981
0.802611
0.813492
0.823457
0.831542
0.836994
0.839113
0.837284
0.831156
0.8209
0.807582
0.793118
0.779964
0.770515
0.766443
0.768371
0.775903
0.787784
0.802147
0.816962
0.830515
0.841662
0.849726
0.854297
0.854864
0.850825
0.84173
0.827599
0.809382
0.789127
0.769687
0.754038
0.744486
0.742095
0.74649
0.756156
0.769146
0.783605
0.79815
0.81187
0.824306
0.835157
0.844103
0.850986
0.855825
0.859013
0.861033
0.862145
0.862125
0.860282
0.855927
0.848722
0.839182
0.828923
0.820438
0.816431
0.818924
0.828436
0.84357
0.861143
0.876988
0.887137
0.888807
0.881056
0.865089
0.843843
0.821174
0.800525
0.783782
0.771079
0.761404
0.753536
0.746463
0.739579
0.732747
0.72622
0.720414
0.71567
0.71209
0.70952
0.707848
0.707316
0.708566
0.71248
0.719816
0.730986
0.745909
0.764004
0.78415
0.804807
0.824269
0.841044
0.854205
0.863568
0.869751
0.873926
0.877375
0.880982
0.884947
0.888723
0.891029
0.8903
0.885106
0.874791
0.859969
0.842997
0.827534
0.817219
0.81382
0.816119
0.820669
0.823708
0.822635
0.816551
0.806166
0.793214
0.77975
0.767497
0.757499
0.75021
0.745513
0.743029
0.742293
0.742814
0.744225
0.746572
0.750499
0.757093
0.767252
0.780799
0.796159
0.810873
0.82275
0.830529
0.833993
0.833607
0.830083
0.824333
0.817493
0.811036
0.806588
0.805312
0.807314
0.811462
0.816075
0.819571
0.82081
0.819375
0.815381
0.809061
0.800539
0.790142
0.778714
0.767782
0.759278
0.754802
0.755158
0.760079
0.768486
0.779117
0.790981
0.803333
0.815307
0.825608
0.832627
0.834826
0.831222
0.821903
0.808216
0.792673
0.778519
0.769214
0.767476
0.774421
0.789074
0.808805
0.830403
0.851028
0.868687
0.882224
0.891166
0.895492
0.895451
0.89165
0.884861
0.875699
0.86434
0.850674
0.834627
0.816516
0.797292
0.778389
0.761564
0.748583
0.74077
0.738458
0.740924
0.746891
0.755061
0.764618
0.775179
0.786699
0.798996
0.811565
0.82343
0.833515
0.841018
0.845685
0.847461
0.846374
0.842356
0.835375
0.825725
0.814362
0.80278
0.792867
0.786407
0.784593
0.787597
0.794583
0.804049
0.814174
0.823171
0.829583
0.832572
0.832084
0.828808
0.823958
0.818712
0.81346
0.807383
0.798841
0.786268
0.768998
0.747569
0.723615
0.699364
0.677337
0.660148
0.650379
0.650216
0.66081
0.681796
0.711321
0.746684
0.785123
0.824269
0.861915
0.895727
0.923298
0.942584
0.952423
0.952876
0.945219
0.931623
0.91469
0.896906
0.880206
0.86571
0.8537
0.8439
0.835707
0.828445
0.821399
0.81407
0.806561
0.799681
0.794699
0.792727
0.794142
0.798467
0.80454
0.811056
0.816829
0.82114
0.823957
0.825533
0.825868
0.824178
0.81906
0.809419
0.795256
0.777963
0.760404
0.746129
0.738111
0.737237
0.742123
0.750431
0.760256
0.77057
0.780911
0.790877
0.799936
0.807541
0.813313
0.817194
0.819389
0.820137
0.819364
0.816794
0.812173
0.805509
0.797215
0.787979
0.778684
0.77042
0.764384
0.761582
0.76251
0.766884
0.773668
0.781374
0.788479
0.793912
0.797299
0.799036
0.80013
0.801846
0.805167
0.810449
0.817201
0.824475
0.831163
0.836272
0.839011
0.838898
0.835774
0.829784
0.82137
0.811243
0.800384
0.789949
0.781184
0.775237
0.77305
0.775151
0.781589
0.791767
0.804512
0.818071
0.830275
0.839038
0.842944
0.841606
0.835664
0.826489
0.81569
0.804849
0.795289
0.787895
0.782865
0.779511
0.776574
0.773177
0.769371
0.766136
0.764802
0.766399
0.771275
0.779109
0.788909
0.799232
0.808334
0.814583
0.817124
0.816051
0.812217
0.806712
0.800395
0.793789
0.787418
0.782114
0.779065
0.779593
0.784594
0.793879
0.806141
0.819137
0.830407
0.838034
0.841176
0.840158
0.836214
0.830943
0.825729
0.821348
0.818028
0.815565
0.813535
0.811345
0.808408
0.804399
0.799549
0.794757
0.791366
0.79069
0.793736
0.801067
0.812738
0.828134
0.845792
0.863367
0.8781
0.887435
0.889741
0.884733
0.873285
0.857223
0.838781
0.820133
0.802631
0.786508
0.771009
0.755236
0.739015
0.723401
0.71068
0.703736
0.705041
0.715593
0.734403
0.758814
0.785391
0.810785
0.83239
0.848525
0.858603
0.863027
0.863062
0.860412
0.856755
0.853102
0.849548
0.845359
0.839379
0.83056
0.818488
0.803804
0.787887
0.772532
0.75932
0.749428
0.743386
0.741174
0.742284
0.745856
0.750968
0.757006
0.763926
0.772207
0.78233
0.794169
0.806638
0.817979
0.826459
0.830943
0.831093
0.827472
0.821468
0.815002
0.809893
0.807135
0.806711
0.80801
0.810397
0.813601
0.817633
0.822654
0.828592
0.835048
0.841332
0.846561
0.849825
0.85037
0.84768
0.841557
0.832205
0.820377
0.807378
0.794638
0.783445
0.774579
0.768342
0.764647
0.763101
0.763268
0.764652
0.766803
0.769224
0.771381
0.77292
0.773944
0.775094
0.777551
0.782584
0.791091
0.802961
0.816678
0.82951
0.838322
0.840813
0.836527
0.827045
0.815485
0.805423
0.799854
0.80062
0.808208
0.821851
0.839883
0.86008
0.879691
0.89587
0.906025
0.908319
0.901995
0.887268
0.865184
0.837461
0.806565
0.775477
0.747461
0.725343
0.710857
0.704417
0.705248
0.712078
0.723743
0.739376
0.758299
0.779525
0.801665
0.823098
0.84251
0.859301
0.873596
0.885871
0.89626
0.904292
0.908816
0.908513
0.902428
0.890352
0.872855
0.851258
0.827326
0.802902
0.779757
0.759367
0.742803
0.730719
0.723439
0.721082
0.723546
0.730545
0.741607
0.755993
0.7726
0.789762
0.805255
0.81659
0.821463
0.818314
0.806861
0.788504
0.76631
0.744629
0.728131
0.720806
0.72469
0.739351
0.762153
0.789304
0.817045
0.842399
0.863282
0.878216
0.886171
0.886697
0.880275
0.868503
0.854016
0.83988
0.828936
0.82289
0.821909
0.824554
0.828461
0.830978
0.829897
0.823984
0.813414
0.799764
0.785575
0.773626
0.765959
0.76346
0.765783
0.771422
0.778339
0.784604
0.788826
0.790472
0.789729
0.787343
0.784224
0.781013
0.777941
0.77494
0.771951
0.769184
0.767273
0.767485
0.771506
0.780682
0.794922
0.81205
0.82835
0.840139
0.845153
0.84318
0.836236
0.828019
0.822537
0.821963
0.825494
0.830334
0.83364
0.833615
0.829633
0.82206
0.812188
0.802228
0.794909
0.792574
0.796161
0.804792
0.816462
0.82891
0.840436
0.849878
0.856452
0.85966
0.859294
0.855572
0.849213
0.841087
0.832096
0.822839
0.813684
0.80483
0.796459
0.788612
0.781252
0.774226
0.767296
0.760328
0.753361
0.746634
0.740592
0.735623
0.731915
0.729423
0.728004
0.727527
0.728128
0.730331
0.734918
0.742636
0.753742
0.767637
0.782672
0.796429
0.806375
0.810691
0.808856
0.801977
0.792448
0.783302
0.777365
0.776626
0.781838
0.792487
0.807126
0.823782
0.840406
0.85514
0.866429
0.873104
0.87449
0.870439
0.861347
0.848278
0.832752
0.816606
0.801726
0.789663
0.781544
0.778056
0.7795
0.785761
0.796048
0.808674
0.82128
0.831607
0.838238
0.84097
0.840647
0.838662
0.836314
0.834353
0.8329
0.831629
0.830211
0.828516
0.826813
0.825807
0.826443
0.829406
0.834525
0.840455
0.845122
0.846659
0.844369
0.838973
0.832203
0.825874
0.821032
0.817519
0.81423
0.809956
0.803777
0.795109
0.78364
0.769343
0.752622
0.734665
0.717454
0.703477
0.695219
0.694436
0.701702
0.716402
0.736885
0.760913
0.786109
0.810305
0.831763
0.849326
0.862474
0.871237
0.876118
0.877825
0.877145
0.875002
0.872654
0.871651
0.873453
0.878801
0.887192
0.896693
0.904468
0.907632
0.9043
0.894116
0.877913
0.856952
0.832398
0.805285
0.776945
0.74931
0.724757
0.705457
0.692666
0.686438
0.685912
0.690245
0.699323
0.713606
0.732945
0.755577
0.778448
0.79849
0.813777
0.823912
0.830039
0.834629
0.840682
0.84982
0.86096
0.87082
0.875941
0.874594
0.867181
0.855762
0.843154
0.831872
0.823646
0.818985
0.817389
0.817619
0.818
0.81686
0.812989
0.806066
0.796749
0.786275
0.775713
0.76556
0.756091
0.748
0.742564
0.741242
0.745008
0.753589
0.765422
0.778115
0.78929
0.797195
0.801047
0.801019
0.798116
0.793931
0.790277
0.788693
0.790011
0.794186
0.800448
0.80784
0.815598
0.823283
0.830709
0.837767
0.844297
0.850144
0.855209
0.859312
0.862189
0.863448
0.862673
0.859639
0.854222
0.846517
0.836828
0.825773
0.814263
0.803236
0.793539
0.785686
0.779711
0.775438
0.772622
0.771161
0.771199
0.773019
0.776989
0.7832
0.791283
0.800373
0.809301
0.81706
0.823182
0.827754
0.830989
0.832669
0.831962
0.827729
0.819261
0.80666
0.790846
0.773416
0.756233
0.741126
0.729641
0.722959
0.721737
0.726051
0.735424
0.74899
0.765724
0.784572
0.804369
0.823718
0.841057
0.854675
0.862906
0.864401
0.85854
0.845773
0.827695
0.80683
0.785866
0.766971
0.751518
0.740428
0.7346
0.734952
0.742071
0.755625
0.77416
0.795447
0.81699
0.83664
0.852802
0.864459
0.871207
0.873096
0.870686
0.865059
0.857573
0.849364
0.841256
0.833649
0.826694
0.820439
0.814924
0.810081
0.805699
0.801526
0.797523
0.793983
0.791224
0.789395
0.788518
0.788637
0.790009
0.793029
0.797907
0.804372
0.811574
0.818219
0.822942
0.825003
0.824654
0.823142
0.821867
0.821538
0.821627
0.820655
0.817185
0.810751
0.802259
0.793688
0.787105
0.784054
0.785054
0.78968
0.796848
0.80489
0.812003
0.816538
0.817333
0.813904
0.806572
0.796531
0.785918
0.777519
0.77424
0.778343
0.790895
0.811312
0.837384
0.865633
0.892026
0.912804
0.925281
0.928105
0.92114
0.905179
0.881649
0.852196
0.818661
0.782938
0.74729
0.714423
0.687578
0.670236
0.665128
0.672852
0.690958
0.714499
0.738014
0.75761
0.772032
0.782421
0.791058
0.799826
0.8092
0.818296
0.825491
0.829209
0.828431
0.823101
0.814566
0.805727
0.800274
0.800873
0.807572
0.818149
0.829652
0.839771
0.847282
0.851881
0.853746
0.85331
0.850965
0.846901
0.840999
0.832994
0.823
0.812153
0.802707
0.797198
0.797109
0.802292
0.811291
0.822171
0.833159
0.842948
0.85077
0.856133
0.858358
0.856205
0.848285
0.8339
0.813881
0.790844
0.768507
0.750457
0.738973
0.734622
0.736607
0.74355
0.754212
0.767831
0.783909
0.801745
0.82004
0.837072
0.851037
0.860636
0.865299
0.865139
0.8607
0.852671
0.841756
0.828603
0.813893
0.798496
0.783561
0.770539
0.761076
0.756683
0.758331
0.765932
0.778104
0.792685
0.807427
0.820476
0.830527
0.836741
0.838686
0.836268
0.829692
0.819396
0.806099
0.790824
0.774981
0.760287
0.748388
0.740499
0.737257
0.738672
0.744377
0.753986
0.76722
0.783587
0.802088
0.821208
0.839076
0.853852
0.863967
0.868313
0.866397
0.858662
0.846388
0.8315
0.816174
0.80263
0.792688
0.787283
0.786149
0.787867
0.790645
0.793331
0.796026
0.79977
0.805432
0.81282
0.820494
0.826489
0.829013
0.826948
0.819974
0.808708
0.794633
0.779672
0.765982
0.755634
0.750167
0.750354
0.755932
0.765616
0.77749
0.789514
0.799976
0.807778
0.812565
0.81472
0.815189
0.815104
0.815259
0.815714
0.816018
0.815616
0.81442
0.812864
0.811559
0.810973
0.811293
0.812523
0.8146
0.817271
0.819974
0.821863
0.821906
0.819358
0.814241
0.80748
0.800725
0.795872
0.794392
0.796777
0.802383
0.809649
0.816427
0.820502
0.820195
0.814788
0.80468
0.79133
0.776777
0.763095
0.751831
0.743711
0.738855
0.737179
0.73876
0.743875
0.752847
0.765678
0.78187
0.800382
0.81975
0.838334
0.854543
0.866987
0.874601
0.876751
0.873369
0.86508
0.853138
0.839263
0.825379
0.813281
0.804275
0.798889
0.7969
0.797549
0.79984
0.802752
0.805257
0.806219
0.804391
0.79877
0.788919
0.775423
0.760004
0.745237
0.734024
0.728834
0.731151
0.741055
0.757264
0.777472
0.798959
0.819298
0.836735
0.850451
0.860245
0.866339
0.869022
0.86851
0.865134
0.859425
0.852177
0.844301
0.836455
0.828899
0.821525
0.814044
0.806393
0.798867
0.792067
