1     -5.47006     -5.47006     0
2     -5.4619     -5.46598     0.00288692
3     -5.45656     -5.46284     0.00320445
4     -5.45335     -5.46047     0.00316127
5     -5.45017     -5.45841     0.00312876
6     -5.50842     -5.46674     0.00804312
7     -5.46932     -5.46711     0.00690252
8     -5.47332     -5.46789     0.00608318
9     -5.46771     -5.46787     0.0054073
10     -5.48147     -5.46923     0.00503461
11     -5.49567     -5.47163     0.00511873
12     -5.43249     -5.46837     0.00563664
13     -5.46554     -5.46815     0.00520726
14     -5.46541     -5.46796     0.00483901
15     -5.46471     -5.46774     0.00452124
16     -5.46635     -5.46765     0.00423949
17     -5.44098     -5.46608     0.00427056
18     -5.43762     -5.4645     0.00431613
19     -5.47349     -5.46498     0.00411481
20     -5.4534     -5.4644     0.00394955
21     -5.44361     -5.46341     0.00388353
22     -5.49201     -5.46471     0.00391867
23     -5.48521     -5.4656     0.00384838
24     -5.46818     -5.46571     0.00368953
25     -5.46267     -5.46559     0.00354395
26     -5.43286     -5.46433     0.00362433
27     -5.47278     -5.46464     0.00350359
28     -5.4737     -5.46496     0.00339337
29     -5.45362     -5.46457     0.00329884
30     -5.4674     -5.46467     0.00319022
31     -5.48035     -5.46517     0.00312717
32     -5.46806     -5.46526     0.00303075
33     -5.45258     -5.46488     0.00296317
34     -5.45077     -5.46446     0.00290493
35     -5.46666     -5.46453     0.00282261
36     -5.47431     -5.4648     0.00275725
37     -5.46028     -5.46468     0.00268542
38     -5.47276     -5.46489     0.00262317
39     -5.4403     -5.46426     0.00263062
40     -5.44089     -5.46367     0.00262891
41     -5.47201     -5.46388     0.00257264
42     -5.48058     -5.46427     0.00254195
43     -5.47509     -5.46453     0.00249524
44     -5.46204     -5.46447     0.00243917
45     -5.45766     -5.46432     0.00238967
46     -5.48152     -5.46469     0.00236681
47     -5.48414     -5.46511     0.00235234
48     -5.46291     -5.46506     0.00230378
49     -5.49448     -5.46566     0.00233369
50     -5.47422     -5.46583     0.00229328
51     -5.47586     -5.46603     0.00225674
52     -5.442     -5.46557     0.00226014
53     -5.44882     -5.46525     0.00223948
54     -5.45722     -5.4651     0.00220294
55     -5.48376     -5.46544     0.00218885
56     -5.46975     -5.46552     0.00215112
57     -5.47618     -5.46571     0.0021215
58     -5.4757     -5.46588     0.00209191
59     -5.45447     -5.46568     0.00206536
60     -5.47672     -5.46587     0.00203911
61     -5.42921     -5.46527     0.00209238
62     -5.45626     -5.46512     0.00206367
63     -5.48436     -5.46543     0.00205339
64     -5.4836     -5.46571     0.00204085
65     -5.44329     -5.46537     0.0020384
66     -5.48876     -5.46572     0.00203811
67     -5.4835     -5.46599     0.00202488
68     -5.45055     -5.46576     0.00200778
69     -5.48572     -5.46605     0.00199942
70     -5.49041     -5.4664     0.00200092
71     -5.48317     -5.46663     0.00198663
72     -5.48677     -5.46691     0.00197863
73     -5.46542     -5.46689     0.00195163
74     -5.46676     -5.46689     0.00192526
75     -5.4679     -5.4669     0.00189964
76     -5.46734     -5.46691     0.00187465
77     -5.47606     -5.46703     0.00185407
78     -5.46292     -5.46698     0.00183105
79     -5.48153     -5.46716     0.00181712
80     -5.46372     -5.46712     0.00179491
81     -5.49086     -5.46741     0.00179653
82     -5.4551     -5.46726     0.00178088
83     -5.44866     -5.46704     0.00177347
84     -5.45159     -5.46685     0.00176186
85     -5.45158     -5.46667     0.00175028
86     -5.47364     -5.46675     0.0017318
87     -5.48088     -5.46692     0.00171949
88     -5.47474     -5.467     0.00170225
89     -5.49103     -5.46727     0.00170439
90     -5.43398     -5.4669     0.00172513
91     -5.50592     -5.46733     0.00175865
92     -5.4607     -5.46726     0.00174101
93     -5.43769     -5.46694     0.00175109
94     -5.48393     -5.46712     0.00174176
95     -5.47905     -5.46725     0.00172794
96     -5.4449     -5.46702     0.00172555
97     -5.46571     -5.467     0.00170781
98     -5.44109     -5.46674     0.00171073
99     -5.47509     -5.46682     0.00169553
100     -5.47441     -5.4669     0.00168027
