1     1.357     1.357     0
2     1.40026     1.37863     0.0152968
3     1.44288     1.40004     0.0202424
4     1.44848     1.41215     0.0184517
5     1.47597     1.42492     0.0186605
6     1.17995     1.38409     0.0403844
7     1.40457     1.38701     0.034721
8     1.35627     1.38317     0.0305929
9     1.39852     1.38488     0.0272411
10     1.33441     1.37983     0.0249801
11     1.25443     1.36843     0.0251762
12     1.62703     1.38998     0.0309565
13     1.33246     1.38555     0.0288897
14     1.46883     1.3915     0.0274317
15     1.43814     1.39461     0.0257785
16     1.37256     1.39323     0.0242042
17     1.53977     1.40185     0.0242668
18     1.47742     1.40605     0.0232789
19     1.38086     1.40473     0.0220914
20     1.42349     1.40566     0.0210068
21     1.4832     1.40936     0.0203284
22     1.30679     1.40469     0.0199318
23     1.28592     1.39953     0.0197228
24     1.37975     1.39871     0.0189182
25     1.42965     1.39994     0.0182019
26     1.58492     1.40706     0.018841
27     1.33197     1.40428     0.0183473
28     1.33946     1.40196     0.0178375
29     1.44718     1.40352     0.0172905
30     1.43703     1.40464     0.0167501
31     1.334     1.40236     0.0163641
32     1.40187     1.40234     0.0158527
33     1.46309     1.40419     0.0154788
34     1.53208     1.40795     0.0154738
35     1.36177     1.40663     0.0150879
36     1.33097     1.40453     0.0148144
37     1.41096     1.4047     0.0144151
38     1.36781     1.40373     0.0140684
39     1.48794     1.40589     0.0138724
40     1.52362     1.40883     0.0138343
41     1.4035     1.4087     0.0134975
42     1.30558     1.40625     0.0133976
43     1.30855     1.40397     0.0132772
44     1.41063     1.40413     0.0129764
45     1.40126     1.40406     0.0126881
46     1.25788     1.40088     0.0128041
47     1.28129     1.39834     0.012782
48     1.42001     1.39879     0.0125237
49     1.24555     1.39566     0.0126526
50     1.31868     1.39412     0.0124928
51     1.32473     1.39276     0.0123217
52     1.51063     1.39503     0.0122915
53     1.44062     1.39589     0.0120896
54     1.4495     1.39688     0.0119064
55     1.28751     1.39489     0.0118549
56     1.34771     1.39405     0.0116731
57     1.32213     1.39279     0.0115363
58     1.29617     1.39112     0.011457
59     1.42846     1.39176     0.0112803
60     1.35559     1.39115     0.0111084
61     1.55522     1.39384     0.0112472
62     1.44639     1.39469     0.0110977
63     1.32999     1.39366     0.010969
64     1.29257     1.39208     0.0109107
65     1.49764     1.39371     0.010863
66     1.30952     1.39243     0.0107731
67     1.29671     1.391     0.0107066
68     1.42587     1.39152     0.0105614
69     1.34025     1.39077     0.0104344
70     1.21242     1.38823     0.0105919
71     1.33444     1.38747     0.0104698
72     1.29664     1.38621     0.0104001
73     1.37519     1.38606     0.0102587
74     1.36955     1.38583     0.0101225
75     1.4041     1.38608     0.00999044
76     1.35441     1.38566     0.00986767
77     1.34426     1.38512     0.00975416
78     1.39666     1.38527     0.00963023
79     1.34071     1.38471     0.00952483
80     1.45022     1.38552     0.0094409
81     1.24679     1.38381     0.00947845
82     1.44724     1.38459     0.00939437
83     1.44109     1.38527     0.00930582
84     1.49396     1.38656     0.00928457
85     1.44053     1.3872     0.00919703
86     1.34647     1.38672     0.00910227
87     1.3094     1.38583     0.00904093
88     1.39497     1.38594     0.00893879
89     1.26642     1.38459     0.00893866
90     1.5675     1.38663     0.00906743
91     1.15574     1.38409     0.00931599
92     1.36146     1.38384     0.00921797
93     1.47751     1.38485     0.00917372
94     1.30877     1.38404     0.00911176
95     1.29483     1.3831     0.0090641
96     1.48155     1.38413     0.00902751
97     1.40095     1.3843     0.00893611
98     1.50117     1.38549     0.00892415
99     1.32882     1.38492     0.00885234
100     1.32485     1.38432     0.00878418
