0     0     0
0.0256496     0     0
0.0512993     0     0
0.0769489     0     0
0.102599     0     0
0.128248     0     0
0.153898     0     0
0.179547     0     0
0.205197     0     0
0.230847     0     0
0.256496     0     0
0.282146     0     0
0.307796     0     0
0.333445     0     0
0.359095     0     0
0.384745     0     0
0.410394     0     0
0.436044     0     0
0.461694     0     0
0.487343     0     0
0.512993     0     0
0.538642     0     0
0.564292     0     0
0.589942     0     0
0.615591     0     0
0.641241     0     0
0.666891     0     0
0.69254     0     0
0.71819     0     0
0.74384     0     0
0.769489     0     0
0.795139     0     0
0.820788     0     0
0.846438     1.45892e-05     5.39341e-06
0.872088     0.00132881     5.48317e-05
0.897737     0.0237351     0.000250103
0.923387     0.164387     0.000768738
0.949037     0.561197     0.00186402
0.974686     1.19794     0.00243339
1.00034     1.86054     0.00281264
1.02599     2.33776     0.00224362
1.05164     2.55498     0.00211735
1.07728     2.54946     0.00217026
1.10293     2.40967     0.00223179
1.12858     2.19826     0.00216271
1.15423     1.97494     0.00210567
1.17988     1.75533     0.00191182
1.20553     1.56021     0.00189699
1.23118     1.39285     0.00183252
1.25683     1.24643     0.00155404
1.28248     1.12616     0.00152275
1.30813     1.02352     0.00131128
1.33378     0.941603     0.00120934
1.35943     0.871143     0.001133
1.38508     0.815542     0.00128024
1.41073     0.77257     0.00107108
1.43638     0.735652     0.000995739
1.46203     0.709905     0.00105671
1.48768     0.68961     0.00110859
1.51333     0.677531     0.00106529
1.53898     0.673168     0.00132211
1.56463     0.672044     0.00126385
1.59028     0.676398     0.00126487
1.61593     0.686569     0.00116865
1.64158     0.702597     0.00114898
1.66723     0.72326     0.00102988
1.69288     0.749274     0.00111777
1.71853     0.780467     0.00110688
1.74418     0.815756     0.00111597
1.76983     0.853064     0.00106919
1.79547     0.894024     0.00114575
1.82112     0.934345     0.00114711
1.84677     0.977474     0.00113031
1.87242     1.01737     0.00116541
1.89807     1.05765     0.00121354
1.92372     1.09545     0.00117871
1.94937     1.12931     0.00111583
1.97502     1.16159     0.00106343
2.00067     1.18648     0.00106198
2.02632     1.20548     0.00100932
2.05197     1.21458     0.000966027
2.07762     1.21546     0.00103433
2.10327     1.21023     0.000912806
2.12892     1.19599     0.00113403
2.15457     1.1752     0.00100635
2.18022     1.15145     0.000997982
2.20587     1.12436     0.00107475
2.23152     1.09441     0.000888368
2.25717     1.06593     0.0009157
2.28282     1.03882     0.00090641
2.30847     1.01228     0.000847278
2.33412     0.986914     0.000907993
2.35977     0.965483     0.000835784
2.38542     0.946386     0.000753221
2.41107     0.930738     0.000814326
2.43672     0.91761     0.00081846
2.46237     0.908339     0.000858174
2.48802     0.894373     0.000837693
2.51366     0.885957     0.000872688
2.53931     0.885925     0.00089806
