1   628.758   0
2   638.78   7.08768
3   648.7   9.37919
4   654.311   8.54948
5   660.228   8.64623
6   641.31   18.7119
7   642.663   16.0878
8   640.884   14.175
9   641.676   12.622
10   639.336   11.5744
11   634.054   11.6652
12   644.039   14.3435
13   641.986   13.3859
14   644.743   12.7103
15   646.184   11.9443
16   645.545   11.2149
17   649.539   11.2439
18   651.485   10.7861
19   650.873   10.2359
20   651.304   9.73337
21   653.018   9.41904
22   650.855   9.23528
23   648.464   9.13844
24   648.084   8.76563
25   648.654   8.43374
26   651.953   8.72986
27   650.665   8.50111
28   649.59   8.2649
29   650.313   8.01145
30   650.832   7.76106
31   649.775   7.58221
32   649.766   7.34525
33   650.623   7.17201
34   652.365   7.16969
35   651.754   6.99089
36   650.781   6.86416
37   650.859   6.67915
38   650.41   6.51851
39   651.411   6.42769
40   652.773   6.41004
41   652.713   6.25399
42   651.577   6.2077
43   650.521   6.15191
44   650.595   6.01254
45   650.563   5.87895
46   649.089   5.9327
47   647.912   5.92246
48   648.121   5.80278
49   646.671   5.86251
50   645.957   5.78846
51   645.327   5.70919
52   646.379   5.69519
53   646.777   5.60164
54   647.236   5.51676
55   646.314   5.4929
56   645.925   5.40866
57   645.341   5.34528
58   644.567   5.30853
59   644.864   5.22666
60   644.581   5.14701
61   645.827   5.21132
62   646.221   5.14205
63   645.744   5.08242
64   645.012   5.05541
65   645.767   5.03331
66   645.174   4.99165
67   644.511   4.96084
68   644.752   4.89356
69   644.405   4.83472
70   643.228   4.90769
71   642.876   4.85112
72   642.292   4.81882
73   642.223   4.75331
74   642.116   4.6902
75   642.232   4.62901
76   642.037   4.57213
77   641.787   4.51953
78   641.857   4.46211
79   641.597   4.41327
80   641.972   4.37438
81   641.18   4.39178
82   641.541   4.35282
83   641.857   4.3118
84   642.454   4.30195
85   642.751   4.26139
86   642.528   4.21748
87   642.116   4.18906
88   642.167   4.14173
89   641.541   4.14167
90   642.487   4.20134
91   641.31   4.31651
92   641.194   4.27109
93   641.662   4.25059
94   641.287   4.22188
95   640.851   4.1998
96   641.328   4.18284
97   641.407   4.14049
98   641.958   4.13495
99   641.694   4.10168
100   641.416   4.0701
