0     0     0
0.00933645     0     0
0.0186729     0     0
0.0280094     0     0
0.037346     0     0
0.0466823     0     0
0.0560189     0     0
0.0653551     0     0
0.0746917     0     0
0.0840283     0     0
0.0933645     0     0
0.102701     0     0
0.112038     0     0
0.121374     0     0
0.130711     0     0
0.140047     0     0
0.149383     0     0
0.15872     0     0
0.168057     0     0
0.177393     0     0
0.186729     0     0
0.196066     0     0
0.205402     0     0
0.214739     0     0
0.224075     0     0
0.233412     0     0
0.242748     0     0
0.252085     0     0
0.261421     0     0
0.270758     0     0
0.280094     0     0
0.289431     0     0
0.298767     0     0
0.308103     1.45892e-05     5.39341e-06
0.31744     0.00132881     5.48317e-05
0.326776     0.0237351     0.000250103
0.336113     0.164387     0.000768738
0.345449     0.561197     0.00186402
0.354786     1.19794     0.00243339
0.364124     1.86054     0.00281264
0.37346     2.33776     0.00224362
0.382797     2.55498     0.00211735
0.39213     2.54946     0.00217026
0.401467     2.40967     0.00223179
0.410803     2.19826     0.00216271
0.42014     1.97494     0.00210567
0.429476     1.75533     0.00191182
0.438813     1.56021     0.00189699
0.44815     1.39285     0.00183252
0.457486     1.24643     0.00155404
0.466823     1.12616     0.00152275
0.476159     1.02352     0.00131128
0.485496     0.941603     0.00120934
0.494833     0.871143     0.001133
0.504169     0.815542     0.00128024
0.513506     0.77257     0.00107108
0.522842     0.735652     0.000995739
0.532179     0.709905     0.00105671
0.541516     0.68961     0.00110859
0.550852     0.677531     0.00106529
0.560189     0.673168     0.00132211
0.569525     0.672044     0.00126385
0.578862     0.676398     0.00126487
0.588199     0.686569     0.00116865
0.597535     0.702597     0.00114898
0.606872     0.72326     0.00102988
0.616208     0.749274     0.00111777
0.625545     0.780467     0.00110688
0.634882     0.815756     0.00111597
0.644218     0.853064     0.00106919
0.653551     0.894024     0.00114575
0.662888     0.934345     0.00114711
0.672224     0.977474     0.00113031
0.681561     1.01737     0.00116541
0.690897     1.05765     0.00121354
0.700234     1.09545     0.00117871
0.709571     1.12931     0.00111583
0.718907     1.16159     0.00106343
0.728244     1.18648     0.00106198
0.73758     1.20548     0.00100932
0.746917     1.21458     0.000966027
0.756254     1.21546     0.00103433
0.76559     1.21023     0.000912806
0.774927     1.19599     0.00113403
0.784263     1.1752     0.00100635
0.7936     1.15145     0.000997982
0.802937     1.12436     0.00107475
0.812273     1.09441     0.000888368
0.82161     1.06593     0.0009157
0.830946     1.03882     0.00090641
0.840283     1.01228     0.000847278
0.84962     0.986914     0.000907993
0.858956     0.965483     0.000835784
0.868293     0.946386     0.000753221
0.877629     0.930738     0.000814326
0.886966     0.91761     0.00081846
0.896303     0.908339     0.000858174
0.905639     0.894373     0.000837693
0.914972     0.885957     0.000872688
0.924309     0.885925     0.00089806
