1   -897.09   0
2   -896.421   0.473455
3   -895.906   0.52553
4   -895.517   0.518448
5   -895.179   0.513117
6   -896.545   1.31907
7   -896.606   1.13201
8   -896.734   0.997642
9   -896.731   0.886797
10   -896.954   0.825676
11   -897.347   0.839472
12   -896.813   0.924409
13   -896.777   0.853991
14   -896.745   0.793598
15   -896.709   0.741483
16   -896.695   0.695276
17   -896.437   0.700372
18   -896.178   0.707845
19   -896.257   0.674829
20   -896.162   0.647726
21   -895.999   0.636899
22   -896.212   0.642662
23   -896.358   0.631134
24   -896.376   0.605083
25   -896.357   0.581208
26   -896.15   0.59439
27   -896.201   0.574589
28   -896.253   0.556513
29   -896.189   0.54101
30   -896.206   0.523196
31   -896.288   0.512856
32   -896.303   0.497043
33   -896.24   0.48596
34   -896.171   0.476409
35   -896.183   0.462908
36   -896.227   0.452189
37   -896.208   0.440409
38   -896.242   0.4302
39   -896.139   0.431422
40   -896.042   0.431141
41   -896.076   0.421913
42   -896.14   0.41688
43   -896.183   0.409219
44   -896.173   0.400024
45   -896.148   0.391906
46   -896.209   0.388157
47   -896.278   0.385784
48   -896.27   0.37782
49   -896.368   0.382725
50   -896.396   0.376098
51   -896.429   0.370105
52   -896.353   0.370663
53   -896.301   0.367275
54   -896.276   0.361282
55   -896.332   0.358971
56   -896.345   0.352784
57   -896.376   0.347926
58   -896.404   0.343073
59   -896.372   0.338719
60   -896.403   0.334414
61   -896.304   0.34315
62   -896.28   0.338442
63   -896.331   0.336756
64   -896.376   0.334699
65   -896.321   0.334298
66   -896.378   0.33425
67   -896.422   0.33208
68   -896.385   0.329276
69   -896.432   0.327905
70   -896.49   0.328151
71   -896.527   0.325807
72   -896.573   0.324495
73   -896.57   0.320067
74   -896.57   0.315743
75   -896.572   0.311541
76   -896.573   0.307443
77   -896.593   0.304067
78   -896.585   0.300292
79   -896.614   0.298008
80   -896.608   0.294365
81   -896.655   0.294631
82   -896.631   0.292064
83   -896.595   0.290849
84   -896.563   0.288945
85   -896.534   0.287046
86   -896.547   0.284015
87   -896.575   0.281996
88   -896.588   0.279169
89   -896.632   0.27952
90   -896.572   0.282921
91   -896.642   0.288419
92   -896.631   0.285526
93   -896.578   0.287179
94   -896.608   0.285649
95   -896.629   0.283382
96   -896.591   0.28299
97   -896.588   0.280081
98   -896.545   0.28056
99   -896.558   0.278067
100   -896.572   0.275564
