0 -0.767302 0.0056779
1 -0.771507 0.00448344
2 -0.767864 0.00404091
3 -0.770958 0.0041649
4 -0.777237 0.00391936
5 -0.774768 0.00332292
6 -0.779813 0.00307714
7 -0.77708 0.0041308
8 -0.775752 0.0047953
9 -0.776339 0.00439185
10 -0.776845 0.00481993
11 -0.774575 0.00503526
12 -0.776889 0.00551428
13 -0.771879 0.00534533
14 -0.771818 0.00514634
15 -0.772297 0.00454267
16 -0.771247 0.00410713
17 -0.769402 0.00399077
18 -0.775683 0.00350629
19 -0.779627 0.00330205
20 -0.778188 0.00267767
21 -0.783177 0.0032805
22 -0.782086 0.0032296
23 -0.784132 0.00377674
24 -0.785217 0.00419247
25 -0.788785 0.00492817
26 -0.785757 0.00460747
27 -0.785813 0.00443694
28 -0.786159 0.00495424
29 -0.78533 0.00512281
30 -0.78763 0.00490115
31 -0.786121 0.00425044
32 -0.789235 0.00439565
33 -0.787279 0.00443181
34 -0.782468 0.00498685
35 -0.778268 0.00499509
36 -0.780509 0.00490013
37 -0.782132 0.00410165
38 -0.781463 0.00361614
39 -0.780194 0.00331751
40 -0.782323 0.00270297
41 -0.782816 0.00400831
42 -0.777906 0.00417674
43 -0.780198 0.00361474
44 -0.780736 0.00315991
45 -0.7823 0.00316184
46 -0.78037 0.00289513
47 -0.780248 0.00345941
48 -0.77935 0.00305946
49 -0.781184 0.00360805
50 -0.778905 0.00323255
51 -0.781583 0.00385523
52 -0.781172 0.00366763
53 -0.782224 0.00325279
54 -0.782063 0.00408094
55 -0.77976 0.00469076
56 -0.777931 0.00478674
57 -0.779996 0.00372744
58 -0.782224 0.00382283
59 -0.781719 0.00391197
60 -0.779431 0.00365179
61 -0.784439 0.00367037
62 -0.780994 0.00432307
63 -0.78493 0.0049689
64 -0.781478 0.00444589
65 -0.783496 0.00394141
66 -0.786743 0.00403551
67 -0.784376 0.00379291
68 -0.782644 0.00340199
69 -0.782372 0.00297824
70 -0.782898 0.0035304
71 -0.781838 0.0034335
72 -0.78144 0.0040019
73 -0.77795 0.00402786
74 -0.77968 0.00435094
75 -0.7754 0.00339354
76 -0.776889 0.00414708
77 -0.77537 0.00408372
78 -0.778274 0.00417653
79 -0.777284 0.00451403
80 -0.779308 0.00382165
81 -0.779904 0.00384751
82 -0.77775 0.00409122
83 -0.779311 0.00363531
84 -0.778044 0.00378888
85 -0.77636 0.00378324
86 -0.780619 0.00347574
87 -0.778786 0.00403923
88 -0.775578 0.0040652
89 -0.775136 0.00362915
90 -0.778834 0.0034326
91 -0.778041 0.00371317
92 -0.780039 0.00426985
93 -0.784351 0.00406111
94 -0.78582 0.00326057
95 -0.783414 0.00322721
96 -0.782674 0.0036976
97 -0.780612 0.0034368
98 -0.781274 0.00310037
99 -0.782709 0.00339101
100 -0.785239 0.00358768
101 -0.782859 0.00455469
102 -0.782119 0.00417909
103 -0.783043 0.00393975
104 -0.783059 0.0037023
105 -0.779909 0.00379736
106 -0.778464 0.00349005
107 -0.780662 0.00371018
108 -0.781309 0.00380622
109 -0.78584 0.0032011
110 -0.787003 0.00268025
111 -0.788171 0.00281646
112 -0.786927 0.00258803
113 -0.784842 0.00206123
114 -0.785036 0.00281533
115 -0.78871 0.00337558
116 -0.786959 0.00429876
117 -0.784833 0.00428473
118 -0.782933 0.00396187
119 -0.780183 0.00404244
120 -0.780931 0.00320264
121 -0.78045 0.00312722
122 -0.778536 0.00295495
123 -0.783755 0.00339751
124 -0.781297 0.00365911
125 -0.784346 0.00344371
126 -0.783235 0.00334751
127 -0.783596 0.00355577
128 -0.782658 0.00335427
129 -0.786053 0.00304989
130 -0.786278 0.0027892
131 -0.784067 0.00294408
132 -0.783 0.00291276
133 -0.784953 0.00349211
134 -0.787585 0.00349996
135 -0.78537 0.00326013
136 -0.785677 0.00313053
137 -0.783071 0.00333408
138 -0.785416 0.00342242
139 -0.786824 0.00359518
140 -0.785965 0.0030514
141 -0.782653 0.00298038
142 -0.785914 0.00335153
143 -0.786777 0.00321032
144 -0.786567 0.00271996
145 -0.786344 0.00250206
146 -0.784396 0.00331046
147 -0.784507 0.00253939
148 -0.788264 0.00272299
149 -0.785634 0.00266729
150 -0.78895 0.0030697
151 -0.790102 0.00300376
152 -0.788115 0.00359057
153 -0.787724 0.00313789
154 -0.789741 0.00295272
155 -0.788664 0.00325055
156 -0.78458 0.00351529
157 -0.786641 0.00351994
158 -0.782027 0.00303286
159 -0.783515 0.00275388
160 -0.784193 0.00266363
161 -0.784417 0.00323589
162 -0.783909 0.00277422
163 -0.780919 0.00278708
164 -0.77615 0.00270174
165 -0.779432 0.00339781
166 -0.780995 0.00374652
167 -0.781556 0.00345548
168 -0.785221 0.00291991
169 -0.782438 0.003514
170 -0.783491 0.00399651
171 -0.781996 0.0036703
172 -0.781303 0.00371596
173 -0.781968 0.00347046
174 -0.780845 0.00342249
175 -0.780663 0.0032153
176 -0.783167 0.00311759
177 -0.780216 0.00290009
178 -0.778064 0.00244676
179 -0.779715 0.00293733
180 -0.782227 0.00289513
181 -0.785938 0.00280735
182 -0.78597 0.00354423
183 -0.784291 0.00347815
184 -0.780418 0.00457306
185 -0.781208 0.00392756
186 -0.782571 0.00423957
187 -0.780992 0.00423396
188 -0.781138 0.00381012
189 -0.781645 0.00389497
190 -0.779157 0.00356945
191 -0.779825 0.0045486
192 -0.7822 0.0042551
193 -0.781371 0.00451231
194 -0.78451 0.00344309
195 -0.779219 0.0037587
196 -0.779882 0.00368575
197 -0.783953 0.00362502
198 -0.781716 0.00365487
199 -0.780678 0.00377694
200 -0.780113 0.00337482
201 -0.777498 0.00350306
202 -0.778868 0.0037786
203 -0.780154 0.00372172
204 -0.777111 0.00393812
205 -0.780517 0.00391308
206 -0.778795 0.00366217
207 -0.775834 0.00362817
208 -0.77738 0.00316538
209 -0.775084 0.00348091
210 -0.775766 0.0035051
211 -0.776873 0.00283762
212 -0.777947 0.00336979
213 -0.777136 0.00363026
214 -0.780189 0.0031077
215 -0.782935 0.00313388
216 -0.783103 0.00331601
217 -0.779806 0.00337447
218 -0.776165 0.00399546
219 -0.777876 0.00343699
220 -0.780814 0.00361407
221 -0.782527 0.00339503
222 -0.782775 0.00314769
223 -0.78029 0.00351614
224 -0.777298 0.00329621
225 -0.779132 0.00355774
226 -0.777101 0.0036163
227 -0.779758 0.00306514
228 -0.781229 0.00269405
229 -0.782901 0.00320917
230 -0.783926 0.00335586
231 -0.778914 0.00359826
232 -0.775844 0.00386745
233 -0.772993 0.00405275
234 -0.776349 0.00381713
235 -0.778581 0.00325848
236 -0.777208 0.00317205
237 -0.780237 0.00316507
238 -0.779488 0.00349789
239 -0.783167 0.00294004
240 -0.784492 0.00410801
241 -0.779589 0.00481601
242 -0.786318 0.00409314
243 -0.782704 0.00359364
244 -0.785009 0.00343557
245 -0.780397 0.00325652
246 -0.778021 0.00380555
247 -0.772058 0.00304044
248 -0.772359 0.00365815
249 -0.77599 0.00369398
250 -0.778773 0.00457189
251 -0.779366 0.00466313
252 -0.77578 0.00434206
253 -0.775204 0.00455933
254 -0.773057 0.00397174
255 -0.777311 0.0036827
256 -0.777066 0.00466989
257 -0.781783 0.00498825
258 -0.778961 0.00440144
259 -0.779522 0.00402519
260 -0.781399 0.00387416
261 -0.781806 0.00312743
262 -0.780028 0.00468634
263 -0.778553 0.00460519
264 -0.780304 0.00403873
265 -0.784782 0.00398308
266 -0.782546 0.00416915
267 -0.784918 0.00382777
268 -0.782815 0.00457002
269 -0.785806 0.00463432
270 -0.781408 0.0042421
271 -0.778597 0.00471871
272 -0.779519 0.00509629
273 -0.783836 0.0039895
274 -0.787665 0.00439521
275 -0.786685 0.00485227
276 -0.78621 0.00429634
277 -0.786956 0.00431374
278 -0.790433 0.00476373
279 -0.791495 0.0041013
280 -0.790607 0.00389376
281 -0.786604 0.00340932
282 -0.781728 0.00373287
283 -0.77966 0.00364316
284 -0.779233 0.00319291
285 -0.784254 0.0035315
286 -0.77697 0.00459494
287 -0.777474 0.00454821
288 -0.775878 0.00463413
289 -0.774104 0.00517449
290 -0.768297 0.00452131
291 -0.76954 0.00438664
292 -0.77275 0.00464933
293 -0.778816 0.00398042
294 -0.776089 0.00431655
295 -0.774005 0.00383647
296 -0.769111 0.00516797
297 -0.76637 0.00474354
298 -0.766403 0.0052987
299 -0.765167 0.00543783
