0     0     0
0.0235264     0     0
0.0470528     0     0
0.0705792     0     0
0.0941056     0     0
0.117632     0     0
0.141158     0     0
0.164685     0     0
0.188211     0     0
0.211738     0     0
0.235264     0     0
0.258791     0     0
0.282317     0     0
0.305844     0.00347236     0.00316462
0.32937     0.183409     0.0363297
0.352897     1.04686     0.0869682
0.376423     1.74846     0.136241
0.399949     1.88611     0.123271
0.423474     1.70428     0.0996511
0.447003     1.51488     0.0863714
0.470528     1.40166     0.0826761
0.494054     1.32236     0.0725931
0.517583     1.22737     0.0652605
0.541108     1.17598     0.0576925
0.564633     1.13299     0.0528395
0.588162     1.0782     0.0479566
0.611687     1.03119     0.0484325
0.635213     0.999648     0.0413546
0.658742     1.03269     0.0450605
0.682267     0.98074     0.0362819
0.705792     1.01172     0.0365353
0.729318     0.982161     0.0370134
0.752847     0.994855     0.0319865
0.776372     0.991973     0.0319949
0.799897     0.973588     0.0356935
0.823426     0.974222     0.0298644
0.846952     0.974279     0.0304727
0.870477     0.982894     0.0278905
0.894006     0.989426     0.028489
0.917531     0.963594     0.0274173
0.941056     0.972102     0.02764
0.964582     0.957771     0.0286102
0.988111     0.95332     0.0238721
1.01164     0.962885     0.0264327
1.03516     0.978381     0.0244843
1.05869     0.991184     0.024506
1.08222     0.97176     0.0230708
1.10574     0.981285     0.0214965
1.12927     0.985154     0.0224161
1.1528     0.980883     0.0217203
1.17632     0.972418     0.0212864
1.19985     0.964284     0.0201321
1.22337     0.978961     0.0199415
1.2469     0.977071     0.01948
1.27043     0.975551     0.0188397
1.29395     0.982259     0.0181469
1.31748     0.98476     0.0184118
1.34101     0.971071     0.0178697
1.36453     0.964413     0.0182696
1.38806     0.981681     0.018037
1.41158     0.978705     0.0175551
1.43511     0.986632     0.0172599
1.45864     0.968885     0.0163614
1.48216     0.968827     0.0165542
1.50569     0.975252     0.0167997
1.52922     0.97938     0.0161487
1.55274     0.983095     0.0164368
1.57627     0.982782     0.0149272
1.5998     1.00275     0.0150944
1.62332     0.99681     0.015067
1.64685     0.985505     0.0154857
1.67038     0.984175     0.0149382
1.6939     0.977324     0.014026
1.71743     0.966519     0.0138969
1.74096     0.97958     0.0145469
1.76448     0.977153     0.0143098
1.78801     0.984315     0.0144448
1.81153     0.976061     0.0142181
1.83506     0.972922     0.014159
1.85859     0.976536     0.0139069
1.88211     0.980054     0.0133874
1.90564     0.974844     0.0134501
1.92917     0.980295     0.0132014
1.95269     0.980555     0.013005
1.97622     0.988598     0.0130957
1.99975     0.99715     0.0136887
2.02327     0.974086     0.0129494
2.0468     0.967604     0.0126218
2.07033     0.973315     0.012275
2.09385     0.995664     0.0129109
2.11738     0.995761     0.0128352
2.14091     0.986411     0.0127379
2.16443     0.983368     0.0119111
2.18796     0.992436     0.0120806
2.21149     0.985128     0.011837
2.23501     0.982831     0.0116521
2.25854     0.983822     0.0118118
2.28206     0.980791     0.0120255
2.30559     0.974491     0.0115122
2.32912     0.984096     0.0115982
