0.203104  17.6659
0.20676  18.3541
0.210483  14.6701
0.214274  15.8493
0.218134  17.8597
0.222064  17.114
0.226065  16.258
0.230139  15.5852
0.234287  15.2315
0.238511  18.2379
0.242811  17.3206
0.247189  15.5386
0.251647  15.1763
0.256187  16.5093
0.260808  16.6478
0.265514  15.9534
0.270305  16.7977
0.275183  16.6045
0.280151  16.237
0.285208  15.142
0.290357  15.3734
0.2956  16.3485
0.300938  14.6284
0.306373  15.5528
0.311908  17.1204
0.317542  15.9449
0.323279  17.4261
0.329121  16.074
0.335068  17.0632
0.341124  17.0006
0.34729  16.4013
0.353568  17.4819
0.35996  15.7775
0.366468  16.451
0.373095  17.4403
0.379842  16.483
0.386712  17.2646
0.393707  17.1819
0.400829  14.6246
0.40808  15.7905
0.415463  16.1065
0.42298  16.2819
0.430635  14.852
0.438428  15.833
0.446363  15.6731
0.454442  15.2837
0.462668  16.756
0.471044  16.7076
0.479572  17.7906
0.488255  15.5596
0.497095  17.2128
0.506097  14.2923
0.515262  16.9285
0.524594  14.9422
0.534096  14.5186
0.54377  14.7721
0.55362  17.983
0.563649  16.8402
0.573861  13.0334
0.584258  15.6298
0.594844  14.0917
0.605623  17.6141
0.616598  13.9562
0.627772  16.4091
0.639149  17.626
0.650734  13.237
0.662529  17.4306
0.674538  15.6984
0.686766  15.2249
0.699216  16.3012
0.711892  16.1588
0.724799  15.819
0.73794  15.3747
0.751321  16.229
0.764944  14.4017
0.778816  14.8561
0.792939  14.0538
0.807319  15.8216
0.821961  14.7194
0.836869  13.0828
0.852048  15.0904
0.867503  16.1238
0.883239  17.7637
0.899261  16.1963
0.915575  13.2015
0.932185  14.8585
0.949097  12.7687
0.966316  12.9333
0.983849  14.3933
1.0017  13.9951
1.01988  15.639
1.03838  13.1539
1.05723  16.218
1.07641  13.9735
1.09594  14.3489
1.11583  15.5368
1.13609  16.2636
1.1567  16.094
1.1777  14.0776
1.19907  15.5939
1.22084  15.2683
1.243  12.066
1.26556  16.0517
1.28853  16.9926
1.31193  15.2787
1.33574  14.5639
1.35999  16.0364
1.38468  15.6407
1.40982  13.0597
1.43542  15.7554
1.46148  13.1027
1.48801  13.6309
1.51503  15.1222
1.54254  13.5673
1.57055  15.0277
1.59907  14.3511
1.6281  13.1293
1.65767  13.4131
1.68777  13.0967
1.71842  12.4824
1.74963  14.316
1.7814  15.6015
1.81375  14.2152
1.84669  11.6321
1.88023  13.5416
1.91438  14.6292
1.94915  12.344
1.98455  13.8469
2.0206  12.2928
2.0573  14.1472
2.09467  10.2055
2.13271  12.4698
2.17145  10.867
2.2109  12.8609
2.25106  12.7304
2.29195  11.9156
2.33358  12.5158
2.37597  11.1679
2.41913  14.7208
2.46308  11.1884
2.50783  13.4196
2.55339  13.2282
2.59977  14.6672
2.647  12.3705
2.69509  14.5008
2.74406  11.9982
2.79391  11.1944
2.84467  10.9732
2.89636  12.4104
2.94898  9.62682
3.00256  11.153
3.05711  10.0562
3.11266  13.6965
3.16922  9.87664
3.2268  9.30245
3.28543  11.9285
3.34513  10.8753
3.40591  9.85674
3.4678  9.78666
3.53081  9.59908
3.59497  10.4966
3.66029  12.0467
3.72681  9.92395
3.79453  9.42197
3.86348  10.6013
3.93369  11.2912
4.00517  11.1187
4.07795  11.1246
4.15206  12.0727
4.22751  9.80354
4.30434  12.4435
4.38256  10.4113
4.46221  10.6752
4.5433  10.8167
4.62587  9.14067
4.70993  8.9811
4.79553  10.1668
4.88268  10.9058
4.97142  8.99991
5.06177  8.94763
5.15376  9.54961
5.24743  7.62315
5.3428  9.25307
5.4399  9.53369
5.53877  8.10743
5.63943  7.19092
5.74193  9.24061
5.84629  7.92509
5.95255  8.84282
6.06074  6.80352
6.17089  6.33796
6.28305  8.5731
6.39725  7.9317
6.51352  8.29831
6.63191  9.57551
6.75245  7.26176
6.87518  6.6443
7.00015  9.35175
7.12738  7.30317
7.25693  7.1165
7.38883  7.65724
7.52314  8.54334
7.65988  7.33128
7.79911  7.31155
7.94087  7.10822
8.08521  7.91458
8.23218  5.78712
8.38181  6.05654
8.53417  7.54741
8.68929  6.98448
8.84724  6.90056
9.00806  6.11764
9.1718  6.09598
9.33852  5.90338
9.50827  5.78831
9.68111  7.45511
9.85708  6.07778
10.0363  6.03738
10.2187  6.70473
10.4045  6.22925
10.5936  5.92154
10.7862  5.63247
10.9822  5.03141
11.1819  5.05662
11.3851  6.33543
11.5921  5.9309
11.8028  5.85769
12.0174  5.02824
12.2358  5.22103
12.4582  5.74792
12.6847  5.5907
12.9153  5.3246
13.1501  4.53237
13.3891  4.62779
13.6325  5.50793
13.8803  5.59148
14.1327  5.19228
14.3896  5.14961
14.6512  5.48927
14.9175  5.03126
15.1887  5.1897
15.4648  4.90117
15.7459  5.57595
16.0322  5.51542
16.3236  5.00169
16.6204  4.82369
16.9225  5.20338
17.2302  4.75241
17.5434  5.06464
17.8623  4.56496
18.1871  5.01824
18.5177  4.54608
18.8543  4.65114
19.1971  4.64901
19.5461  4.68966
19.9014  4.83058
20.2632  4.95329
20.6316  4.85965
21.0067  4.73373
21.3886  4.67057
21.7774  4.82993
22.1733  4.76505
22.5764  5.13928
22.9868  4.79093
23.4047  4.61135
23.8302  5.20429
24.2634  4.62633
24.7046  4.70436
25.1537  4.63051
25.611  4.76904
26.0766  4.50791
26.5506  4.65027
27.0333  4.59631
27.5248  4.60307
28.0252  4.58965
28.5347  4.48166
29.0535  4.46987
29.5817  4.54891
30.1195  4.59056
30.667  4.83337
31.2246  4.59118
31.7922  4.50434
32.3702  4.64112
32.9587  4.64257
33.5579  4.53808
34.168  4.55654
34.7892  4.55052
35.4217  4.54652
36.0656  4.46255
36.7213  4.48166
37.3889  4.67538
38.0687  4.61587
38.7608  4.56722
39.4655  4.61113
40.183  4.46727
40.9135  4.59024
41.6573  4.63522
42.4147  4.5153
43.1858  4.57985
43.9709  4.50764
44.7703  4.50764
45.5843  4.51363
46.413  4.46727
47.2569  4.48157
48.116  4.56035
48.9908  4.54576
49.8815  4.5108
50.7883  4.46727
51.7117  4.53116
52.6519  4.48425
53.6091  4.46727
54.5837  4.52675
55.5761  4.46987
56.5865  4.56016
57.6153  4.49079
58.6628  4.46178
59.7293  4.46255
60.8152  4.49572
61.9209  4.46987
63.0467  4.46727
64.1929  4.47065
65.36  4.46987
66.5483  4.46987
67.7582  4.51402
68.9901  4.47686
70.2444  4.48495
71.5215  4.46727
72.8218  4.49178
74.1458  4.46987
75.4938  4.4808
76.8663  4.48495
78.2638  4.48417
79.6867  4.48495
81.1355  4.4808
82.6106  4.51483
84.1126  4.46727
85.6418  4.48166
87.1988  4.47065
88.7842  4.48425
90.3984  4.4856
92.0419  4.46178
93.7153  4.46727
95.4191  4.46649
97.154  4.46727
98.9203  4.50512
