-5.45843
-5.45574
-5.45436
-5.45508
-5.4541
-5.4569
-5.45756
-5.45794
-5.45988
-5.46045
-5.45805
-5.45819
-5.45894
-5.4603
-5.45895
-5.45841
-5.45828
-5.45825
-5.45908
-5.45892
-5.45693
-5.45545
-5.45484
-5.45441
-5.45447
-5.45397
-5.45355
-5.45259
-5.45401
-5.45235
-5.45339
-5.45318
-5.45484
-5.45473
-5.45473
-5.45451
-5.45566
-5.45593
-5.45308
-5.45171
-5.45296
-5.45572
-5.45595
-5.45755
-5.45944
-5.46173
-5.4614
-5.46159
-5.46315
-5.46119
-5.46156
-5.4592
-5.45837
-5.45849
-5.45858
-5.45516
-5.45446
-5.45335
-5.45576
-5.45552
-5.45575
-5.45629
-5.45534
-5.45477
-5.45395
-5.45267
-5.45307
-5.45267
-5.45383
-5.45422
-5.45565
-5.45755
-5.45457
-5.45443
-5.45333
-5.45237
-5.45362
-5.45303
-5.45142
-5.4503
-5.45401
-5.45498
-5.45607
-5.45594
-5.45704
-5.45656
-5.45595
-5.45564
-5.45604
-5.45524
-5.45518
-5.4571
-5.45899
-5.45691
-5.45798
-5.45831
-5.46084
-5.45944
-5.45893
-5.46029
-5.46189
-5.46155
-5.46032
-5.46056
-5.4597
-5.45863
-5.45985
-5.45904
-5.45747
-5.45511
-5.45523
-5.45555
-5.45611
-5.4547
-5.45634
-5.45306
-5.45303
-5.45517
-5.45341
-5.45338
-5.45372
-5.4519
-5.45219
-5.45301
-5.45281
-5.45201
-5.45174
-5.45344
-5.45355
-5.45673
-5.4582
-5.46071
-5.46041
-5.45869
-5.45634
-5.45113
-5.45406
-5.45343
-5.45439
-5.4547
-5.45668
-5.4578
-5.45744
-5.45876
-5.45969
-5.45844
-5.46013
-5.45829
-5.45825
-5.45765
-5.4563
-5.45589
-5.45508
-5.45547
-5.45762
-5.45787
-5.4603
-5.46189
-5.46004
-5.46
-5.45859
-5.45846
-5.45671
-5.45493
-5.45247
-5.45254
-5.45419
-5.45521
-5.45498
-5.45516
-5.4535
-5.45227
-5.45568
-5.45462
-5.45229
-5.45383
-5.45368
-5.45345
-5.45251
-5.45313
-5.45176
-5.45194
-5.45014
-5.45351
-5.45175
-5.45427
-5.45396
-5.45528
-5.45663
-5.45707
-5.4547
-5.45408
-5.45675
-5.45717
-5.45787
-5.45816
-5.45831
-5.45796
-5.45705
-5.45593
-5.45695
-5.455
-5.45502
-5.45414
-5.45405
-5.45709
-5.45552
-5.45424
-5.45579
-5.45589
-5.45727
-5.45815
-5.45773
-5.45631
-5.45814
-5.45749
-5.45838
-5.45962
-5.45903
-5.45667
-5.45517
-5.45622
-5.45729
-5.45575
-5.45757
-5.45829
-5.45875
-5.45895
-5.45996
-5.46057
-5.46081
-5.45836
-5.45809
-5.45907
-5.45648
-5.45488
-5.45463
-5.45579
-5.45587
-5.45588
-5.4577
-5.45764
-5.46007
-5.45781
-5.45832
-5.46103
-5.46371
-5.46274
-5.46131
-5.45969
-5.46081
-5.45889
-5.45629
-5.45667
-5.45496
-5.45446
-5.45357
-5.45548
-5.45618
-5.45653
-5.45839
-5.4591
-5.45838
-5.4576
-5.45721
-5.45924
-5.45794
-5.45979
-5.4579
-5.45729
-5.45652
-5.45903
-5.46025
-5.45988
-5.45929
-5.45693
-5.45546
-5.45558
-5.45607
-5.45537
-5.45224
-5.45057
-5.4494
-5.44973
-5.45064
-5.45086
-5.45067
-5.4522
-5.45367
-5.45529
-5.45444
-5.45505
-5.45454
-5.45386
-5.453
-5.45523
-5.45444
-5.45239
-5.45471
-5.45723
-5.45734
-5.45684
-5.45563
-5.45464
-5.45714
-5.45837
-5.45744
-5.45789
-5.45707
-5.45487
-5.45444
-5.45358
-5.45275
-5.45342
-5.45371
-5.45672
-5.45671
-5.45833
-5.45899
-5.45853
-5.45777
-5.45592
-5.45464
-5.45423
-5.45592
-5.45677
-5.45703
-5.45819
-5.45652
-5.45805
-5.45829
-5.45834
-5.45741
-5.45631
-5.45643
-5.45687
-5.45534
-5.45689
-5.4594
-5.45881
-5.45958
-5.46045
-5.46018
-5.45854
-5.45912
-5.45875
-5.45908
-5.45948
-5.45769
-5.45532
-5.45751
-5.45775
-5.45603
-5.45426
-5.45374
-5.45316
-5.45413
-5.45446
-5.45455
-5.45424
-5.45526
-5.4557
-5.4564
-5.45909
-5.45963
-5.4579
-5.45903
-5.45724
-5.45712
-5.45519
-5.45287
-5.45185
-5.45355
-5.45318
-5.454
-5.45277
-5.45333
-5.45433
-5.45704
-5.45657
-5.45707
-5.45715
-5.45709
-5.45817
-5.45781
-5.45861
-5.45768
-5.45732
-5.45661
-5.45623
-5.45427
-5.45465
-5.4542
-5.45525
-5.45547
-5.4554
-5.45556
-5.45623
-5.45674
-5.45654
-5.45374
-5.45289
-5.45273
-5.45425
-5.45321
-5.45609
-5.45516
-5.45339
-5.45502
-5.4545
-5.45758
-5.45704
-5.45702
-5.45881
-5.4579
-5.45819
-5.46004
-5.45829
-5.45847
-5.45862
-5.45709
-5.45682
-5.45461
-5.45377
-5.45369
-5.45372
-5.4532
-5.45271
-5.45186
-5.45649
-5.45755
-5.45674
-5.45732
-5.45558
-5.45624
-5.4557
-5.45443
-5.45329
-5.45498
-5.45857
-5.45812
-5.45836
-5.45943
-5.45797
-5.46037
-5.45886
-5.45965
-5.45703
-5.45601
-5.4564
-5.4551
-5.45511
-5.45548
-5.45391
-5.45484
-5.45559
-5.456
-5.45758
-5.4577
-5.45826
-5.45733
-5.45652
-5.45781
-5.45867
-5.45788
-5.45721
-5.45643
-5.45623
-5.45562
-5.45644
-5.45536
-5.45645
-5.45443
-5.45509
-5.45391
-5.45291
-5.45384
-5.4552
-5.45445
-5.45477
-5.45314
-5.45109
-5.45027
-5.4512
-5.44982
-5.45094
-5.45105
-5.45224
-5.4523
-5.45302
-5.45586
-5.45726
-5.45811
-5.45831
-5.45872
-5.4593
-5.46229
-5.46276
-5.46133
-5.46088
-5.46115
-5.46128
-5.45852
-5.45563
-5.45562
-5.45594
-5.45555
-5.45596
-5.45487
-5.45324
-5.45078
-5.45138
-5.45304
-5.45177
-5.45233
-5.45367
-5.45158
-5.45221
-5.45205
-5.45277
-5.45444
-5.45517
-5.45305
-5.45431
-5.45443
-5.4534
-5.4531
-5.45345
-5.45563
-5.45631
-5.4574
-5.45633
-5.45711
-5.45631
-5.45701
-5.45703
-5.45927
-5.45909
-5.45726
-5.45557
-5.45459
-5.45403
-5.45336
-5.45431
-5.45372
-5.45489
-5.45529
-5.45525
-5.45669
-5.4556
-5.45601
-5.45847
-5.45812
-5.45735
-5.45762
-5.46095
-5.45856
-5.45973
-5.45815
-5.45925
-5.45753
-5.45536
-5.45576
-5.45625
-5.45595
-5.4552
-5.45559
-5.45452
-5.45486
-5.45631
-5.45461
-5.45584
-5.45692
-5.45644
-5.45854
-5.45966
-5.45861
-5.45846
-5.45835
-5.4536
-5.45299
-5.45302
-5.45164
-5.45228
-5.45251
-5.45165
-5.45167
-5.45268
-5.45281
-5.45239
-5.4527
-5.45203
-5.45262
-5.45183
-5.45324
-5.45689
-5.45668
-5.45713
-5.45819
-5.45847
-5.4586
-5.45504
-5.45566
-5.45542
-5.45635
-5.45652
-5.45723
-5.45776
-5.45638
-5.45752
-5.4575
-5.45887
-5.46063
-5.45929
-5.45783
-5.45633
-5.45644
-5.45787
-5.45672
-5.45498
-5.45596
-5.45489
-5.4541
-5.45323
-5.45482
-5.45581
-5.45672
-5.45553
-5.45639
-5.45994
-5.4568
-5.45733
-5.45639
-5.45726
-5.4555
-5.45675
-5.45626
-5.45512
-5.45275
-5.45466
-5.45237
-5.45251
-5.45197
-5.4541
-5.45324
-5.45551
-5.45709
-5.4565
-5.45551
-5.45487
-5.45495
-5.45582
-5.45332
-5.45497
-5.4553
-5.45717
-5.45558
-5.45716
-5.45657
-5.45691
-5.45489
-5.45606
-5.45476
-5.45518
-5.45512
-5.4558
-5.45603
-5.45457
-5.4564
-5.45533
-5.45681
-5.45698
-5.45546
-5.456
-5.45576
-5.45634
-5.45726
-5.45765
-5.45786
-5.45831
-5.45823
-5.46056
-5.4583
-5.45775
-5.45745
-5.45748
-5.45568
-5.45499
-5.45449
-5.45453
-5.45483
-5.45642
-5.45508
-5.45714
-5.45591
-5.45802
-5.45761
-5.45799
-5.45858
-5.45878
-5.45829
-5.45746
-5.45796
-5.45853
-5.45884
-5.45982
-5.45942
-5.46053
-5.46028
-5.45778
-5.4566
-5.45708
-5.45724
-5.4577
-5.45781
-5.45563
-5.45443
-5.4543
-5.45345
-5.45621
-5.45709
-5.45724
-5.45671
-5.45721
-5.45633
-5.45696
-5.45851
-5.45821
-5.45912
-5.46103
-5.45723
-5.45902
-5.45928
-5.45833
-5.45846
-5.45846
-5.45547
-5.45661
-5.45756
-5.45882
-5.46026
-5.45953
-5.4579
-5.45862
-5.45781
-5.46077
-5.45948
-5.457
-5.45439
-5.45434
-5.45359
-5.45404
-5.45397
-5.45488
-5.45568
-5.45564
-5.45474
-5.45302
-5.45055
-5.45058
-5.45187
-5.45343
-5.45271
-5.45367
-5.45283
-5.45351
-5.45508
-5.45494
-5.45826
-5.46144
-5.46408
-5.46406
-5.46479
-5.46292
-5.462
-5.46241
-5.46224
-5.46446
-5.46324
-5.46148
-5.46178
-5.4603
-5.45877
-5.45571
-5.45226
-5.45212
-5.45189
-5.45265
-5.45222
-5.45151
-5.45414
-5.45515
-5.45574
-5.45956
-5.45847
-5.45878
-5.45838
-5.45777
-5.45637
-5.45518
-5.45552
-5.45646
-5.45771
-5.45515
-5.45469
-5.45579
-5.45528
-5.45446
-5.45487
-5.45734
-5.45887
-5.45939
-5.45924
-5.46105
-5.4597
-5.46006
-5.46084
-5.45943
-5.45896
-5.45992
-5.45984
-5.46021
-5.45877
-5.45698
-5.45733
-5.45421
-5.45296
-5.45433
-5.45413
-5.4526
-5.45158
-5.45418
-5.45449
-5.45632
-5.45641
-5.45575
-5.45694
-5.4536
-5.45355
-5.45549
-5.4552
-5.45363
-5.45307
-5.4519
-5.45209
-5.45394
-5.4542
-5.45578
-5.45802
-5.45801
-5.45738
-5.45673
-5.4573
-5.45833
-5.45785
-5.4601
-5.45802
-5.4608
-5.46073
-5.45983
-5.46035
-5.45867
-5.45667
-5.4556
-5.45678
-5.45801
-5.45676
-5.4569
-5.45706
-5.45876
-5.45866
-5.45802
-5.45559
-5.45466
-5.45243
-5.45224
-5.44907
-5.45085
-5.45247
-5.45457
-5.45471
-5.45391
-5.45509
-5.45613
-5.45662
-5.45693
-5.4572
-5.45562
-5.45523
-5.45486
-5.45557
-5.45388
-5.45409
-5.45294
-5.45139
-5.45392
-5.45596
-5.45748
-5.45779
-5.45715
-5.45937
-5.46048
-5.4614
-5.46015
-5.45937
-5.45846
-5.46043
-5.4599
-5.46117
-5.46366
-5.46378
-5.46496
-5.46443
-5.46397
-5.4616
-5.46252
-5.46128
-5.45919
-5.45565
-5.45556
-5.45709
-5.45493
-5.45249
-5.45317
-5.45277
-5.45115
-5.45358
-5.45559
-5.45733
-5.45741
-5.45586
-5.4557
-5.45669
-5.45565
-5.45554
-5.45613
-5.45526
-5.45398
-5.45555
-5.45541
-5.45671
-5.45835
-5.45627
-5.45618
-5.45639
-5.45759
-5.457
-5.45636
-5.45486
-5.45547
-5.45632
-5.45481
-5.45476
-5.45318
-5.4545
-5.45541
-5.4549
-5.4552
-5.45437
-5.45373
-5.45401
-5.45233
-5.45224
-5.45274
-5.45253
-5.45363
-5.45425
-5.45453
-5.45488
-5.45562
-5.45662
-5.4577
-5.4596
-5.46024
-5.45986
-5.45915
-5.45729
-5.45635
-5.45485
-5.45541
-5.45697
-5.4591
-5.46041
-5.46089
-5.45932
-5.46101
-5.46026
-5.4591
-5.45917
-5.45912
-5.45884
-5.46111
-5.4607
-5.45856
-5.45674
-5.4573
-5.45739
-5.45732
-5.45625
-5.45523
-5.45566
-5.45688
-5.45611
-5.45328
-5.45387
-5.45425
-5.45525
-5.45744
-5.45829
-5.45845
-5.45838
-5.45704
-5.45702
-5.45578
-5.45437
-5.45423
-5.45358
-5.45228
-5.453
-5.45477
-5.4565
-5.45928
-5.46155
-5.4618
-5.46187
-5.46215
-5.46179
-5.46164
-5.46153
-5.4616
-5.45963
-5.46046
-5.46041
-5.46033
-5.45887
-5.46024
-5.45701
-5.45726
-5.45708
-5.45519
-5.45623
-5.45483
-5.45339
-5.45451
-5.45546
-5.45575
-5.45237
-5.45349
-5.45247
-5.45241
-5.4511
-5.45256
-5.45553
-5.45782
-5.45874
-5.45838
-5.46015
-5.46027
-5.46174
-5.4639
-5.46183
-5.4616
-5.46317
-5.46133
-5.45778
-5.45744
-5.45749
-5.458
-5.45543
-5.4514
-5.4514
-5.44995
-5.45195
-5.45411
-5.45539
-5.45727
-5.4574
-5.46028
-5.45942
-5.46101
-5.45892
-5.45902
-5.45715
-5.45593
-5.45667
-5.45487
-5.45473
-5.45467
-5.45534
-5.45705
-5.45653
-5.45604
-5.45393
-5.45375
-5.45549
-5.45558
-5.45624
-5.45586
-5.45673
-5.45665
-5.46023
-5.45943
-5.45936
-5.4596
-5.46066
-5.45991
-5.4593
-5.45955
-5.45974
-5.45865
-5.45696
-5.45567
-5.45607
-5.45497
-5.45698
-5.45446
-5.45415
-5.45586
-5.45577
-5.45667
-5.45698
-5.45324
-5.45369
-5.45489
-5.45495
-5.45287
-5.45405
-5.45479
-5.45626
-5.45552
-5.4559
-5.45694
-5.4559
-5.45574
-5.45545
-5.45528
-5.45874
-5.45742
-5.45682
-5.45789
-5.45572
-5.4554
-5.45555
-5.4565
-5.45536
-5.45508
-5.45409
-5.45273
-5.45136
-5.45165
-5.45134
-5.4537
-5.45386
-5.45342
-5.45397
-5.45489
-5.45496
-5.45521
-5.45505
-5.45447
-5.45599
-5.45787
-5.45769
-5.45761
-5.45883
-5.45904
-5.45958
-5.45986
-5.45843
-5.458
-5.45677
-5.45548
-5.4548
-5.45403
-5.45629
-5.45496
-5.45545
-5.45514
-5.45567
-5.45191
-5.45258
-5.45416
-5.45475
-5.45443
-5.45556
-5.45302
-5.45425
-5.45431
-5.45505
-5.45442
-5.4527
-5.45181
-5.45371
-5.45487
-5.45305
-5.45085
-5.45092
-5.45169
-5.45352
-5.4542
-5.45734
-5.45972
-5.46028
-5.46053
-5.46124
-5.46008
-5.45995
-5.45768
-5.45594
-5.45479
-5.45395
-5.4544
-5.45458
-5.4543
-5.45403
-5.45482
-5.45432
-5.45779
-5.45821
-5.46093
-5.45982
-5.45912
-5.45798
-5.45644
-5.45649
-5.45589
-5.45726
-5.458
-5.45778
-5.45722
-5.46122
-5.45755
-5.45794
-5.46143
-5.4621
-5.46079
-5.45929
-5.45685
-5.45637
-5.456
-5.45459
-5.45295
-5.45382
-5.45503
-5.45462
-5.45606
-5.45534
-5.45559
-5.45517
-5.457
-5.45881
-5.45895
-5.45867
-5.45955
-5.45996
-5.46179
-5.46213
-5.45842
-5.45785
-5.45922
-5.45873
-5.45934
-5.46041
-5.45962
-5.45921
-5.45752
-5.45558
-5.4541
-5.45605
-5.45469
-5.45708
-5.45791
-5.45958
-5.46037
-5.45989
-5.45979
-5.46113
-5.46106
-5.45962
-5.45938
-5.46132
-5.46031
-5.45903
-5.45888
-5.45506
-5.45534
-5.45323
-5.45252
-5.45152
-5.45118
-5.45185
-5.4519
-5.45166
-5.45172
-5.45461
-5.45642
-5.45687
-5.4586
-5.45812
-5.45868
-5.45929
-5.46048
-5.4586
-5.45876
-5.45675
-5.45517
-5.45567
-5.45471
-5.4539
-5.45463
-5.4528
-5.45195
-5.45138
-5.45253
-5.45337
-5.45427
-5.45652
-5.46048
-5.46111
-5.46289
-5.46135
-5.46018
-5.46049
-5.45908
-5.45828
-5.45812
-5.45608
-5.45485
-5.45511
-5.45453
-5.45563
-5.45671
-5.45714
-5.45821
-5.46024
-5.45961
-5.45792
-5.4571
-5.45562
-5.4558
-5.45512
-5.45527
-5.45462
-5.45378
-5.45425
-5.45465
-5.4575
-5.45855
-5.46038
-5.45816
-5.45835
-5.45808
-5.45803
-5.45566
-5.45432
-5.45383
-5.4546
-5.45407
-5.45575
-5.45501
-5.45659
-5.4562
-5.45668
-5.45541
-5.45495
-5.45209
-5.45144
-5.45342
-5.45482
-5.45591
-5.454
-5.45678
-5.45677
-5.45691
-5.45665
-5.45772
-5.45636
-5.45653
-5.45569
-5.45451
-5.4552
-5.4541
-5.45492
-5.45849
-5.45881
-5.45968
-5.45854
-5.4581
-5.45626
-5.45609
-5.45706
-5.45508
-5.45403
-5.45225
-5.45185
-5.45138
-5.45334
-5.45353
-5.45492
-5.45501
-5.45419
-5.4541
-5.45446
-5.45465
-5.45278
-5.45302
-5.45439
-5.45519
-5.455
-5.4553
-5.45532
-5.45437
-5.4551
-5.45572
-5.45608
-5.45597
-5.45564
-5.45428
-5.45527
-5.45594
-5.45576
-5.45724
-5.45774
-5.45573
-5.45504
-5.45744
-5.45528
-5.45524
-5.45692
-5.45872
-5.45678
-5.45539
-5.4563
-5.45477
-5.4535
-5.45279
-5.4542
-5.45305
-5.45119
-5.45216
-5.45299
-5.45367
-5.45159
-5.45164
-5.45295
-5.45302
-5.45295
-5.45412
-5.45264
-5.4537
-5.45459
-5.45487
-5.45829
-5.4618
-5.4643
-5.46247
-5.46275
-5.46325
-5.4609
-5.45981
-5.45825
-5.45804
-5.45798
-5.45769
-5.45869
-5.4582
-5.45606
-5.45572
-5.45553
-5.45424
-5.45197
-5.453
-5.45318
-5.45443
-5.45506
-5.45473
-5.45599
-5.45757
-5.45786
-5.45684
-5.45698
-5.45727
-5.45641
-5.45734
-5.45564
-5.4562
-5.45516
-5.45663
-5.45602
-5.45494
-5.45488
-5.45382
-5.45296
-5.4537
-5.45329
-5.45471
-5.45831
-5.46005
-5.46246
-5.46139
-5.46235
-5.46211
-5.46189
-5.46003
-5.4595
-5.45851
-5.45653
-5.4553
-5.45551
-5.45556
-5.45546
-5.45652
-5.45645
-5.45652
-5.4564
-5.45573
-5.4561
-5.45297
-5.45246
-5.45426
-5.45743
-5.4578
-5.45724
-5.45886
-5.46116
-5.46009
-5.46047
-5.46047
-5.45835
-5.45757
-5.45573
-5.45457
-5.45448
-5.45578
-5.4558
-5.45634
-5.45788
-5.45898
-5.4589
-5.45924
-5.45943
-5.4615
-5.46098
-5.4627
-5.46202
-5.46336
-5.46149
-5.46194
-5.46091
-5.45851
-5.45651
-5.45377
-5.45428
-5.45486
-5.45323
-5.4532
-5.45369
-5.45489
-5.4544
-5.45536
-5.45479
-5.4546
-5.45417
-5.45458
-5.45405
-5.4534
-5.45528
-5.45704
-5.45821
-5.45924
-5.45681
-5.45543
-5.45776
-5.4577
-5.45656
-5.45596
-5.45589
-5.45543
-5.45533
-5.45581
-5.45515
-5.45574
-5.45622
-5.45723
-5.4574
-5.45747
-5.45673
-5.45815
-5.45794
-5.45973
-5.45744
-5.45698
-5.45588
-5.45626
-5.45607
-5.45648
-5.45657
-5.45431
-5.45688
-5.46041
-5.46273
-5.46465
-5.46512
-5.46476
-5.46617
-5.46393
-5.46078
-5.45979
-5.45857
-5.45732
-5.45779
-5.45742
-5.45577
-5.45749
-5.45684
-5.45564
-5.45485
-5.45361
-5.45371
-5.4543
-5.45511
-5.45614
-5.45604
-5.45663
-5.4575
-5.46052
-5.45948
-5.46086
-5.46048
-5.45871
-5.4595
-5.45867
-5.46139
-5.4618
-5.45984
-5.45902
-5.45806
-5.45639
-5.45479
-5.4544
-5.4547
-5.45353
-5.45377
-5.45434
-5.45309
-5.45495
-5.4565
-5.45731
-5.45642
-5.45649
-5.45667
-5.45449
-5.45584
-5.45723
-5.45643
-5.45637
-5.45575
-5.45555
-5.45441
-5.45742
-5.4587
-5.45465
-5.45436
-5.4534
-5.45264
-5.45293
-5.45183
-5.45576
-5.45801
-5.45854
-5.4571
-5.45874
-5.45892
-5.45647
-5.4574
-5.45672
-5.4575
-5.45692
-5.45758
-5.45684
-5.45753
-5.45923
-5.4609
-5.46053
-5.45906
-5.45675
-5.4549
-5.45776
-5.45829
-5.45854
-5.4586
-5.45625
-5.4574
-5.45915
-5.46046
-5.46215
-5.46497
-5.46455
-5.46696
-5.46575
-5.4633
-5.46261
-5.46158
-5.45841
-5.45588
-5.45443
-5.45669
-5.45712
-5.45921
-5.45888
-5.45945
-5.45969
-5.45918
-5.46148
-5.46082
-5.45953
-5.45995
-5.4583
-5.45628
-5.45565
-5.45554
-5.45573
-5.45337
-5.45139
-5.45267
-5.4539
-5.4556
-5.45799
-5.45808
-5.46096
-5.45943
-5.46053
-5.45998
-5.45873
-5.45715
-5.45629
-5.45563
-5.45822
-5.45963
-5.45772
-5.45965
-5.45835
-5.45956
-5.45901
-5.45819
-5.45955
-5.45912
-5.46013
-5.46007
-5.45901
-5.45924
-5.45912
-5.46024
-5.46128
-5.45968
-5.45844
-5.45798
-5.45673
-5.45662
-5.45628
-5.45885
-5.45786
-5.46013
-5.46155
-5.46176
-5.46291
-5.46225
-5.4629
-5.46393
-5.46314
-5.4616
-5.46001
-5.45971
-5.45945
-5.45894
-5.45987
-5.4587
-5.45903
-5.45954
-5.45855
-5.45859
-5.45735
-5.45738
-5.45742
-5.45747
-5.45783
-5.45779
-5.45662
-5.45781
-5.45687
-5.4581
-5.45803
-5.45968
-5.4582
-5.45781
-5.45884
-5.45741
-5.45835
-5.45647
-5.45624
-5.45759
-5.45889
-5.46074
-5.46088
-5.45962
-5.45951
-5.45761
-5.45588
-5.45601
-5.45746
-5.4568
-5.45772
-5.45768
-5.45989
-5.45969
-5.45945
-5.46188
-5.46268
-5.46118
-5.46036
-5.46163
-5.46089
-5.46117
-5.46066
-5.45973
-5.45871
-5.45784
-5.45834
-5.45782
-5.45753
-5.45583
-5.45566
-5.45708
-5.45592
-5.4548
-5.4563
-5.45619
-5.45579
-5.45452
-5.45479
-5.4528
-5.45269
-5.45452
-5.4558
-5.45708
-5.45776
-5.45926
-5.45938
-5.45915
-5.45728
-5.45701
-5.45799
-5.45733
-5.45732
-5.45638
-5.45583
-5.45246
-5.45305
-5.45462
-5.45489
-5.45674
-5.45601
-5.45793
-5.45932
-5.45923
-5.45734
-5.45753
-5.45721
-5.45827
-5.45937
-5.46072
-5.4612
-5.46072
-5.46024
-5.45976
-5.46038
-5.46092
-5.46018
-5.45823
-5.45997
-5.45956
-5.45956
-5.45704
-5.45745
-5.45823
-5.45817
-5.45797
-5.45639
-5.45828
-5.46033
-5.46206
-5.46236
-5.46236
-5.46428
-5.46229
-5.46168
-5.46003
-5.45816
-5.45587
-5.45417
-5.45433
-5.45303
-5.45472
-5.45579
-5.45494
-5.45474
-5.45519
-5.45686
-5.45645
-5.45839
-5.45875
-5.45884
-5.4574
-5.45711
-5.45676
-5.45359
-5.45224
-5.45445
-5.45191
-5.4495
-5.44978
-5.45062
-5.45307
-5.4543
-5.45587
-5.45296
-5.4528
-5.45511
-5.45667
-5.45583
-5.45616
-5.45637
-5.45914
-5.45872
-5.45939
-5.45922
-5.45946
-5.45938
-5.45988
-5.46093
-5.45996
-5.45867
-5.46037
-5.45922
-5.45949
-5.45794
-5.4582
-5.45707
-5.45648
-5.45761
-5.45606
-5.45492
-5.45513
-5.45775
-5.45509
-5.45236
-5.45339
-5.45519
-5.45583
-5.45864
-5.46024
-5.45982
-5.45875
-5.46062
-5.46148
-5.46092
-5.46169
-5.46101
-5.46158
-5.45846
-5.45919
-5.45878
-5.45843
-5.45766
-5.45815
-5.45795
-5.46022
-5.45899
-5.46094
-5.46146
-5.46148
-5.45876
-5.45918
-5.45794
-5.45929
-5.45676
-5.45683
-5.45726
-5.4558
-5.45739
-5.45559
-5.45432
-5.45421
-5.45711
-5.45776
-5.45668
-5.4583
-5.46061
-5.46097
-5.45749
-5.45712
-5.45577
-5.45392
-5.45163
-5.4512
-5.45032
-5.45185
-5.45405
-5.45296
-5.45277
-5.45253
-5.45396
-5.45524
-5.45419
-5.45436
-5.45724
-5.45939
-5.45932
-5.46043
-5.46042
-5.45804
-5.45797
-5.45391
-5.45219
-5.45168
-5.45284
-5.45601
-5.45524
-5.45587
-5.45483
-5.45205
-5.45216
-5.4517
-5.45502
-5.45665
-5.4565
-5.45767
-5.45935
-5.46013
-5.46091
-5.4604
-5.46057
-5.4602
-5.4594
-5.45794
-5.45784
-5.45749
-5.4559
-5.45562
-5.45312
-5.45304
-5.45135
-5.45075
-5.45193
-5.45313
-5.45343
-5.45544
-5.45729
-5.45921
-5.45803
-5.45586
-5.45254
-5.45314
-5.45035
-5.4511
-5.45154
-5.45068
-5.44981
-5.45015
-5.45137
-5.45213
-5.45396
-5.45411
-5.45595
-5.45902
-5.45775
-5.45803
-5.45642
-5.45729
-5.45431
-5.45434
-5.45451
-5.45416
-5.45555
-5.45513
-5.45548
-5.45656
-5.45733
-5.45678
-5.45714
-5.45843
-5.45968
-5.45799
-5.45822
-5.45749
-5.45549
-5.45388
-5.45623
-5.45863
-5.45945
-5.45961
-5.46039
-5.45759
-5.45801
-5.45743
-5.45907
-5.45773
-5.45727
-5.45609
-5.45621
-5.4551
-5.45736
-5.4575
-5.45716
-5.45984
-5.46122
-5.46215
-5.46418
-5.46281
-5.46296
-5.46249
-5.46174
-5.45842
-5.45662
-5.45623
-5.45589
-5.455
-5.45591
-5.45399
-5.45201
-5.45303
-5.45357
-5.45558
-5.4535
-5.45275
-5.45572
-5.45432
-5.45633
-5.45478
-5.45429
-5.45569
-5.45533
-5.45566
-5.45508
-5.45486
-5.45558
-5.45462
-5.45559
-5.45701
-5.45868
-5.45904
-5.45775
-5.45665
-5.45625
-5.45612
-5.45619
-5.45737
-5.45806
-5.45697
-5.45514
-5.45619
-5.456
-5.45626
-5.45572
-5.45762
-5.45768
-5.45776
-5.45709
-5.45913
-5.45736
-5.45757
-5.45856
-5.45813
-5.45773
-5.45877
-5.45651
-5.45686
-5.45624
-5.45487
-5.45418
-5.45629
-5.45272
-5.45284
-5.45376
-5.45485
-5.4559
-5.4564
-5.45781
-5.45923
-5.45866
-5.46142
-5.46044
-5.45972
-5.4602
-5.46102
-5.46074
-5.46113
-5.46093
-5.46045
-5.45936
-5.45927
-5.45566
-5.45694
-5.45633
-5.45382
-5.45102
-5.45055
-5.45247
-5.45392
-5.45398
-5.45519
-5.45554
-5.45559
-5.45628
-5.4579
-5.45817
-5.46034
-5.46113
-5.46209
-5.45925
-5.45877
-5.45937
-5.45917
-5.45855
-5.45885
-5.45851
-5.45662
-5.45804
-5.45598
-5.45528
-5.45661
-5.45838
-5.45575
-5.45326
-5.4509
-5.45188
-5.45001
-5.4514
-5.45084
-5.4509
-5.45093
-5.45187
-5.45439
-5.4559
-5.45765
-5.45899
-5.45924
-5.46039
-5.45923
-5.45965
-5.45968
-5.45768
-5.45592
-5.45707
-5.45703
-5.45847
-5.45589
-5.45505
-5.45489
-5.45442
-5.4573
-5.45851
-5.4613
-5.46057
-5.46049
-5.45929
-5.45807
-5.45832
-5.45786
-5.46061
-5.46432
-5.46287
-5.46275
-5.4623
-5.46147
-5.4587
-5.45864
-5.45828
-5.45915
-5.45937
-5.46159
-5.46177
-5.46406
-5.46476
-5.46461
-5.46314
-5.46147
-5.46295
-5.45984
-5.45927
-5.45634
-5.45436
-5.45148
-5.44918
-5.44924
-5.4479
-5.44843
-5.44912
-5.45003
-5.45173
-5.45391
-5.45264
-5.45198
-5.45411
-5.45368
-5.4546
-5.45555
-5.45612
-5.45595
-5.45826
-5.45754
-5.45899
-5.45812
-5.4572
-5.45631
-5.45805
-5.45699
-5.45511
-5.45342
-5.4555
-5.45586
-5.45638
-5.45699
-5.45828
-5.4566
-5.45838
-5.4603
-5.45877
-5.45733
-5.45699
-5.45817
-5.45513
-5.45573
-5.4545
-5.45658
-5.45646
-5.45574
-5.45409
-5.45735
-5.45643
-5.45485
-5.45553
-5.45556
-5.45626
-5.45574
-5.45501
-5.45538
-5.45294
-5.45346
-5.45398
-5.45701
-5.45737
-5.45829
-5.45838
-5.4592
-5.45936
-5.45954
-5.45954
-5.45732
-5.45991
-5.45874
-5.46163
-5.46322
-5.46221
-5.46091
-5.46082
-5.45719
-5.45443
-5.45271
-5.45082
-5.45136
-5.45072
-5.4505
-5.45004
-5.45031
-5.45128
-5.45162
-5.45195
-5.45326
-5.45552
-5.45479
-5.45715
-5.45864
-5.4586
-5.45904
-5.45812
-5.45723
-5.45711
-5.45555
-5.45614
-5.45468
-5.45509
-5.4564
-5.45823
-5.45819
-5.45643
-5.45669
-5.4579
-5.45747
-5.46001
-5.45912
-5.45817
-5.45793
-5.46172
-5.45984
-5.45938
-5.4583
-5.45747
-5.45687
-5.45493
-5.45237
-5.45156
-5.45286
-5.45305
-5.45339
-5.45185
-5.45225
-5.45455
-5.45674
-5.45589
-5.45753
-5.45881
-5.45786
-5.45734
-5.45723
-5.45685
-5.45641
-5.45747
-5.45709
-5.45591
-5.45593
-5.45783
-5.45681
-5.45583
-5.45524
-5.45665
-5.4568
-5.45408
-5.45302
-5.45559
-5.45629
-5.45766
-5.45736
-5.4576
-5.45614
-5.45827
-5.45967
-5.45921
-5.46211
-5.46263
-5.46138
-5.46025
-5.4578
-5.45406
-5.4515
-5.45264
-5.44997
-5.44825
-5.4483
-5.45089
-5.45215
-5.45229
-5.45432
-5.45599
-5.45702
-5.45668
-5.45601
-5.45742
-5.45812
-5.45844
-5.45702
-5.45962
-5.46041
-5.45849
-5.45782
-5.45945
-5.45661
-5.4597
-5.46033
-5.46045
-5.46073
-5.45857
-5.45784
-5.45947
-5.45793
-5.45674
-5.45586
-5.4543
-5.45495
-5.45783
-5.4584
-5.45959
-5.46042
-5.45888
-5.46043
-5.45827
-5.45918
-5.45994
-5.4603
-5.45837
-5.45779
-5.4583
-5.45604
-5.45652
-5.45549
-5.45516
-5.45393
-5.45414
-5.45462
-5.45607
-5.45778
-5.45563
-5.45584
-5.45664
-5.45827
-5.4595
-5.45747
-5.45619
-5.45477
-5.45531
-5.45403
-5.45236
-5.45206
-5.4529
-5.45583
-5.4565
-5.45724
-5.45817
-5.46081
-5.46291
-5.46098
-5.46024
-5.46099
-5.46064
-5.45979
-5.4604
-5.45893
-5.45933
-5.45909
-5.45828
-5.45794
-5.45741
-5.45732
-5.45827
-5.45663
-5.45531
-5.45494
-5.45491
-5.45489
-5.45722
-5.45679
-5.45653
-5.45967
-5.46027
-5.45881
-5.45875
-5.46003
-5.45914
-5.45969
-5.4592
-5.45742
-5.45731
-5.4573
-5.45643
-5.4566
-5.45556
-5.45686
-5.45765
-5.45571
-5.45622
-5.45525
-5.45558
-5.4545
-5.45483
-5.45685
-5.45476
-5.45541
-5.45371
-5.45233
-5.452
-5.45282
-5.4522
-5.45202
-5.45086
-5.44864
-5.44824
-5.45004
-5.45185
-5.45145
-5.45145
-5.45115
-5.45408
-5.45694
-5.45587
-5.45415
-5.45283
-5.45169
-5.45134
-5.45103
-5.45312
-5.44931
-5.45091
-5.449
-5.44805
-5.44768
-5.44518
-5.44648
-5.44854
-5.44987
-5.45088
-5.45363
-5.45419
-5.45388
-5.45411
-5.45366
-5.45545
-5.45554
-5.45642
-5.45575
-5.4574
-5.45791
-5.45807
-5.45739
-5.45697
-5.45591
-5.45448
-5.45258
-5.4553
-5.4561
-5.45717
-5.45749
-5.46054
-5.46336
-5.46401
-5.46258
-5.46112
-5.46204
-5.45897
-5.45743
-5.45603
-5.45497
-5.4531
-5.45196
-5.45257
-5.45282
-5.45418
-5.45454
-5.45272
-5.45385
-5.45485
-5.45643
-5.45771
-5.45921
-5.45809
-5.45772
-5.45728
-5.4562
-5.4551
-5.4562
-5.45661
-5.45734
-5.45722
-5.45795
-5.45795
-5.4556
-5.45635
-5.4575
-5.45699
-5.4586
-5.45773
-5.45564
-5.45467
-5.45588
-5.45423
-5.45407
-5.4529
-5.45268
-5.4559
-5.45558
-5.45446
-5.45663
-5.45783
-5.4581
-5.45626
-5.45728
-5.45773
-5.46028
-5.46075
-5.4588
-5.45762
-5.45877
-5.45895
-5.45815
-5.457
-5.45716
-5.45901
-5.45995
-5.45869
-5.46002
-5.4597
-5.46154
-5.46101
-5.45904
-5.45889
-5.45864
-5.45699
-5.45586
-5.45658
-5.45596
-5.45537
-5.45652
-5.45685
-5.45503
-5.45301
-5.45209
-5.45104
-5.45281
-5.45351
-5.45436
-5.45361
-5.45367
-5.45542
-5.45622
-5.45641
-5.45667
-5.45513
-5.45445
-5.45244
-5.45504
-5.45617
-5.45528
-5.45565
-5.45696
-5.45693
-5.45745
-5.45841
-5.46164
-5.46342
-5.46359
-5.46301
-5.46264
-5.46416
-5.46154
-5.46009
-5.45893
-5.45588
-5.4549
-5.45422
-5.45495
-5.45271
-5.45365
-5.45406
-5.45433
-5.45577
-5.45559
-5.45622
-5.4599
-5.4595
-5.45841
-5.45844
-5.45464
-5.45334
-5.45396
-5.45391
-5.456
-5.45715
-5.45815
-5.45795
-5.45687
-5.45823
-5.45572
-5.45497
-5.4538
-5.45222
-5.45278
-5.4541
-5.45546
-5.45581
-5.45548
-5.45444
-5.45468
-5.45625
-5.45732
-5.45995
-5.46058
-5.46385
-5.46258
-5.46363
-5.46345
-5.46188
-5.46172
-5.45898
-5.45704
-5.45638
-5.45514
-5.45528
-5.45577
-5.45586
-5.45538
-5.45676
-5.45854
-5.45999
-5.45855
-5.45726
-5.45627
-5.456
-5.45743
-5.45887
-5.4609
-5.45765
-5.45788
-5.45517
-5.45575
-5.45157
-5.45107
-5.45292
-5.45258
-5.45397
-5.45267
-5.45495
-5.45696
-5.45762
-5.45858
-5.46144
-5.46148
-5.46292
-5.46138
-5.45995
-5.46133
-5.46138
-5.46083
-5.46232
-5.46169
-5.45992
-5.45735
-5.45753
-5.45728
-5.45598
-5.45626
-5.45709
-5.45898
-5.4601
-5.46097
-5.4596
-5.46095
-5.45996
-5.45892
-5.45879
-5.45755
-5.45715
-5.45861
-5.45883
-5.45731
-5.45606
-5.4547
-5.45725
-5.45705
-5.45661
-5.45439
-5.45638
-5.45816
-5.45784
-5.46054
-5.45874
-5.45852
-5.46046
-5.45873
-5.45657
-5.45531
-5.45306
-5.45181
-5.4526
-5.45287
-5.45458
-5.45578
-5.4561
-5.45813
-5.45698
-5.4578
-5.45736
-5.45754
-5.45761
-5.45747
-5.45898
-5.45956
-5.4577
-5.45744
-5.45597
-5.45561
-5.45732
-5.4543
-5.45428
-5.45302
-5.45342
-5.45156
-5.45197
-5.45305
-5.45705
-5.45715
-5.45817
-5.45844
-5.45736
-5.45825
-5.45963
-5.46159
-5.45763
-5.45705
-5.45806
-5.45789
-5.459
-5.45907
-5.45815
-5.45797
-5.45578
-5.45467
-5.45506
-5.45504
-5.45588
-5.45527
-5.45611
-5.45579
-5.45657
-5.45679
-5.45865
-5.45822
-5.45772
-5.45844
-5.45902
-5.46038
-5.45792
-5.45648
-5.45674
-5.45584
-5.45548
-5.45452
-5.45376
-5.45107
-5.45074
-5.4492
-5.4486
-5.4498
-5.45103
-5.45214
-5.45466
-5.45588
-5.45483
-5.45544
-5.45557
-5.45442
-5.45312
-5.45336
-5.45028
-5.45159
-5.45358
-5.4539
-5.45476
-5.45296
-5.45472
-5.45654
-5.45977
-5.4579
-5.45769
-5.45868
-5.46136
-5.46043
-5.46004
-5.45871
-5.45759
-5.45659
-5.45494
-5.45248
-5.45247
-5.45414
-5.45534
-5.45777
-5.45736
-5.45791
-5.45718
-5.45752
-5.45744
-5.45702
-5.4518
-5.45318
-5.45149
-5.45286
-5.4563
-5.45589
-5.45774
-5.45921
-5.459
-5.45903
-5.45861
-5.45738
-5.45896
-5.45754
-5.45581
-5.45514
-5.45524
-5.4539
-5.45368
-5.45357
-5.45191
-5.4522
-5.45118
-5.45045
-5.44934
-5.4508
-5.45129
-5.45243
-5.45418
-5.45551
-5.45708
-5.45636
-5.45506
-5.45547
-5.45562
-5.45577
-5.45684
-5.45782
-5.45772
-5.4575
-5.45648
-5.45661
-5.45601
-5.45609
-5.45439
-5.4533
-5.45323
-5.45385
-5.4528
-5.45411
-5.45566
-5.45605
-5.45812
-5.46025
-5.46022
-5.4607
-5.46053
-5.4588
-5.46071
-5.46065
-5.4611
-5.4587
-5.45705
-5.4585
-5.45738
-5.45863
-5.45685
-5.45536
-5.45359
-5.45344
-5.45536
-5.45776
-5.45853
-5.45898
-5.45793
-5.45875
-5.45861
-5.4579
-5.45667
-5.45501
-5.4562
-5.45411
-5.45419
-5.45405
-5.45351
-5.45368
-5.4538
-5.45544
-5.4577
-5.45848
-5.45737
-5.45591
-5.45458
-5.45377
-5.45534
-5.45718
-5.45872
-5.45907
-5.46129
-5.46044
-5.46301
-5.46196
-5.46098
-5.4596
-5.45862
-5.45687
-5.45769
-5.46044
-5.45991
-5.46152
-5.46129
-5.46168
-5.46194
-5.46169
-5.46095
-5.46301
-5.46278
-5.46002
-5.45832
-5.45577
-5.45563
-5.4553
-5.45766
-5.45742
-5.45739
-5.45875
-5.45825
-5.45852
-5.45772
-5.45626
-5.45522
-5.45564
-5.45206
-5.45225
-5.45355
-5.45392
-5.4546
-5.45301
-5.45505
-5.45726
-5.45734
-5.45839
-5.45987
-5.45965
-5.4599
-5.45909
-5.45802
-5.45727
-5.45676
-5.45601
-5.45567
-5.4547
-5.45487
-5.45313
-5.45454
-5.45388
-5.45146
-5.45053
-5.45045
-5.45415
-5.45645
-5.45603
-5.4555
-5.45366
-5.45219
-5.45249
-5.45106
-5.45114
-5.452
-5.45224
-5.45085
-5.45036
-5.45173
-5.45207
-5.45469
-5.4552
-5.45536
-5.45646
-5.45903
-5.45803
-5.45785
-5.45807
-5.45894
-5.46072
-5.45953
-5.45935
-5.45831
-5.45785
-5.45709
-5.45651
-5.45591
-5.45445
-5.45565
-5.45642
-5.45712
-5.45663
-5.45787
-5.45904
-5.45832
-5.45676
-5.4537
-5.45166
-5.44931
-5.44996
-5.45072
-5.45131
-5.45519
-5.45667
-5.45815
-5.45794
-5.45614
-5.45553
-5.45631
-5.45414
-5.45301
-5.45619
-5.45866
-5.46112
-5.45908
-5.46337
-5.46298
-5.4622
-5.46058
-5.4596
-5.45776
-5.45418
-5.45445
-5.45404
-5.45329
-5.45442
-5.45508
-5.45646
-5.45517
-5.45533
-5.45521
-5.45548
-5.4549
-5.45423
-5.45387
-5.45521
-5.456
-5.45658
-5.45628
-5.45632
-5.45629
-5.45975
-5.45928
-5.45689
-5.45653
-5.45529
-5.45543
-5.45565
-5.45528
-5.45435
-5.45446
-5.45653
-5.45885
-5.46036
-5.45966
-5.45932
-5.45714
-5.45675
-5.4557
-5.45411
-5.4527
-5.45248
-5.45281
-5.45364
-5.45428
-5.45564
-5.4567
-5.45771
-5.45894
-5.45909
-5.4598
-5.45822
-5.45733
-5.45523
-5.45551
-5.45753
-5.45732
-5.45643
-5.45637
-5.45614
-5.45607
-5.45619
-5.4565
-5.45864
-5.45937
-5.45843
-5.45851
-5.45681
-5.45538
-5.45747
-5.45553
-5.45328
-5.45413
-5.4557
-5.45611
-5.45612
-5.45684
-5.4577
-5.45809
-5.46055
-5.46105
-5.4595
-5.45874
-5.45849
-5.45786
-5.45661
-5.45353
-5.45322
-5.45215
-5.45255
-5.45269
-5.45281
-5.45413
-5.45637
-5.45771
-5.45855
-5.46112
-5.46206
-5.46507
-5.46579
-5.46351
-5.46244
-5.46109
-5.46025
-5.45911
-5.45587
-5.45648
-5.45456
-5.45335
-5.45275
-5.45518
-5.45502
-5.45611
-5.45719
-5.45801
-5.45665
-5.45691
-5.45742
-5.45738
-5.45572
-5.45568
-5.45636
-5.45499
-5.456
-5.45627
-5.45425
-5.45411
-5.4541
-5.45345
-5.45431
-5.45501
-5.45592
-5.45811
-5.45908
-5.46055
-5.45925
-5.45899
-5.45737
-5.45824
-5.45481
-5.45558
-5.45703
-5.45816
-5.45826
-5.45888
-5.46097
-5.46292
-5.4625
-5.46392
-5.46331
-5.46262
-5.45998
-5.45515
-5.45083
-5.45062
-5.45165
-5.45039
-5.4523
-5.4531
-5.45526
-5.4554
-5.45698
-5.45896
-5.45777
-5.458
-5.45845
-5.45696
-5.45747
-5.45839
-5.45866
-5.45663
-5.45778
-5.46021
-5.45911
-5.45741
-5.45637
-5.45622
-5.45529
-5.45551
-5.4553
-5.4531
-5.45454
-5.45423
-5.45331
-5.45408
-5.45286
-5.45268
-5.45293
-5.45479
-5.45569
-5.45511
-5.45514
-5.45397
-5.45392
-5.45341
-5.45238
-5.44981
-5.4501
-5.44992
-5.45116
-5.45161
-5.45588
-5.45503
-5.45658
-5.45732
-5.45786
-5.45944
-5.45975
-5.46007
-5.46103
-5.46063
-5.4608
-5.46372
-5.46353
-5.46057
-5.46002
-5.45875
-5.45848
-5.4587
-5.45978
-5.45907
-5.45902
-5.45919
-5.45898
-5.4598
-5.45789
-5.4578
-5.4588
-5.45564
-5.45379
-5.45452
-5.45485
-5.45633
-5.45665
-5.45579
-5.45316
-5.45339
-5.45041
-5.4505
-5.45083
-5.45267
-5.45208
-5.45253
-5.45261
-5.45357
-5.45572
-5.45651
-5.4566
-5.45568
-5.45567
-5.45754
-5.45803
-5.45916
-5.458
-5.4578
-5.45728
-5.45613
-5.45637
-5.45774
-5.45736
-5.45872
-5.46107
-5.45975
-5.45825
-5.45782
-5.45618
-5.45595
-5.45425
-5.45441
-5.45259
-5.45343
-5.44988
-5.44849
-5.44837
-5.44695
-5.4481
-5.44821
-5.45173
-5.4547
-5.45543
-5.45575
-5.45783
-5.45964
-5.45913
-5.46115
-5.46122
-5.4614
-5.46051
-5.45834
-5.45565
-5.45323
-5.45376
-5.45348
-5.456
-5.45889
-5.46147
-5.46396
-5.46353
-5.46208
-5.46206
-5.46079
-5.45981
-5.4593
-5.45915
-5.45558
-5.45346
-5.4543
-5.45663
-5.45764
-5.45719
-5.4572
-5.4545
-5.45401
-5.45256
-5.45336
-5.45248
-5.45604
-5.45794
-5.4579
-5.45954
-5.45761
-5.45459
-5.45465
-5.45484
-5.45431
-5.45224
-5.45073
-5.45183
-5.45194
-5.45358
-5.4563
-5.45671
-5.45761
-5.45988
-5.46155
-5.4633
-5.46291
-5.46142
-5.45986
-5.46187
-5.46172
-5.46044
-5.45969
-5.45972
-5.45975
-5.46032
-5.45845
-5.45778
-5.45872
-5.45753
-5.45749
-5.45827
-5.45918
-5.45788
-5.45886
-5.45953
-5.45987
-5.45988
-5.46083
-5.45914
-5.45805
-5.45725
-5.45672
-5.45679
-5.45838
-5.45662
-5.45603
-5.45564
-5.45586
-5.45294
-5.4522
-5.45241
-5.4532
-5.45513
-5.45839
-5.45895
-5.45899
-5.45784
-5.4594
-5.45952
-5.45987
-5.46049
-5.46074
-5.46063
-5.4592
-5.4571
-5.45631
-5.45652
-5.4597
-5.45974
-5.45828
-5.45759
-5.45699
-5.45552
-5.45507
-5.45627
-5.45587
-5.45584
-5.45587
-5.45694
-5.45811
-5.45965
-5.4621
-5.46079
-5.4608
-5.45984
-5.45992
-5.46016
-5.45972
-5.45772
-5.45526
-5.45371
-5.45341
-5.45338
-5.45286
-5.45337
-5.4535
-5.45546
-5.45664
-5.45449
-5.45493
-5.45447
-5.45479
-5.45752
-5.45841
-5.45802
-5.45881
-5.46025
-5.45768
-5.45794
-5.45655
-5.4559
-5.45356
-5.45166
-5.45206
-5.45106
-5.45291
-5.45259
-5.45335
-5.45172
-5.45149
-5.45334
-5.45382
-5.45402
-5.45597
-5.45644
-5.45635
-5.45626
-5.45638
-5.45825
-5.45928
-5.45952
-5.45875
-5.45838
-5.4575
-5.45961
-5.46007
-5.46069
-5.45786
-5.45906
-5.45786
-5.46051
-5.45957
-5.45704
-5.45748
-5.45635
-5.45855
-5.45897
-5.45836
-5.45653
-5.46059
-5.46034
-5.45903
-5.45863
-5.46001
-5.45871
-5.45943
-5.45752
-5.45509
-5.45353
-5.4551
-5.45812
-5.45896
-5.45949
-5.46038
-5.45938
-5.45745
-5.45946
-5.45727
-5.45794
-5.45943
-5.46003
-5.45874
-5.45952
-5.45795
-5.45606
-5.45392
-5.45505
-5.45266
-5.4526
-5.45403
-5.45421
-5.45577
-5.45567
-5.45588
-5.45648
-5.45642
-5.4581
-5.45779
-5.4579
-5.4578
-5.46001
-5.46148
-5.46245
-5.4619
-5.45953
-5.45566
-5.45646
-5.45519
-5.45519
-5.45532
-5.45317
-5.45148
-5.45192
-5.45315
-5.4543
-5.45451
-5.45615
-5.45521
-5.45526
-5.45411
-5.45573
-5.45828
-5.45984
-5.45845
-5.45733
-5.45872
-5.45844
-5.45847
-5.45722
-5.45698
-5.45739
-5.45741
-5.45503
-5.45442
-5.45306
-5.45246
-5.45381
-5.45338
-5.45307
-5.45457
-5.45563
-5.4593
-5.45846
-5.45643
-5.45682
-5.45736
-5.45645
-5.45577
-5.45511
-5.45433
-5.45395
-5.45313
-5.4551
-5.45773
-5.45744
-5.45846
-5.4599
-5.46205
-5.46044
-5.46077
-5.45779
-5.45659
-5.45411
-5.45561
-5.45652
-5.45608
-5.45511
-5.45867
-5.46015
-5.46113
-5.46222
-5.46249
-5.46032
-5.4616
-5.46082
-5.45929
-5.45705
-5.45834
-5.45649
-5.45649
-5.4549
-5.454
-5.45407
-5.45496
-5.45488
-5.45725
-5.45776
-5.45829
-5.45885
-5.45888
-5.45813
-5.45828
-5.45804
-5.45772
-5.45763
-5.45718
-5.45616
-5.45504
-5.45333
-5.45176
-5.45352
-5.45423
-5.45401
-5.45331
-5.45427
-5.45655
-5.45891
-5.45916
-5.45899
-5.45715
-5.45624
-5.45691
-5.45562
-5.45631
-5.45837
-5.45822
-5.46003
-5.45981
-5.45688
-5.45711
-5.45735
-5.45807
-5.45751
-5.45832
-5.45756
-5.4609
-5.46026
-5.46348
-5.46125
-5.45967
-5.45887
-5.4565
-5.45416
-5.45346
-5.4533
-5.45469
-5.45616
-5.45648
-5.45799
-5.45963
-5.46079
-5.45858
-5.45891
-5.45796
-5.45739
-5.45753
-5.45512
-5.45269
-5.45218
-5.45168
-5.45059
-5.44964
-5.4514
-5.4526
-5.45384
-5.45371
-5.45735
-5.45786
-5.45942
-5.45878
-5.46023
-5.46095
-5.46041
-5.46196
-5.46048
-5.45916
-5.45889
-5.46022
-5.45977
-5.45975
-5.45885
-5.45842
-5.45831
-5.45584
-5.45677
-5.45635
-5.4583
-5.45867
-5.46154
-5.45896
-5.45686
-5.45548
-5.45604
-5.45455
-5.45272
-5.4528
-5.45276
-5.45606
-5.45711
-5.45553
-5.45809
-5.45864
-5.4575
-5.45794
-5.45844
-5.46039
-5.45958
-5.45981
-5.46055
-5.45933
-5.46001
-5.45945
-5.45847
-5.45656
-5.45506
-5.45402
-5.45442
-5.45404
-5.45359
-5.45465
-5.45419
-5.45397
-5.45189
-5.45215
-5.45155
-5.45116
-5.45205
-5.45331
-5.45556
-5.45428
-5.45567
-5.45627
-5.4565
-5.45766
-5.45835
-5.45649
-5.45581
-5.45655
-5.45841
-5.45983
-5.45822
-5.45871
-5.45866
-5.45771
-5.45656
-5.45534
-5.45651
-5.45636
-5.4573
-5.45812
-5.45781
-5.45746
-5.461
-5.46294
-5.4615
-5.46509
-5.46573
-5.46355
-5.46288
-5.46316
-5.46118
-5.45992
-5.45909
-5.45579
-5.45416
-5.45415
-5.45315
-5.45313
-5.4532
-5.45347
-5.45398
-5.45444
-5.45223
-5.45403
-5.45482
-5.45576
-5.45812
-5.45804
-5.45789
-5.45932
-5.45946
-5.46019
-5.45919
-5.46029
-5.45962
-5.45952
-5.46103
-5.46254
-5.46308
-5.46264
-5.45993
-5.46122
-5.46042
-5.45956
-5.45835
-5.45802
-5.45649
-5.45814
-5.45862
-5.45788
-5.4588
-5.4585
-5.45803
-5.45652
-5.45668
-5.45733
-5.45752
-5.45947
-5.4604
-5.4595
-5.45608
-5.45345
-5.45437
-5.45484
-5.45139
-5.44993
-5.45015
-5.45303
-5.45337
-5.45494
-5.45721
-5.45865
-5.46037
-5.46295
-5.46516
-5.46508
-5.46597
-5.46713
-5.46634
-5.46206
-5.46029
-5.46058
-5.46114
-5.46013
-5.45887
-5.45665
-5.45855
-5.4586
-5.45896
-5.45828
-5.45814
-5.4566
-5.45496
-5.45718
-5.4572
-5.45966
-5.45746
-5.45796
-5.45457
-5.45524
-5.45669
-5.45665
-5.45679
-5.45493
-5.45732
-5.45812
-5.45757
-5.45586
-5.45589
-5.45485
-5.4536
-5.45334
-5.45099
-5.45144
-5.45413
-5.45611
-5.45516
-5.45453
-5.45498
-5.45501
-5.4553
-5.45261
-5.45373
-5.45574
-5.45707
-5.4555
-5.4556
-5.45765
-5.4574
-5.4597
-5.46099
-5.45942
-5.45761
-5.45397
-5.45146
-5.45333
-5.45214
-5.453
-5.4542
-5.45563
-5.4562
-5.45458
-5.45568
-5.45668
-5.45509
-5.45491
-5.45362
-5.45186
-5.45021
-5.45081
-5.44999
-5.44965
-5.45045
-5.44982
-5.45103
-5.45188
-5.4524
-5.45265
-5.45201
-5.45151
-5.45278
-5.45392
-5.45233
-5.45154
-5.45475
-5.45379
-5.45635
-5.45715
-5.45482
-5.45671
-5.45633
-5.45567
-5.45618
-5.45381
-5.45548
-5.45383
-5.45372
-5.45577
-5.45508
-5.45414
-5.45479
-5.45591
-5.45718
-5.45547
-5.45515
-5.45729
-5.45929
-5.46139
-5.46317
-5.46258
-5.46018
-5.46076
-5.46108
-5.46218
-5.46225
-5.46144
-5.46176
-5.46063
-5.45926
-5.4599
-5.45773
-5.45798
-5.45875
-5.46068
-5.46006
-5.45998
-5.45929
-5.46113
-5.46167
-5.4607
-5.45905
-5.45948
-5.45982
-5.45975
-5.45595
-5.45675
-5.45754
-5.45765
-5.45961
-5.45953
-5.45841
-5.4589
-5.45819
-5.45636
-5.4583
-5.45718
-5.4565
-5.45878
-5.46005
-5.46116
-5.46067
-5.46012
-5.45785
-5.45655
-5.45382
-5.45147
-5.45291
-5.45174
-5.45093
-5.44974
-5.44964
-5.4498
-5.4511
-5.45167
-5.45133
-5.4532
-5.45549
-5.45529
-5.45439
-5.45412
-5.45518
-5.45607
-5.4574
-5.45796
-5.46209
-5.46281
-5.46256
-5.46115
-5.45997
-5.45745
-5.4574
-5.45808
-5.4574
-5.45787
-5.4575
-5.45605
-5.45462
-5.45432
-5.45493
-5.45321
-5.45494
-5.45549
-5.45641
-5.45857
-5.45868
-5.4567
-5.4559
-5.45408
-5.45522
-5.45482
-5.45608
-5.45756
-5.45753
-5.45753
-5.45667
-5.45505
-5.4515
-5.45136
-5.45147
-5.44994
-5.45026
-5.44933
-5.44996
-5.45211
-5.45321
-5.45235
-5.45249
-5.45167
-5.45146
-5.45278
-5.45366
-5.4544
-5.45468
-5.45747
-5.45566
-5.45612
-5.45504
-5.45605
-5.456
-5.45777
-5.45678
-5.45717
-5.45854
-5.45532
-5.45497
-5.45713
-5.45695
-5.45864
-5.45831
-5.45791
-5.45846
-5.45842
-5.45918
-5.45948
-5.45931
-5.45953
-5.45898
-5.46132
-5.45995
-5.45977
-5.45712
-5.4591
-5.4592
-5.45853
-5.45935
-5.4602
-5.4622
-5.46449
-5.46527
-5.46674
-5.4662
-5.46458
-5.46352
-5.46211
-5.45987
-5.46052
-5.45803
-5.45446
-5.45639
-5.45388
-5.45153
-5.45321
-5.45427
-5.45678
-5.4586
-5.45926
-5.46071
-5.45973
-5.45834
-5.45746
-5.45803
-5.4603
-5.46136
-5.46099
-5.46027
-5.46123
-5.46095
-5.46032
-5.45989
-5.45925
-5.45908
-5.46012
-5.45957
-5.4582
-5.45805
-5.45656
-5.45534
-5.45631
-5.45682
-5.45778
-5.45589
-5.45566
-5.45672
-5.45709
-5.4571
-5.45603
-5.45743
-5.45796
-5.45787
-5.45548
-5.45401
-5.45353
-5.45486
-5.45498
-5.45513
-5.45359
-5.45308
-5.45422
-5.45485
-5.45559
-5.45768
-5.46152
-5.46152
-5.46134
-5.45983
-5.4587
-5.45998
-5.45597
-5.45389
-5.45295
-5.45332
-5.45348
-5.45313
-5.45541
-5.45587
-5.45623
-5.45756
-5.45786
-5.45874
-5.45905
-5.45895
-5.45802
-5.45775
-5.45596
-5.45131
-5.45173
-5.45283
-5.4554
-5.45444
-5.45252
-5.4552
-5.4558
-5.45412
-5.45316
-5.45526
-5.45554
-5.45782
-5.45849
-5.45784
-5.45558
-5.4563
-5.45619
-5.45761
-5.45541
-5.45493
-5.45653
-5.45797
-5.45818
-5.45889
-5.45715
-5.45654
-5.45704
-5.45622
-5.45494
-5.456
-5.45706
-5.45701
-5.4566
-5.45538
-5.45382
-5.45271
-5.45317
-5.45435
-5.45723
-5.4581
-5.45896
-5.45827
-5.4608
-5.45947
-5.45728
-5.45658
-5.45448
-5.45492
-5.45342
-5.45523
-5.45653
-5.45764
-5.45562
-5.45399
-5.45662
-5.457
-5.45611
-5.45425
-5.45463
-5.45305
-5.45401
-5.45271
-5.4524
-5.45053
-5.44937
-5.45085
-5.45169
-5.4538
-5.45363
-5.45668
-5.4572
-5.4588
-5.46052
-5.45973
-5.46021
-5.46214
-5.46278
-5.46237
-5.45903
-5.45811
-5.45853
-5.4586
-5.45909
-5.45809
-5.45812
-5.4577
-5.45955
-5.458
-5.45779
-5.45922
-5.461
-5.4622
-5.46061
-5.4579
-5.45806
-5.45629
-5.4569
-5.45512
-5.45587
-5.45626
-5.45464
-5.4529
-5.45291
-5.45396
-5.45342
-5.45539
-5.45685
-5.45831
-5.45941
-5.45924
-5.45994
-5.45908
-5.45905
-5.45989
-5.46088
-5.46194
-5.45908
-5.4581
-5.45903
-5.45997
-5.46067
-5.46117
-5.46246
-5.46153
-5.46176
-5.46043
-5.45877
-5.45886
-5.45766
-5.45667
-5.4563
-5.45713
-5.45769
-5.45749
-5.45677
-5.45621
-5.4549
-5.45482
-5.45439
-5.45334
-5.45143
-5.45268
-5.45623
-5.45563
-5.4573
-5.45785
-5.45871
-5.46068
-5.4617
-5.46009
-5.46008
-5.45945
-5.45861
-5.45926
-5.45891
-5.45861
-5.45776
-5.45832
-5.45901
-5.45693
-5.45735
-5.45703
-5.45949
-5.45871
-5.46002
-5.46029
-5.46011
-5.45761
-5.45721
-5.45591
-5.45641
-5.45482
-5.45404
-5.45505
-5.45404
-5.45271
-5.4524
-5.45364
-5.45303
-5.45493
-5.457
-5.45931
-5.45779
-5.45859
-5.45796
-5.46146
-5.45928
-5.45931
-5.4595
-5.45749
-5.45835
-5.46
-5.46073
-5.46085
-5.45995
-5.45977
-5.45854
-5.4582
-5.45743
-5.45673
-5.45548
-5.45552
-5.45313
-5.453
-5.45467
-5.45643
-5.45664
-5.45791
-5.4568
-5.4567
-5.45579
-5.45701
-5.45802
-5.45907
-5.4576
-5.45498
-5.45615
-5.45654
-5.45635
-5.456
-5.45695
-5.45558
-5.45357
-5.45493
-5.45529
-5.45509
-5.45575
-5.45473
-5.45496
-5.45697
-5.45807
-5.45748
-5.45836
-5.45976
-5.45944
-5.46103
-5.46293
-5.46416
-5.46536
-5.46169
-5.46253
-5.46301
-5.46183
-5.46025
-5.46057
-5.45666
-5.45597
-5.45792
-5.45702
-5.45688
-5.45494
-5.45444
-5.45567
-5.45499
-5.45299
-5.4542
-5.45473
-5.45688
-5.45583
-5.45807
-5.45679
-5.45679
-5.45798
-5.45804
-5.45793
-5.45608
-5.4555
-5.45303
-5.45412
-5.45675
-5.45759
-5.45828
-5.4573
-5.45642
-5.45476
-5.45467
-5.4513
-5.45175
-5.4511
-5.45448
-5.45467
-5.45677
-5.45876
-5.45962
-5.46131
-5.46089
-5.45866
-5.45815
-5.45706
-5.45668
-5.45737
-5.4537
-5.45487
-5.45264
-5.45171
-5.45346
-5.45429
-5.45408
-5.45468
-5.45378
-5.454
-5.45435
-5.45666
-5.45721
-5.45778
-5.45929
-5.45914
-5.45741
-5.45841
-5.45801
-5.45791
-5.46046
-5.46086
-5.46049
-5.46031
-5.45995
-5.45904
-5.45816
-5.45794
-5.45643
-5.45654
-5.45695
-5.45732
-5.45799
-5.45674
-5.45425
-5.45341
-5.45485
-5.45726
-5.45742
-5.45764
-5.45759
-5.45754
-5.45707
-5.45708
-5.45947
-5.45845
-5.45967
-5.4581
-5.45804
-5.45752
-5.45862
-5.45825
-5.45601
-5.45557
-5.45678
-5.45597
-5.45549
-5.45755
-5.45945
-5.4581
-5.45695
-5.45915
-5.45654
-5.45788
-5.45835
-5.46
-5.45937
-5.45886
-5.45861
-5.45777
-5.45576
-5.45705
-5.45699
-5.4589
-5.45961
-5.45955
-5.46409
-5.46316
-5.46109
-5.45744
-5.45789
-5.45582
-5.45491
-5.45487
-5.45219
-5.45108
-5.45124
-5.45438
-5.45375
-5.45397
-5.45566
-5.45761
-5.45877
-5.46158
-5.45999
-5.45993
-5.45917
-5.45909
-5.45802
-5.4602
-5.45997
-5.45905
-5.45921
-5.46008
-5.46075
-5.45875
-5.45846
-5.45591
-5.45746
-5.46051
-5.46052
-5.45967
-5.45904
-5.45929
-5.45798
-5.45884
-5.45679
-5.45609
-5.4561
-5.45616
-5.45331
-5.45172
-5.45075
-5.45245
-5.45314
-5.45616
-5.45561
-5.45516
-5.45747
-5.45983
-5.45898
-5.46147
-5.46154
-5.46088
-5.45885
-5.45861
-5.45525
-5.45559
-5.45529
-5.45332
-5.45219
-5.45196
-5.45445
-5.4552
-5.45785
-5.45609
-5.4577
-5.45818
-5.45988
-5.46214
-5.46264
-5.46387
-5.46288
-5.46068
-5.45931
-5.45824
-5.45852
-5.45632
-5.4581
-5.45902
-5.45615
-5.45468
-5.45434
-5.45484
-5.45332
-5.45431
-5.45355
-5.4574
-5.45594
-5.45613
-5.45696
-5.45422
-5.45547
-5.45591
-5.45594
-5.45496
-5.45464
-5.45501
-5.45483
-5.45543
-5.45459
-5.45561
-5.45592
-5.45516
-5.45777
-5.45784
-5.45786
-5.4575
-5.45644
-5.45825
-5.45736
-5.45725
-5.45589
-5.45361
-5.45592
-5.45383
-5.45322
-5.45262
-5.4541
-5.45422
-5.45335
-5.45218
-5.45132
-5.45293
-5.45589
-5.45352
-5.45445
-5.4561
-5.45477
-5.45485
-5.45477
-5.45573
-5.45686
-5.45675
-5.45763
-5.45441
-5.45561
-5.45523
-5.45371
-5.45215
-5.4509
-5.45418
-5.4532
-5.45305
-5.45488
-5.45625
-5.45704
-5.4585
-5.45772
-5.45576
-5.45758
-5.45617
-5.45681
-5.45697
-5.45536
-5.45574
-5.4577
-5.45763
-5.45815
-5.45676
-5.45708
-5.45813
-5.45923
-5.45937
-5.45788
-5.45735
-5.45611
-5.45734
-5.45519
-5.45452
-5.45476
-5.45701
-5.45689
-5.45673
-5.45747
-5.4561
-5.4573
-5.45768
-5.4555
-5.45362
-5.45403
-5.45393
-5.45156
-5.45192
-5.45062
-5.44997
-5.45089
-5.4523
-5.45409
-5.45587
-5.45537
-5.45717
-5.45839
-5.46027
-5.45985
-5.45963
-5.46181
-5.46116
-5.46026
-5.45881
-5.4588
-5.45769
-5.45426
-5.45249
-5.45411
-5.45401
-5.45096
-5.45079
-5.45216
-5.4556
-5.45614
-5.45595
-5.45432
-5.4561
-5.45741
-5.45823
-5.45531
-5.45317
-5.45352
-5.4542
-5.45474
-5.454
-5.45563
-5.45672
-5.45648
-5.45862
-5.45968
-5.46175
-5.46277
-5.46179
-5.46015
-5.45736
-5.45581
-5.45717
-5.45988
-5.45874
-5.46087
-5.45983
-5.45598
-5.46068
-5.46098
-5.46134
-5.46138
-5.46171
-5.46103
-5.46037
-5.4585
-5.45671
