0     0     0
0.00784258     0     0
0.0156852     0     0
0.0235278     0     0
0.0313703     0     0
0.0392129     0     0
0.0470557     0     0
0.0548981     0     0
0.0627405     0     0
0.0705833     0     0
0.0784258     0     0
0.0862685     0     0
0.094111     0     0
0.101954     0     0
0.109796     0     0
0.117639     0     0
0.125481     0     0
0.133324     0     0
0.141167     0     0
0.149009     0     0
0.156852     0     0
0.164694     0     0
0.172537     0     0
0.18038     0     0
0.188222     0     0
0.196065     0     0
0.203907     0     0
0.21175     0     0
0.219592     0     0
0.227435     0     0
0.235278     0     0
0.24312     0     0
0.250963     0     0
0.258805     0     0
0.266648     0     0
0.274491     0     0
0.282333     0     0
0.290176     0     0
0.298018     8.46866e-05     1.09413e-05
0.305861     0.00345179     7.96567e-05
0.313703     0.0474096     0.000308583
0.321546     0.294211     0.00109367
0.329389     1.00755     0.00218982
0.337231     2.23814     0.00244742
0.345073     3.62685     0.0024076
0.352917     4.62291     0.00202202
0.36076     4.89391     0.00359417
0.368601     4.48848     0.00379659
0.376445     3.65804     0.00309149
0.384288     2.69369     0.00199912
0.392129     1.81577     0.00125322
0.399973     1.13243     0.00109572
0.407813     0.653854     0.0013151
0.415657     0.353704     0.00110224
0.423501     0.179879     0.000843336
0.431341     0.0890856     0.000597524
0.439185     0.0489137     0.000434781
0.447029     0.0419345     0.000394264
0.454869     0.0606878     0.000477067
0.462713     0.105468     0.000534466
0.470557     0.183627     0.000607399
0.478397     0.300719     0.000657978
0.486241     0.45361     0.000579031
0.494085     0.628245     0.0005979
0.501925     0.796981     0.000834071
0.509769     0.922148     0.00114875
0.517609     0.970819     0.00132138
0.525453     0.930499     0.00122876
0.533297     0.808424     0.000965647
0.541137     0.64103     0.000631666
0.548981     0.464754     0.000587723
0.556825     0.316913     0.000608493
0.564665     0.219452     0.000811522
0.572509     0.19173     0.00094324
0.580353     0.254928     0.00108997
0.588193     0.434362     0.00135847
0.596037     0.750004     0.0014599
0.603881     1.19744     0.00112235
0.611721     1.72735     0.000835931
0.619565     2.23449     0.00137152
0.627405     2.59642     0.0020492
0.635249     2.71311     0.00260284
0.643093     2.55856     0.00250766
0.650933     2.18108     0.00180158
0.658777     1.69005     0.000995112
0.666621     1.20121     0.00086726
0.674461     0.80217     0.00130881
0.682305     0.542691     0.00152065
0.690149     0.434272     0.00131855
0.697989     0.460913     0.00112708
0.705833     0.587347     0.000880288
0.713677     0.758226     0.000472292
0.721517     0.916282     0.000626005
0.729361     1.01416     0.000962599
0.737202     1.02196     0.00100795
0.745045     0.91905     0.000826902
0.752889     0.780487     0.000590082
0.76073     0.654096     0.000668065
0.768573     0.571203     0.00105356
0.776417     0.57274     0.00134967
