           1     5.00718     5.00718     4.99233
           2     4.88913     4.94815     3.48798
           3     5.15398     5.01676     2.88817
           4     5.00294     5.01331     2.49948
           5     4.78697     4.96804     2.21567
           6      5.3052     5.02423     2.04617
           7      4.8278     4.99617     1.88378
           8     5.14114     5.01429     1.76849
           9     4.66062       4.975     1.65455
          10     4.95675     4.97317     1.56896
          11     5.20929     4.99464     1.50251
          12     4.83935      4.9817     1.43478
          13     5.16191     4.99556     1.38234
          14     4.76792      4.9793     1.32772
          15     4.49681     4.94713      1.2747
          16     5.33951     4.97166     1.24051
          17     4.78246     4.96053     1.20075
          18     5.13235     4.97007     1.16914
          19     5.38262     4.99179     1.14308
          20     4.86184     4.98529     1.11266
           1     5.00718     5.00718     4.99233
           2     4.88913     4.94815     3.48798
           3     5.15398     5.01676     2.88817
           4     5.00294     5.01331     2.49948
           5     4.78697     4.96804     2.21567
           6      5.3052     5.02423     2.04617
           7      4.8278     4.99617     1.88378
           8     5.14114     5.01429     1.76849
           9     4.66062       4.975     1.65455
          10     4.95675     4.97317     1.56896
          11     5.20929     4.99464     1.50251
          12     4.83935      4.9817     1.43478
          13     5.16191     4.99556     1.38234
          14     4.76792      4.9793     1.32772
          15     4.49681     4.94713      1.2747
          16     5.33951     4.97166     1.24051
          17     4.78246     4.96053     1.20075
          18     5.13235     4.97007     1.16914
          19     5.38262     4.99179     1.14308
          20     4.86184     4.98529     1.11266
           1     5.00718     5.00718     4.99233
           2     4.88913     4.94815     3.48798
           3     5.15398     5.01676     2.88817
           4     5.00294     5.01331     2.49948
           5     4.78697     4.96804     2.21567
           6      5.3052     5.02423     2.04617
           7      4.8278     4.99617     1.88378
           8     5.14114     5.01429     1.76849
           9     4.66062       4.975     1.65455
          10     4.95675     4.97317     1.56896
          11     5.20929     4.99464     1.50251
          12     4.83935      4.9817     1.43478
          13     5.16191     4.99556     1.38234
          14     4.76792      4.9793     1.32772
          15     4.49681     4.94713      1.2747
          16     5.33951     4.97166     1.24051
          17     4.78246     4.96053     1.20075
          18     5.13235     4.97007     1.16914
          19     5.38262     4.99179     1.14308
          20     4.86184     4.98529     1.11266
           1     4.75449     4.75449     4.73753
           2     5.19971      4.9771     3.51171
           3     5.29532     5.08317     2.92909
           4     5.05327      5.0757     2.53228
           5     5.09366     5.07929     2.26628
           6     5.33427     5.12179     2.08634
           7     5.22438     5.13644     1.93698
           8     4.64795     5.07538     1.79107
           9     5.06494     5.07422     1.68803
          10     5.04152     5.07095     1.60023
          11     4.85295     5.05113     1.51973
          12     5.17853     5.06175     1.45803
          13     5.02959     5.05928     1.40008
          14     4.77602     5.03904     1.34381
          15     5.27834       5.055      1.3024
          16     4.85071     5.04223     1.25784
          17     5.15572     5.04891     1.22187
          18     4.59861     5.02389     1.18174
          19     5.01592     5.02347     1.15007
          20     5.20569     5.03258     1.12299
           1     4.91219     4.91219     4.89699
           2     5.07667     4.99443     3.52097
           3     4.85683     4.94856      2.8485
           4     5.40506     5.06269     2.52601
           5     5.02887     5.05592     2.25589
           6     5.18068     5.07672     2.06773
           7     5.25798     5.10261     1.92415
           8     5.14147     5.10747     1.80147
           9     4.65693     5.05741     1.68231
          10     5.27585     5.07925     1.60289
          11     4.94953     5.06746     1.52465
          12     4.73382     5.03966     1.45182
          13     5.30209     5.05984      1.4005
          14     4.95572     5.05241     1.34751
          15     4.79521     5.03526     1.29741
          16     5.22678     5.04723      1.2592
          17     5.00802     5.04492     1.22098
          18     5.02594     5.04387     1.18628
          19      4.5903        5.02     1.14934
          20     5.19137     5.02857     1.12214
           1     4.91219     4.91219     4.89699
           2     5.07667     4.99443     3.52097
           3     4.85683     4.94856      2.8485
           4     5.40506     5.06269     2.52601
           5     5.02887     5.05592     2.25589
           6     5.18068     5.07672     2.06773
           7     5.25798     5.10261     1.92415
           8     5.14147     5.10747     1.80147
           9     4.65693     5.05741     1.68231
          10     5.27585     5.07925     1.60289
          11     4.94953     5.06746     1.52465
          12     4.73382     5.03966     1.45182
          13     5.30209     5.05984      1.4005
          14     4.95572     5.05241     1.34751
          15     4.79521     5.03526     1.29741
          16     5.22678     5.04723      1.2592
          17     5.00802     5.04492     1.22098
          18     5.02594     5.04387     1.18628
          19      4.5903        5.02     1.14934
          20     5.19137     5.02857     1.12214
