           1    -0.48176    -0.48176           0
           2   -0.483816   -0.482788 0.000726906
           3   -0.484024     -0.4832 0.000589918
           4   -0.483448   -0.483262 0.000445685
           5    -0.48344   -0.483298 0.000357967
           6   -0.482576   -0.483177 0.000317867
           7   -0.482992   -0.483151 0.000273558
           8   -0.482568   -0.483078 0.000248876
           9   -0.482632   -0.483028 0.000226103
          10   -0.482048    -0.48293 0.000223743
          11   -0.483576   -0.482989  0.00021096
          12   -0.482664   -0.482962 0.000195112
          13   -0.483152   -0.482977  0.00018065
          14   -0.480984   -0.482834 0.000216678
          15   -0.480184   -0.482658 0.000264641
          16   -0.484232   -0.482756 0.000265766
          17   -0.482536   -0.482743 0.000250447
          18   -0.481576   -0.482678 0.000244782
          19   -0.483296   -0.482711 0.000234049
          20    -0.48504   -0.482827 0.000249646
           1    -0.48176    -0.48176           0
           2   -0.483816   -0.482788 0.000726906
           3   -0.484024     -0.4832 0.000589918
           4   -0.483448   -0.483262 0.000445685
           5    -0.48344   -0.483298 0.000357967
           6   -0.482576   -0.483177 0.000317867
           7   -0.482992   -0.483151 0.000273558
           8   -0.482568   -0.483078 0.000248876
           9   -0.482632   -0.483028 0.000226103
          10   -0.482048    -0.48293 0.000223743
          11   -0.483576   -0.482989  0.00021096
          12   -0.482664   -0.482962 0.000195112
          13   -0.483152   -0.482977  0.00018065
          14   -0.480984   -0.482834 0.000216678
          15   -0.480184   -0.482658 0.000264641
          16   -0.484232   -0.482756 0.000265766
          17   -0.482536   -0.482743 0.000250447
          18   -0.481576   -0.482678 0.000244782
          19   -0.483296   -0.482711 0.000234049
          20    -0.48504   -0.482827 0.000249646
           1    -0.48316    -0.48316           0
           2   -0.480936   -0.482048 0.000786303
           3   -0.483992   -0.482696 0.000744798
           4    -0.48248   -0.482642 0.000560552
           5   -0.483424   -0.482798 0.000469754
           6   -0.484272   -0.483044 0.000451119
           7   -0.481752   -0.482859 0.000422749
           8    -0.48172   -0.482717 0.000393166
           9   -0.481896   -0.482626 0.000359908
          10    -0.48156   -0.482519 0.000339331
          11   -0.483816   -0.482637 0.000328324
          12   -0.484024   -0.482753 0.000320661
          13    -0.48368   -0.482824 0.000303826
          14   -0.483264   -0.482855 0.000283745
          15   -0.482536   -0.482834 0.000265626
          16   -0.483112   -0.482851 0.000249592
          17    -0.48248    -0.48283 0.000235864
           1   -0.482584   -0.482584           0
           2   -0.481944   -0.482264 0.000226274
           3   -0.480128   -0.481552 0.000600598
           4   -0.485688   -0.482586  0.00100238
           5    -0.48264   -0.482597 0.000801964
           6   -0.483568   -0.482759 0.000684444
           7   -0.483512   -0.482866 0.000595067
           8    -0.48212   -0.482773 0.000527945
           9   -0.481344   -0.482614 0.000492582
          10   -0.481736   -0.482526 0.000451085
          11    -0.48228   -0.482504 0.000410633
          12   -0.483544   -0.482591 0.000385451
          13    -0.48464   -0.482748 0.000386695
          14    -0.48328   -0.482786 0.000360934
          15   -0.483088   -0.482806 0.000337432
          16   -0.481824   -0.482745  0.00032188
          17   -0.484408   -0.482843 0.000317463
          18   -0.481544   -0.482771 0.000307918
          19    -0.48168   -0.482713 0.000297014
          20   -0.483424   -0.482749 0.000284281
