           1    0.438819    0.438819           0
           2    0.448193    0.443506   0.0033144
           3    0.427336    0.438116  0.00492459
           4    0.487193    0.450385    0.011249
           5    0.437918    0.447892  0.00927145
           6    0.438366    0.446304  0.00786097
           7     0.45932    0.448163  0.00695442
           8    0.430733    0.445985  0.00641737
           9    0.410034     0.44199  0.00683541
          10    0.440322    0.441823  0.00615391
          11    0.446295     0.44223  0.00560787
          12    0.457065    0.443466  0.00527506
          13    0.460393    0.444768  0.00502741
          14    0.482666    0.447475  0.00534767
          15    0.460791    0.448363  0.00506431
          16    0.453639    0.448693  0.00475851
          17    0.435597    0.447922  0.00454053
          18    0.432479    0.447064  0.00436858
          19    0.431316    0.446235  0.00421655
          20    0.448665    0.446357  0.00400747
           1    0.438819    0.438819           0
           2    0.448193    0.443506   0.0033144
           3    0.427336    0.438116  0.00492459
           4    0.487193    0.450385    0.011249
           5    0.437918    0.447892  0.00927145
           6    0.438366    0.446304  0.00786097
           7     0.45932    0.448163  0.00695442
           8    0.430733    0.445985  0.00641737
           9    0.410034     0.44199  0.00683541
          10    0.440322    0.441823  0.00615391
          11    0.446295     0.44223  0.00560787
          12    0.457065    0.443466  0.00527506
          13    0.460393    0.444768  0.00502741
          14    0.482666    0.447475  0.00534767
          15    0.460791    0.448363  0.00506431
          16    0.453639    0.448693  0.00475851
          17    0.435597    0.447922  0.00454053
          18    0.432479    0.447064  0.00436858
          19    0.431316    0.446235  0.00421655
          20    0.448665    0.446357  0.00400747
           1    0.438819    0.438819           0
           2    0.448193    0.443506   0.0033144
           3    0.427336    0.438116  0.00492459
           4    0.487193    0.450385    0.011249
           5    0.437918    0.447892  0.00927145
           6    0.438366    0.446304  0.00786097
           7     0.45932    0.448163  0.00695442
           8    0.430733    0.445985  0.00641737
           9    0.410034     0.44199  0.00683541
          10    0.440322    0.441823  0.00615391
          11    0.446295     0.44223  0.00560787
          12    0.457065    0.443466  0.00527506
          13    0.460393    0.444768  0.00502741
          14    0.482666    0.447475  0.00534767
          15    0.460791    0.448363  0.00506431
          16    0.453639    0.448693  0.00475851
          17    0.435597    0.447922  0.00454053
          18    0.432479    0.447064  0.00436858
          19    0.431316    0.446235  0.00421655
          20    0.448665    0.446357  0.00400747
           1    0.438724    0.438724           0
           2    0.421711    0.430217  0.00601498
           3    0.432268    0.430901  0.00404865
           4       0.425    0.429426  0.00329434
           5    0.444763    0.432493  0.00380439
           6    0.429727    0.432032  0.00319812
           7    0.416985    0.429883   0.0033875
           8    0.454817    0.432999  0.00415765
           9    0.459364    0.435929  0.00461369
          10    0.437129    0.436049  0.00415388
          11    0.452621    0.437555  0.00404025
          12    0.426365    0.436623  0.00380966
          13    0.484039     0.44027  0.00496453
          14    0.442162    0.440405  0.00461176
          15    0.437145    0.440188  0.00430943
          16    0.456459    0.441205  0.00415835
          17    0.434395    0.440804  0.00393299
          18    0.408252    0.438996   0.0041093
          19    0.441874    0.439147  0.00389581
          20    0.444962    0.439438  0.00371185
           1      0.4395      0.4395           0
           2    0.434056    0.436778  0.00192471
           3    0.420673     0.43141  0.00456708
           4    0.433357    0.431897  0.00345116
           5    0.433347    0.432187  0.00277309
           6    0.441631    0.433761   0.0027212
           7     0.42626    0.432689  0.00253467
           8    0.426027    0.431856  0.00235066
           9    0.447692    0.433616   0.0026679
          10    0.459926    0.436247  0.00346339
          11    0.449506    0.437452  0.00335172
          12    0.427221      0.4366    0.003179
          13    0.443721    0.437147  0.00298128
          14     0.48875    0.440833  0.00450322
          15    0.425921    0.439839  0.00431135
          16    0.442064    0.439978  0.00404413
          17    0.454165    0.440813  0.00389139
          18    0.440043     0.44077  0.00367544
          19    0.405715    0.438925  0.00391781
          20    0.438176    0.438887   0.0037221
           1      0.4395      0.4395           0
           2    0.434056    0.436778  0.00192471
           3    0.420673     0.43141  0.00456708
           4    0.433357    0.431897  0.00345116
           5    0.433347    0.432187  0.00277309
           6    0.441631    0.433761   0.0027212
           7     0.42626    0.432689  0.00253467
           8    0.426027    0.431856  0.00235066
           9    0.447692    0.433616   0.0026679
          10    0.459926    0.436247  0.00346339
          11    0.449506    0.437452  0.00335172
          12    0.427221      0.4366    0.003179
          13    0.443721    0.437147  0.00298128
          14     0.48875    0.440833  0.00450322
          15    0.425921    0.439839  0.00431135
          16    0.442064    0.439978  0.00404413
          17    0.454165    0.440813  0.00389139
          18    0.440043     0.44077  0.00367544
          19    0.405715    0.438925  0.00391781
          20    0.438176    0.438887   0.0037221
