           1    0.547724    0.547724           0
           2    0.551456     0.54959  0.00131946
           3    0.557888    0.552356  0.00242369
           4      0.5392    0.549067  0.00337897
           5     0.53616    0.546486    0.003555
           6    0.535984    0.544735   0.0033659
           7    0.544492    0.544701  0.00288524
           8      0.5534    0.545788   0.0027218
           9    0.541312    0.545291   0.0024644
          10    0.561916    0.546953  0.00272157
          11    0.556684    0.547838  0.00261397
          12    0.552376    0.548216  0.00242334
          13     0.54562    0.548016  0.00224515
          14    0.549976    0.548156  0.00208914
          15     0.55406     0.54855  0.00198659
          16      0.5351    0.547709  0.00203251
          17    0.541672    0.547354  0.00194373
          18    0.561184    0.548122  0.00198179
          19    0.552104    0.548332  0.00188853
          20    0.552576    0.548544  0.00180599
