           1    0.577388    0.577388           0
           2    0.579092     0.57824 0.000602455
           3      0.5921     0.58286  0.00379354
           4    0.578264    0.581711  0.00301414
           5     0.57574    0.580517  0.00263729
           6     0.57772    0.580051  0.00223856
           7     0.57318    0.579069  0.00212307
           8    0.589352    0.580354  0.00221283
           9     0.59992    0.582528  0.00284075
          10    0.579852    0.582261  0.00256925
          11    0.576216    0.581711  0.00239373
          12    0.582504    0.581777  0.00219516
          13    0.585648    0.582075   0.0020464
          14    0.586408    0.582385  0.00192349
          15    0.588196    0.582772  0.00183386
          16    0.565408    0.581687  0.00201493
          17      0.5705    0.581029  0.00200098
          18    0.590708    0.581566  0.00196074
          19    0.578544    0.581407  0.00186398
          20    0.589732    0.581824  0.00181666
