           1    0.408336    0.408336           0
           2    0.395735    0.402035  0.00445502
           3    0.390813    0.398294  0.00426035
           4     0.39396    0.397211  0.00333021
           5    0.409791    0.399727  0.00348736
           6    0.405881    0.400752  0.00305325
           7    0.403432    0.401135  0.00264096
           8     0.40742    0.401921  0.00242488
           9    0.400196    0.401729  0.00216301
          10    0.390907    0.400647  0.00220087
          11    0.391299    0.399797  0.00215863
          12    0.408066    0.400486  0.00208583
          13    0.400881    0.400517   0.0019256
          14    0.411027    0.401267  0.00192887
          15    0.399615    0.401157  0.00180342
          16    0.393735    0.400693  0.00174934
          17    0.398843    0.400584  0.00164982
          18     0.39661    0.400364  0.00157287
          19    0.377551    0.399163  0.00189369
          20    0.402796    0.399345  0.00180769
           1    0.408336    0.408336           0
           2    0.395735    0.402035  0.00445502
           3    0.390813    0.398294  0.00426035
           4     0.39396    0.397211  0.00333021
           5    0.409791    0.399727  0.00348736
           6    0.405881    0.400752  0.00305325
           7    0.403432    0.401135  0.00264096
           8     0.40742    0.401921  0.00242488
           9    0.400196    0.401729  0.00216301
          10    0.390907    0.400647  0.00220087
          11    0.391299    0.399797  0.00215863
          12    0.408066    0.400486  0.00208583
          13    0.400881    0.400517   0.0019256
          14    0.411027    0.401267  0.00192887
          15    0.399615    0.401157  0.00180342
          16    0.393735    0.400693  0.00174934
          17    0.398843    0.400584  0.00164982
          18     0.39661    0.400364  0.00157287
          19    0.377551    0.399163  0.00189369
          20    0.402796    0.399345  0.00180769
           1    0.408336    0.408336           0
           2    0.395735    0.402035  0.00445502
           3    0.390813    0.398294  0.00426035
           4     0.39396    0.397211  0.00333021
           5    0.409791    0.399727  0.00348736
           6    0.405881    0.400752  0.00305325
           7    0.403432    0.401135  0.00264096
           8     0.40742    0.401921  0.00242488
           9    0.400196    0.401729  0.00216301
          10    0.390907    0.400647  0.00220087
          11    0.391299    0.399797  0.00215863
          12    0.408066    0.400486  0.00208583
          13    0.400881    0.400517   0.0019256
          14    0.411027    0.401267  0.00192887
          15    0.399615    0.401157  0.00180342
          16    0.393735    0.400693  0.00174934
          17    0.398843    0.400584  0.00164982
          18     0.39661    0.400364  0.00157287
          19    0.377551    0.399163  0.00189369
          20    0.402796    0.399345  0.00180769
           1    0.398357    0.398357           0
           2     0.39428    0.396319  0.00144124
           3     0.38618    0.392939  0.00292182
           4    0.396827    0.393911  0.00234745
           5    0.397385    0.394606  0.00197814
           6    0.400606    0.395606  0.00188436
           7    0.396158    0.395685  0.00161681
           8    0.400173    0.396246  0.00150891
           9     0.38566    0.395069  0.00174033
          10    0.408217    0.396384  0.00200223
          11    0.397012    0.396441  0.00182102
          12    0.389898    0.395896  0.00174901
          13    0.393103    0.395681  0.00162762
          14    0.410984    0.396774  0.00184217
          15    0.404074    0.397261  0.00178248
          16    0.404415    0.397708  0.00172624
          17    0.408764    0.398358  0.00174291
          18    0.398557    0.398369  0.00164612
          19    0.392744    0.398073  0.00158588
          20    0.390019     0.39767  0.00155688
           1    0.382635    0.382635           0
           2    0.400536    0.391586  0.00632917
           3    0.395899    0.393024  0.00437975
           4    0.386396    0.391367  0.00358453
           5    0.398208    0.392735  0.00311785
           6    0.395442    0.393186  0.00263064
           7    0.402303    0.394488  0.00255698
           8    0.395347    0.394596   0.0022396
           9    0.405156    0.395769  0.00227746
          10    0.386776     0.39487  0.00222018
          11    0.399131    0.395257  0.00205186
          12    0.400607    0.395703   0.0019287
          13    0.389167      0.3952   0.0018447
          14    0.400638    0.395589  0.00175335
          15    0.402759    0.396067  0.00170037
          16    0.401699    0.396419  0.00163014
          17    0.406512    0.397012  0.00163881
          18    0.419785    0.398278  0.00197667
          19    0.390434    0.397865  0.00191525
          20     0.38843    0.397393  0.00187669
           1    0.382635    0.382635           0
           2    0.400536    0.391586  0.00632917
           3    0.395899    0.393024  0.00437975
           4    0.386396    0.391367  0.00358453
           5    0.398208    0.392735  0.00311785
           6    0.395442    0.393186  0.00263064
           7    0.402303    0.394488  0.00255698
           8    0.395347    0.394596   0.0022396
           9    0.405156    0.395769  0.00227746
          10    0.386776     0.39487  0.00222018
          11    0.399131    0.395257  0.00205186
          12    0.400607    0.395703   0.0019287
          13    0.389167      0.3952   0.0018447
          14    0.400638    0.395589  0.00175335
          15    0.402759    0.396067  0.00170037
          16    0.401699    0.396419  0.00163014
          17    0.406512    0.397012  0.00163881
          18    0.419785    0.398278  0.00197667
          19    0.390434    0.397865  0.00191525
          20     0.38843    0.397393  0.00187669
