           1    0.651032    0.651032           0
           2    0.673536    0.662284  0.00795637
           3     0.67914    0.667903  0.00701294
           4    0.671116    0.668706  0.00530551
           5     0.67232    0.669429  0.00429336
           6     0.67124    0.669731   0.0035884
           7    0.654648    0.667576  0.00366602
           8    0.658272    0.666413  0.00338722
           9     0.66422    0.666169  0.00301962
          10    0.671088    0.666661  0.00275743
          11    0.656648    0.665751  0.00265275
          12     0.65502    0.664857  0.00257801
          13    0.670948    0.665325  0.00242191
          14     0.67226    0.665821  0.00229901
          15    0.648564     0.66467  0.00241651
          16    0.652252    0.663894  0.00238686
          17    0.660764     0.66371  0.00225355
          18    0.675336    0.664356  0.00221898
          19     0.66874    0.664587  0.00211416
          20     0.65954    0.664334  0.00202345
