           1   -0.595096   -0.595096           0
           2   -0.597936   -0.596516  0.00100409
           3   -0.597304   -0.596779 0.000702912
           4   -0.596584    -0.59673 0.000528866
           5    -0.59768    -0.59692 0.000455947
           6   -0.596432   -0.596839 0.000387142
           7   -0.600208    -0.59732 0.000555607
           8   -0.595968   -0.597151 0.000511213
           9    -0.59784   -0.597228 0.000460108
          10    -0.59716   -0.597221 0.000414147
          11   -0.595272   -0.597044 0.000412655
          12   -0.597864   -0.597112 0.000383888
          13   -0.599384   -0.597287 0.000392128
          14   -0.597184   -0.597279 0.000364187
          15   -0.596984    -0.59726  0.00034044
          16     -0.5956   -0.597156 0.000334594
          17   -0.596144   -0.597096 0.000320164
          18    -0.59404   -0.596927 0.000344475
          19   -0.598784   -0.597024 0.000339932
          20   -0.597224   -0.597034 0.000323082
           1   -0.595096   -0.595096           0
           2   -0.597936   -0.596516  0.00100409
           3   -0.597304   -0.596779 0.000702912
           4   -0.596584    -0.59673 0.000528866
           5    -0.59768    -0.59692 0.000455947
           6   -0.596432   -0.596839 0.000387142
           7   -0.600208    -0.59732 0.000555607
           8   -0.595968   -0.597151 0.000511213
           9    -0.59784   -0.597228 0.000460108
          10    -0.59716   -0.597221 0.000414147
          11   -0.595272   -0.597044 0.000412655
          12   -0.597864   -0.597112 0.000383888
          13   -0.599384   -0.597287 0.000392128
          14   -0.597184   -0.597279 0.000364187
          15   -0.596984    -0.59726  0.00034044
          16     -0.5956   -0.597156 0.000334594
          17   -0.596144   -0.597096 0.000320164
          18    -0.59404   -0.596927 0.000344475
          19   -0.598784   -0.597024 0.000339932
          20   -0.597224   -0.597034 0.000323082
           1   -0.595096   -0.595096           0
           2   -0.597936   -0.596516  0.00100409
           3   -0.597304   -0.596779 0.000702912
           4   -0.596584    -0.59673 0.000528866
           5    -0.59768    -0.59692 0.000455947
           6   -0.596432   -0.596839 0.000387142
           7   -0.600208    -0.59732 0.000555607
           8   -0.595968   -0.597151 0.000511213
           9    -0.59784   -0.597228 0.000460108
          10    -0.59716   -0.597221 0.000414147
          11   -0.595272   -0.597044 0.000412655
          12   -0.597864   -0.597112 0.000383888
          13   -0.599384   -0.597287 0.000392128
          14   -0.597184   -0.597279 0.000364187
          15   -0.596984    -0.59726  0.00034044
          16     -0.5956   -0.597156 0.000334594
          17   -0.596144   -0.597096 0.000320164
          18    -0.59404   -0.596927 0.000344475
          19   -0.598784   -0.597024 0.000339932
          20   -0.597224   -0.597034 0.000323082
           1   -0.599128   -0.599128           0
           2   -0.600368   -0.599748 0.000438406
           3   -0.596664    -0.59872 0.000888788
           4   -0.597776   -0.598484  0.00069722
           5   -0.599904   -0.598768 0.000612894
           6     -0.6024   -0.599373 0.000752474
           7    -0.59568   -0.598846 0.000809079
           8   -0.597568   -0.598686 0.000723537
           9   -0.597104    -0.59851 0.000664153
          10   -0.595208    -0.59818 0.000674857
          11    -0.59836   -0.598196 0.000613705
          12   -0.596768   -0.598077  0.00057399
          13   -0.596392   -0.597948  0.00054428
          14   -0.597984    -0.59795 0.000505409
          15   -0.596728   -0.597869 0.000478239
          16   -0.600272   -0.598019 0.000471346
          17   -0.595576   -0.597875 0.000465011
          18   -0.597848   -0.597874 0.000439179
          19   -0.597528   -0.597856 0.000416441
          20    -0.59512   -0.597719 0.000417478
           1   -0.598376   -0.598376           0
           2   -0.598992   -0.598684 0.000217789
           3    -0.60104   -0.599469 0.000657455
           4   -0.598352    -0.59919 0.000549235
           5   -0.596728   -0.598698 0.000622116
           6   -0.598616   -0.598684 0.000518578
           7   -0.603568   -0.599382 0.000784116
           8   -0.594888    -0.59882 0.000864186
           9   -0.597088   -0.598628 0.000789302
          10   -0.596112   -0.598376 0.000749387
          11   -0.596712   -0.598225 0.000696362
          12   -0.598376   -0.598237 0.000638446
          13   -0.596824   -0.598129 0.000598519
          14   -0.597512   -0.598085 0.000557386
          15   -0.596312   -0.597966 0.000532607
          16   -0.597696   -0.597949 0.000499587
          17   -0.598744   -0.597996  0.00047238
          18    -0.59716    -0.59795 0.000448416
          19   -0.597432   -0.597923 0.000425642
          20     -0.5966   -0.597856 0.000409464
