           1    0.287092    0.287092           0
           2     0.29619    0.291641  0.00321676
           3    0.297606    0.293629  0.00268979
           4    0.297966    0.294713  0.00222516
           5    0.284612    0.292693  0.00253662
           6    0.280364    0.290638  0.00282611
           7    0.296698    0.291504  0.00255152
           8    0.291347    0.291484  0.00223265
           9    0.294978    0.291873  0.00201804
          10    0.299083    0.292594  0.00194077
          11    0.284072    0.291819  0.00191272
          12    0.289564    0.291631  0.00176254
          13    0.298054    0.292125   0.0016948
          14    0.289627    0.291947  0.00158311
          15     0.29476    0.292134  0.00148864
          16      0.2913    0.292082  0.00139651
          17    0.290531    0.291991  0.00131734
          18    0.288495    0.291797  0.00125839
          19    0.289232    0.291662  0.00119937
          20    0.298863    0.292022  0.00119223
           1    0.287092    0.287092           0
           2     0.29619    0.291641  0.00321676
           3    0.297606    0.293629  0.00268979
           4    0.297966    0.294713  0.00222516
           5    0.284612    0.292693  0.00253662
           6    0.280364    0.290638  0.00282611
           7    0.296698    0.291504  0.00255152
           8    0.291347    0.291484  0.00223265
           9    0.294978    0.291873  0.00201804
          10    0.299083    0.292594  0.00194077
          11    0.284072    0.291819  0.00191272
          12    0.289564    0.291631  0.00176254
          13    0.298054    0.292125   0.0016948
          14    0.289627    0.291947  0.00158311
          15     0.29476    0.292134  0.00148864
          16      0.2913    0.292082  0.00139651
          17    0.290531    0.291991  0.00131734
          18    0.288495    0.291797  0.00125839
          19    0.289232    0.291662  0.00119937
          20    0.298863    0.292022  0.00119223
           1    0.287092    0.287092           0
           2     0.29619    0.291641  0.00321676
           3    0.297606    0.293629  0.00268979
           4    0.297966    0.294713  0.00222516
           5    0.284612    0.292693  0.00253662
           6    0.280364    0.290638  0.00282611
           7    0.296698    0.291504  0.00255152
           8    0.291347    0.291484  0.00223265
           9    0.294978    0.291873  0.00201804
          10    0.299083    0.292594  0.00194077
          11    0.284072    0.291819  0.00191272
          12    0.289564    0.291631  0.00176254
           1    0.284729    0.284729           0
           2    0.286301    0.285515 0.000555726
           3     0.29436    0.288464  0.00243553
           4     0.30409     0.29237   0.0038448
           5    0.287963    0.291489  0.00317527
           6    0.289132    0.291096  0.00267023
           7    0.295635    0.291744  0.00236619
           8    0.289469     0.29146  0.00208745
           9    0.297252    0.292103  0.00195218
          10    0.286762    0.291569  0.00182858
          11    0.297337    0.292094  0.00173588
          12    0.296644    0.292473  0.00163211
          13    0.298894    0.292967  0.00157955
          14    0.283931    0.292321  0.00159313
          15    0.280687    0.291546  0.00166507
          16    0.297066    0.291891  0.00159635
          17    0.291236    0.291852  0.00150291
          18    0.294733    0.292012  0.00142791
          19    0.299328    0.292397  0.00140372
          20    0.283921    0.291974  0.00139604
           1    0.287681    0.287681           0
           2    0.285388    0.286534 0.000810687
           3    0.289795    0.287621  0.00103898
           4    0.293137       0.289  0.00142595
           5    0.304432    0.292087    0.002987
           6    0.288974    0.291568  0.00253381
           7    0.289811    0.291317  0.00218423
           8    0.290479    0.291212  0.00191371
           9    0.291256    0.291217  0.00170108
          10    0.296992    0.291795  0.00162606
          11    0.290104    0.291641  0.00148549
          12    0.294512     0.29188  0.00138083
          13    0.299951    0.292501  0.00140727
          14    0.294471    0.292642  0.00131377
          15    0.287334    0.292288  0.00127294
          16    0.280391    0.291544  0.00139372
          17    0.295892      0.2918  0.00133499
          18    0.291653    0.291792  0.00126085
          19    0.292582    0.291833  0.00119518
          20    0.300838    0.292284  0.00121727
