           1    0.386152    0.386152           0
           2    0.402093    0.394122  0.00563634
           3    0.379864     0.38937  0.00540182
           4    0.442227    0.402584     0.01214
           5    0.391738    0.400415  0.00990386
           6     0.39646    0.399756  0.00827512
           7    0.359624    0.394023  0.00885909
           8    0.417838    0.396999   0.0082367
           9    0.407471    0.398163  0.00740323
          10    0.431755    0.401522   0.0073858
          11    0.419772    0.403181  0.00689818
          12    0.413307    0.404025  0.00637473
          13    0.416058    0.404951  0.00595119
          14    0.441496    0.407561  0.00607168
          15    0.421222    0.408472   0.0057348
          16    0.427507    0.409661  0.00549839
          17    0.461456    0.412708  0.00595961
          18    0.368988    0.410279  0.00610344
          19    0.412835    0.410414  0.00578369
          20    0.393806    0.409583   0.0055538
           1    0.386152    0.386152           0
           2    0.402093    0.394122  0.00563634
           3    0.379864     0.38937  0.00540182
           4    0.442227    0.402584     0.01214
           5    0.391738    0.400415  0.00990386
           6     0.39646    0.399756  0.00827512
           7    0.359624    0.394023  0.00885909
           8    0.417838    0.396999   0.0082367
           9    0.407471    0.398163  0.00740323
          10    0.431755    0.401522   0.0073858
          11    0.419772    0.403181  0.00689818
          12    0.413307    0.404025  0.00637473
          13    0.416058    0.404951  0.00595119
          14    0.441496    0.407561  0.00607168
          15    0.421222    0.408472   0.0057348
          16    0.427507    0.409661  0.00549839
          17    0.461456    0.412708  0.00595961
          18    0.368988    0.410279  0.00610344
          19    0.412835    0.410414  0.00578369
          20    0.393806    0.409583   0.0055538
           1    0.386152    0.386152           0
           2    0.402093    0.394122  0.00563634
           3    0.379864     0.38937  0.00540182
           4    0.442227    0.402584     0.01214
           5    0.391738    0.400415  0.00990386
           6     0.39646    0.399756  0.00827512
           7    0.359624    0.394023  0.00885909
           8    0.417838    0.396999   0.0082367
           9    0.407471    0.398163  0.00740323
          10    0.431755    0.401522   0.0073858
          11    0.419772    0.403181  0.00689818
          12    0.413307    0.404025  0.00637473
          13    0.416058    0.404951  0.00595119
          14    0.441496    0.407561  0.00607168
          15    0.421222    0.408472   0.0057348
          16    0.427507    0.409661  0.00549839
          17    0.461456    0.412708  0.00595961
          18    0.368988    0.410279  0.00610344
          19    0.412835    0.410414  0.00578369
          20    0.393806    0.409583   0.0055538
           1    0.406656    0.406656           0
           2    0.445325    0.425991   0.0136718
           3    0.448379    0.433453   0.0109637
           4    0.453635    0.438499  0.00931156
           5    0.473731    0.445545  0.00975769
           6     0.38115    0.434812   0.0127322
           7    0.439803    0.435525   0.0109333
           8    0.399306    0.430998   0.0104621
           9    0.412506    0.428943  0.00949923
          10    0.380739    0.424123  0.00969554
          11    0.403669    0.422264  0.00899066
          12     0.38049    0.418782  0.00888988
          13     0.44166    0.420542  0.00837842
          14    0.395739    0.418771  0.00796507
          15    0.396657    0.417296  0.00756927
          16    0.357017    0.413529  0.00797888
          17    0.419163     0.41386  0.00751641
          18     0.40758    0.413511  0.00710693
          19    0.423481    0.414036  0.00675222
          20    0.428358    0.414752  0.00645247
           1    0.395892    0.395892           0
           2    0.408958    0.402425  0.00461958
           3    0.441684    0.415511   0.0111197
           4    0.445858    0.423098    0.010617
           5    0.460183    0.430515   0.0107773
           6    0.482663    0.439206   0.0119837
           7    0.390582     0.43226   0.0121189
           8    0.416744    0.430321   0.0107581
           9    0.405022     0.42751  0.00992316
          10    0.398421    0.424601  0.00934747
          11    0.404763    0.422797  0.00866993
          12    0.404713     0.42129  0.00807735
          13    0.401772    0.419789  0.00759427
          14      0.4256    0.420204  0.00706315
          15    0.385626    0.417899  0.00695829
          16     0.38878    0.416079   0.0067572
          17    0.358415    0.412687  0.00716064
          18    0.427074    0.413486  0.00680729
          19    0.405737    0.413078  0.00646122
          20    0.438498    0.414349  0.00626192
           1    0.395892    0.395892           0
           2    0.408958    0.402425  0.00461958
           3    0.441684    0.415511   0.0111197
           4    0.445858    0.423098    0.010617
           5    0.460183    0.430515   0.0107773
           6    0.482663    0.439206   0.0119837
           7    0.390582     0.43226   0.0121189
           8    0.416744    0.430321   0.0107581
           9    0.405022     0.42751  0.00992316
          10    0.398421    0.424601  0.00934747
          11    0.404763    0.422797  0.00866993
          12    0.404713     0.42129  0.00807735
          13    0.401772    0.419789  0.00759427
          14      0.4256    0.420204  0.00706315
          15    0.385626    0.417899  0.00695829
          16     0.38878    0.416079   0.0067572
          17    0.358415    0.412687  0.00716064
          18    0.427074    0.413486  0.00680729
          19    0.405737    0.413078  0.00646122
          20    0.438498    0.414349  0.00626192
