           1     16.3712     16.3712     16.3651
           2     13.2642     14.8177     10.5305
           3     16.6046     15.4133     8.93869
           4     14.3956     15.1589     7.60805
           5     16.3398     15.3951     6.90774
           6     13.0243          15     6.15176
           7      13.956     14.8508     5.63692
           8     16.2839     15.0299      5.3355
           9     14.2312     14.9412     4.99906
          10     16.7637     15.1234     4.80112
          11     16.4365     15.2428     4.61316
          12     14.7755     15.2039      4.4042
          13     14.5006     15.1498     4.21554
          14     13.9442     15.0637     4.03905
          15      14.507     15.0266     3.89176
          16     13.5425     14.9338     3.74532
          17     15.6627     14.9767     3.64334
          18     15.0209     14.9791     3.54058
          19     14.2025     14.9383     3.43644
          20     17.4955     15.0661     3.37971
           1     16.3712     16.3712     16.3651
           2     13.2642     14.8177     10.5305
           3     16.6046     15.4133     8.93869
           4     14.3956     15.1589     7.60805
           5     16.3398     15.3951     6.90774
           6     13.0243          15     6.15176
           7      13.956     14.8508     5.63692
           8     16.2839     15.0299      5.3355
           9     14.2312     14.9412     4.99906
          10     16.7637     15.1234     4.80112
          11     16.4365     15.2428     4.61316
          12     14.7755     15.2039      4.4042
          13     14.5006     15.1498     4.21554
          14     13.9442     15.0637     4.03905
          15      14.507     15.0266     3.89176
          16     13.5425     14.9338     3.74532
          17     15.6627     14.9767     3.64334
          18     15.0209     14.9791     3.54058
          19     14.2025     14.9383     3.43644
          20     17.4955     15.0661     3.37971
           1     16.3712     16.3712     16.3651
           2     13.2642     14.8177     10.5305
           3     16.6046     15.4133     8.93869
           4     14.3956     15.1589     7.60805
           5     16.3398     15.3951     6.90774
           6     13.0243          15     6.15176
           7      13.956     14.8508     5.63692
           8     16.2839     15.0299      5.3355
           9     14.2312     14.9412     4.99906
          10     16.7637     15.1234     4.80112
          11     16.4365     15.2428     4.61316
          12     14.7755     15.2039      4.4042
          13     14.5006     15.1498     4.21554
          14     13.9442     15.0637     4.03905
          15      14.507     15.0266     3.89176
          16     13.5425     14.9338     3.74532
          17     15.6627     14.9767     3.64334
          18     15.0209     14.9791     3.54058
          19     14.2025     14.9383     3.43644
          20     17.4955     15.0661     3.37971
           1     16.6204     16.6204     16.6144
           2     15.1585     15.8895      11.243
           3     15.6291     15.8027     9.12684
           4     14.2001      15.402     7.71013
           5     14.2694     15.1755     6.79568
           6     16.6348     15.4187     6.30486
           7      16.315     15.5467     5.88499
           8     15.5476     15.5469     5.50359
           9     15.7959     15.5745     5.19713
          10     16.2886     15.6459     4.95272
          11     13.2665     15.4296     4.66104
          12     16.6066     15.5277     4.49101
          13     14.3909     15.4403     4.29065
          14     16.2622      15.499     4.14994
          15      13.056     15.3361     3.96978
          16     13.6324     15.2296     3.81786
          17      16.568     15.3083       3.723
          18     14.0873     15.2405     3.60212
          19     16.9229     15.3291     3.52678
          20     16.3273      15.379     3.44839
           1     15.1888     15.1888     15.1824
           2     17.1584     16.1736     11.4533
           3      14.935     15.7607     9.11389
           4     15.3177       15.65     7.83422
           5     14.6652      15.453     6.91917
           6     13.8826     15.1913     6.21239
           7     16.6038     15.3931     5.82898
           8      17.062     15.6017     5.52801
           9     16.6084     15.7136     5.24861
          10     14.5241     15.5946     4.94179
          11     15.8363     15.6166      4.7174
          12     13.8032     15.4655     4.47451
          13     16.4535     15.5415     4.31977
          14     14.9974     15.5026     4.15166
          15     15.6512     15.5125      4.0128
          16     13.2915     15.3737     3.85255
          17     14.6922     15.3336     3.72741
          18     15.3835     15.3364      3.6225
          19     15.3445     15.3368     3.52551
          20     15.9802      15.369     3.44315
           1     15.1888     15.1888     15.1824
           2     17.1584     16.1736     11.4533
           3      14.935     15.7607     9.11389
           4     15.3177       15.65     7.83422
           5     14.6652      15.453     6.91917
           6     13.8826     15.1913     6.21239
           7     16.6038     15.3931     5.82898
           8      17.062     15.6017     5.52801
           9     16.6084     15.7136     5.24861
          10     14.5241     15.5946     4.94179
          11     15.8363     15.6166      4.7174
          12     13.8032     15.4655     4.47451
          13     16.4535     15.5415     4.31977
          14     14.9974     15.5026     4.15166
          15     15.6512     15.5125      4.0128
          16     13.2915     15.3737     3.85255
          17     14.6922     15.3336     3.72741
          18     15.3835     15.3364      3.6225
          19     15.3445     15.3368     3.52551
          20     15.9802      15.369     3.44315
