           1     3.21242     3.21242     3.19611
           2     3.31359     3.26301     2.29584
           3     3.13435     3.22012     1.84979
           4     3.46781     3.28204     1.63379
           5     3.20674     3.26698     1.45442
           6     3.36901     3.28399     1.33457
           7     3.13561     3.26279     1.22751
           8     3.35956     3.27489     1.15252
           9     3.38236     3.28683     1.09064
          10     3.24156      3.2823     1.03318
          11     3.26996     3.28118    0.984704
          12     3.32076     3.28448    0.943727
          13     3.22117     3.27961    0.905334
          14     3.24407     3.27707    0.871716
          15     3.32466     3.28024    0.842973
          16     3.14921     3.27205    0.814178
          17     2.94028     3.25254    0.785313
          18     3.11946     3.24515     0.76145
          19      3.1615     3.24074    0.740122
          20     3.35391      3.2464    0.722658
           1     3.21242     3.21242     3.19611
           2     3.31359     3.26301     2.29584
           3     3.13435     3.22012     1.84979
           4     3.46781     3.28204     1.63379
           5     3.20674     3.26698     1.45442
           6     3.36901     3.28399     1.33457
           7     3.13561     3.26279     1.22751
           8     3.35956     3.27489     1.15252
           9     3.38236     3.28683     1.09064
          10     3.24156      3.2823     1.03318
          11     3.26996     3.28118    0.984704
          12     3.32076     3.28448    0.943727
          13     3.22117     3.27961    0.905334
          14     3.24407     3.27707    0.871716
          15     3.32466     3.28024    0.842973
          16     3.14921     3.27205    0.814178
          17     2.94028     3.25254    0.785313
          18     3.11946     3.24515     0.76145
          19      3.1615     3.24074    0.740122
          20     3.35391      3.2464    0.722658
           1     3.21242     3.21242     3.19611
           2     3.31359     3.26301     2.29584
           3     3.13435     3.22012     1.84979
           4     3.46781     3.28204     1.63379
           5     3.20674     3.26698     1.45442
           6     3.36901     3.28399     1.33457
           7     3.13561     3.26279     1.22751
           8     3.35956     3.27489     1.15252
           9     3.38236     3.28683     1.09064
          10     3.24156      3.2823     1.03318
          11     3.26996     3.28118    0.984704
          12     3.32076     3.28448    0.943727
          13     3.22117     3.27961    0.905334
          14     3.24407     3.27707    0.871716
          15     3.32466     3.28024    0.842973
          16     3.14921     3.27205    0.814178
          17     2.94028     3.25254    0.785313
          18     3.11946     3.24515     0.76145
          19      3.1615     3.24074    0.740122
          20     3.35391      3.2464    0.722658
           1     3.18739     3.18739     3.17039
           2     3.18878     3.18808     2.24213
           3     3.32147     3.23255     1.85699
           4     3.27922     3.24421     1.61383
           5     3.55541     3.30645      1.4725
           6     3.00108     3.25556     1.32397
           7     3.23043     3.25197     1.22419
           8     3.46444     3.27853     1.15463
           9     3.26872     3.27744     1.08809
          10      3.2236     3.27205     1.03047
          11     3.32338     3.27672    0.983837
          12     3.11236     3.26302    0.937989
          13     3.48184     3.27986    0.905946
          14     3.19313     3.27366    0.871291
          15     3.37425     3.28037    0.843439
          16     3.14818      3.2721    0.814556
          17     3.34975     3.27667    0.791324
          18     3.39478     3.28323    0.770585
          19     3.22737     3.28029    0.749325
          20     3.27787     3.28017    0.730288
           1     3.28504     3.28504     3.26863
           2      3.2603     3.27267     2.30247
           3     3.06124      3.2022     1.83991
           4     3.38767     3.24857     1.61708
           5     3.37099     3.27305     1.45716
           6     3.40913     3.29573     1.33958
           7     3.01947     3.25626     1.22565
           8     3.30529     3.26239     1.14853
           9     3.40065     3.27775     1.08798
          10     3.27048     3.27703     1.03182
          11     3.24555     3.27417      0.9829
          12     3.23388     3.27081    0.940015
          13     3.21013     3.26614    0.901792
          14     3.45507     3.27964    0.872657
          15     3.16905     3.27226    0.841147
          16     3.41374     3.28111    0.816651
          17     3.15298     3.27357     0.79042
          18     3.37893     3.27942    0.769529
          19     3.33016     3.28209    0.749614
          20     3.24063     3.28002    0.730143
