           1   -0.646232   -0.646232           0
           2   -0.645448    -0.64584 0.000277186
           3   -0.644504   -0.645395 0.000407875
           4   -0.647936    -0.64603 0.000629536
           5   -0.644408   -0.645706 0.000581231
           6     -0.6496   -0.646355 0.000765295
           7   -0.643656   -0.645969 0.000746786
           8      -0.646   -0.645973 0.000653448
           9   -0.646528   -0.646035 0.000583745
          10    -0.64552   -0.645983 0.000527634
          11   -0.649488   -0.646302 0.000567776
          12   -0.647184   -0.646375 0.000525199
          13   -0.646856   -0.646412 0.000486099
          14   -0.650592   -0.646711 0.000535263
          15   -0.647712   -0.646778 0.000503723
          16   -0.649432   -0.646944 0.000498812
          17    -0.63896   -0.646474 0.000654194
          18   -0.646064   -0.646451 0.000618246
          19   -0.649344   -0.646603 0.000604165
          20   -0.646464   -0.646596 0.000573997
           1   -0.646232   -0.646232           0
           2   -0.645448    -0.64584 0.000277186
           3   -0.644504   -0.645395 0.000407875
           4   -0.647936    -0.64603 0.000629536
           5   -0.644408   -0.645706 0.000581231
           6     -0.6496   -0.646355 0.000765295
           7   -0.643656   -0.645969 0.000746786
           8      -0.646   -0.645973 0.000653448
           9   -0.646528   -0.646035 0.000583745
          10    -0.64552   -0.645983 0.000527634
          11   -0.649488   -0.646302 0.000567776
          12   -0.647184   -0.646375 0.000525199
          13   -0.646856   -0.646412 0.000486099
          14   -0.650592   -0.646711 0.000535263
          15   -0.647712   -0.646778 0.000503723
          16   -0.649432   -0.646944 0.000498812
          17    -0.63896   -0.646474 0.000654194
          18   -0.646064   -0.646451 0.000618246
          19   -0.649344   -0.646603 0.000604165
          20   -0.646464   -0.646596 0.000573997
           1   -0.646232   -0.646232           0
           2   -0.645448    -0.64584 0.000277186
           3   -0.644504   -0.645395 0.000407875
           4   -0.647936    -0.64603 0.000629536
           5   -0.644408   -0.645706 0.000581231
           6     -0.6496   -0.646355 0.000765295
           7   -0.643656   -0.645969 0.000746786
           8      -0.646   -0.645973 0.000653448
           9   -0.646528   -0.646035 0.000583745
          10    -0.64552   -0.645983 0.000527634
          11   -0.649488   -0.646302 0.000567776
          12   -0.647184   -0.646375 0.000525199
          13   -0.646856   -0.646412 0.000486099
          14   -0.650592   -0.646711 0.000535263
          15   -0.647712   -0.646778 0.000503723
          16   -0.649432   -0.646944 0.000498812
          17    -0.63896   -0.646474 0.000654194
          18   -0.646064   -0.646451 0.000618246
          19   -0.649344   -0.646603 0.000604165
          20   -0.646464   -0.646596 0.000573997
           1   -0.645496   -0.645496           0
           2   -0.643888   -0.644692 0.000568514
           3   -0.645536   -0.644973 0.000443186
           4   -0.646344   -0.645316 0.000445587
           5     -0.6486   -0.645973 0.000687153
           6   -0.645992   -0.645976 0.000572635
           7   -0.647048   -0.646129 0.000510898
           8   -0.647464   -0.646296   0.0004735
           9   -0.649472   -0.646649 0.000536508
          10   -0.646264    -0.64661 0.000484236
          11    -0.64516   -0.646479 0.000457814
          12   -0.644312   -0.646298 0.000453869
          13    -0.64844   -0.646463 0.000447867
          14   -0.644256   -0.646305 0.000442747
          15   -0.649704   -0.646532 0.000467632
          16   -0.643952   -0.646371 0.000465371
          17   -0.645576   -0.646324 0.000440337
          18   -0.646392   -0.646328  0.00041589
          19   -0.645176   -0.646267 0.000398393
          20   -0.649824   -0.646445 0.000416284
           1   -0.645256   -0.645256           0
           2   -0.644432   -0.644844 0.000291328
           3   -0.645128   -0.644939 0.000209034
           4   -0.646568   -0.645346  0.00038603
           5   -0.644896   -0.645256 0.000319143
           6   -0.650216   -0.646083 0.000800133
           7    -0.64528   -0.645968 0.000693996
           8   -0.646896   -0.646084 0.000616865
           9   -0.647304    -0.64622 0.000563021
          10   -0.648312   -0.646429 0.000544214
          11   -0.647216     -0.6465 0.000499423
          12   -0.645496   -0.646417 0.000464765
          13   -0.644864   -0.646297 0.000444095
          14   -0.647408   -0.646377 0.000419402
          15   -0.645304   -0.646305  0.00039749
          16   -0.648416   -0.646437 0.000393935
          17   -0.643808   -0.646282 0.000399967
          18   -0.644912   -0.646206 0.000384924
          19   -0.648824   -0.646344 0.000388541
          20   -0.645752   -0.646314 0.000370239
           1   -0.645256   -0.645256           0
           2   -0.644432   -0.644844 0.000291328
