           1     0.34252     0.34252           0
           2     0.34832     0.34542  0.00205058
           3    0.343523    0.344787  0.00146127
           4     0.35044      0.3462  0.00164277
           5    0.333475    0.343655  0.00262855
           6    0.343101    0.343563  0.00219208
           7    0.362057    0.346205  0.00308435
           8    0.346391    0.346228  0.00269889
           9    0.354829    0.347184  0.00256264
          10    0.346251     0.34709  0.00230807
          11    0.348201    0.347191  0.00210045
          12    0.340589    0.346641  0.00199617
          13    0.350155    0.346911  0.00186083
          14    0.337471    0.346237  0.00184605
          15    0.355126     0.34683  0.00181559
          16    0.337628    0.346255  0.00179088
          17    0.341327    0.345965  0.00170884
          18    0.336256    0.345425  0.00169688
          19    0.352371    0.345791  0.00164648
          20    0.344174     0.34571  0.00156613
           1     0.34252     0.34252           0
           2     0.34832     0.34542  0.00205058
           3    0.343523    0.344787  0.00146127
           4     0.35044      0.3462  0.00164277
           5    0.333475    0.343655  0.00262855
           6    0.343101    0.343563  0.00219208
           7    0.362057    0.346205  0.00308435
           8    0.346391    0.346228  0.00269889
           9    0.354829    0.347184  0.00256264
          10    0.346251     0.34709  0.00230807
          11    0.348201    0.347191  0.00210045
          12    0.340589    0.346641  0.00199617
          13    0.350155    0.346911  0.00186083
          14    0.337471    0.346237  0.00184605
          15    0.355126     0.34683  0.00181559
          16    0.337628    0.346255  0.00179088
          17    0.341327    0.345965  0.00170884
          18    0.336256    0.345425  0.00169688
          19    0.352371    0.345791  0.00164648
          20    0.344174     0.34571  0.00156613
           1     0.34252     0.34252           0
           2     0.34832     0.34542  0.00205058
           3    0.343523    0.344787  0.00146127
           4     0.35044      0.3462  0.00164277
           5    0.333475    0.343655  0.00262855
           6    0.343101    0.343563  0.00219208
           7    0.362057    0.346205  0.00308435
           8    0.346391    0.346228  0.00269889
           9    0.354829    0.347184  0.00256264
          10    0.346251     0.34709  0.00230807
          11    0.348201    0.347191  0.00210045
          12    0.340589    0.346641  0.00199617
          13    0.350155    0.346911  0.00186083
          14    0.337471    0.346237  0.00184605
          15    0.355126     0.34683  0.00181559
          16    0.337628    0.346255  0.00179088
          17    0.341327    0.345965  0.00170884
          18    0.336256    0.345425  0.00169688
          19    0.352371    0.345791  0.00164648
          20    0.344174     0.34571  0.00156613
           1    0.341336    0.341336           0
           2    0.338639    0.339988 0.000953449
           3    0.332537    0.337504  0.00212505
           4    0.346189    0.339675  0.00246496
           5    0.346101     0.34096  0.00228248
           6    0.350711    0.342585  0.00241215
           7    0.331292    0.340972  0.00255061
           8    0.349859    0.342083  0.00246186
           9    0.345218    0.342431  0.00221282
          10    0.342318     0.34242  0.00199157
          11    0.349016     0.34302  0.00189864
          12    0.342248    0.342955  0.00174151
          13    0.350271    0.343518  0.00169603
          14    0.333741     0.34282  0.00171264
          15    0.342738    0.342814  0.00159848
          16    0.361725    0.343996  0.00188556
          17    0.348126    0.344239  0.00179023
          18    0.354692     0.34482  0.00178246
          19    0.345338    0.344847  0.00168886
          20    0.348804    0.345045  0.00161596
           1    0.335012    0.335012           0
           2    0.338164    0.336588  0.00111446
           3      0.3413    0.338159  0.00148206
           4    0.332698    0.336794  0.00162284
           5    0.345913    0.338618  0.00208492
           6    0.347814     0.34015  0.00223079
           7    0.350872    0.341682  0.00238057
           8    0.329348     0.34014  0.00253352
           9    0.347846    0.340997  0.00239234
          10    0.347646    0.341661  0.00224361
          11     0.34512    0.341976  0.00206156
          12    0.343532    0.342106  0.00189384
          13     0.34312    0.342184  0.00174976
          14    0.353103    0.342964  0.00179019
          15    0.332157    0.342243  0.00181002
          16    0.342596    0.342265  0.00169702
          17    0.358539    0.343222  0.00184758
          18    0.350415    0.343622  0.00178762
          19    0.358217     0.34439  0.00185124
          20    0.345795     0.34446  0.00176001
           1    0.335012    0.335012           0
           2    0.338164    0.336588  0.00111446
