           1      0.2713      0.2713           0
           2    0.266862    0.269081  0.00156904
           3    0.261574    0.266578  0.00229532
           4    0.268381    0.267029  0.00176517
           5    0.275855    0.268794  0.00211819
           6    0.271203    0.269196   0.0018028
           7     0.27174    0.269559  0.00158148
           8    0.266902    0.269227  0.00141823
           9    0.271094    0.269435  0.00127574
          10    0.271435    0.269635  0.00116374
          11    0.264403    0.269159  0.00115105
          12     0.26536    0.268842  0.00109781
          13    0.273071    0.269168  0.00106046
          14    0.268353     0.26911 0.000986307
          15    0.278726    0.269751  0.00110952
          16    0.269216    0.269717  0.00104068
          17    0.267825    0.269606 0.000985398
          18    0.271887    0.269733 0.000938764
          19    0.276356    0.270081  0.00095189
          20    0.268886    0.270021 0.000906171
           1      0.2713      0.2713           0
           2    0.266862    0.269081  0.00156904
           3    0.261574    0.266578  0.00229532
           4    0.268381    0.267029  0.00176517
           5    0.275855    0.268794  0.00211819
           6    0.271203    0.269196   0.0018028
           7     0.27174    0.269559  0.00158148
           8    0.266902    0.269227  0.00141823
           9    0.271094    0.269435  0.00127574
          10    0.271435    0.269635  0.00116374
          11    0.264403    0.269159  0.00115105
          12     0.26536    0.268842  0.00109781
          13    0.273071    0.269168  0.00106046
          14    0.268353     0.26911 0.000986307
          15    0.278726    0.269751  0.00110952
          16    0.269216    0.269717  0.00104068
          17    0.267825    0.269606 0.000985398
          18    0.271887    0.269733 0.000938764
          19    0.276356    0.270081  0.00095189
          20    0.268886    0.270021 0.000906171
           1    0.270331    0.270331           0
           2    0.276173    0.273252  0.00206565
           3    0.272407     0.27297  0.00139617
           4    0.266757    0.271417  0.00170463
           5    0.257909    0.268716  0.00277456
           6    0.266088    0.268278  0.00234645
           7    0.275095    0.269251   0.0022041
           8    0.267697    0.269057  0.00193713
           9    0.264531    0.268554  0.00178597
          10    0.271163    0.268815  0.00162631
          11    0.266628    0.268616  0.00149057
          12    0.261974    0.268063  0.00146553
          13    0.268718    0.268113  0.00135366
          14    0.274682    0.268582  0.00133581
          15    0.272026    0.268812  0.00126633
          16    0.271417    0.268975   0.0011976
          17    0.267106    0.268865  0.00113219
          18    0.270572     0.26896  0.00107325
          19    0.271863    0.269112  0.00102759
          20    0.263779    0.268846  0.00101022
           1    0.270941    0.270941           0
           2    0.271995    0.271468 0.000372461
           3    0.273816    0.272251 0.000685545
           4    0.273571    0.272581 0.000588272
           5    0.268395    0.271744   0.0008844
           6    0.256625    0.269224  0.00241548
           7    0.265805    0.268735   0.0021192
           8    0.273668    0.269352  0.00194194
           9    0.266937    0.269084  0.00174461
          10    0.264587    0.268634  0.00162706
          11    0.272803    0.269013  0.00152266
          12    0.266897    0.268837  0.00140594
          13    0.261008    0.268235  0.00142094
          14    0.267744      0.2682  0.00131987
          15    0.273298    0.268539  0.00127489
          16    0.275501    0.268975   0.0012673
          17    0.270883    0.269087  0.00119771
          18    0.266029    0.268917  0.00114315
          19    0.272391      0.2691  0.00109751
          20    0.272339    0.269262  0.00105452
