           1     46.5008     46.5008     46.4992
           2     40.6259     43.5633     30.8726
           3     49.7406     45.6224      26.429
           4     46.3379     45.8013     22.9585
           5     44.1825     45.4775     20.3817
           6     40.1663     44.5923     18.2563
           7     40.4285     43.9975       16.68
           8     41.3926     43.6719     15.4849
           9      39.411     43.1984     14.4441
          10     42.8384     43.1624     13.6872
          11     44.4239     43.2771     13.0819
          12     39.8426     42.9909     12.4428
          13     40.7512     42.8186     11.9057
          14     47.1043     43.1247     11.5559
          15     52.6652     43.7608     11.3426
          16     39.9136     43.5203     10.9223
          17     41.7112     43.4139     10.5686
          18     47.5712     43.6449     10.3254
          19     44.4863     43.6892     10.0582
          20     48.4608     43.9277     9.85771
           1     46.5008     46.5008     46.4992
           2     40.6259     43.5633     30.8726
           3     49.7406     45.6224      26.429
           4     46.3379     45.8013     22.9585
           5     44.1825     45.4775     20.3817
           6     40.1663     44.5923     18.2563
           7     40.4285     43.9975       16.68
           8     41.3926     43.6719     15.4849
           9      39.411     43.1984     14.4441
          10     42.8384     43.1624     13.6872
          11     44.4239     43.2771     13.0819
          12     39.8426     42.9909     12.4428
          13     40.7512     42.8186     11.9057
          14     47.1043     43.1247     11.5559
          15     52.6652     43.7608     11.3426
          16     39.9136     43.5203     10.9223
          17     41.7112     43.4139     10.5686
          18     47.5712     43.6449     10.3254
          19     44.4863     43.6892     10.0582
          20     48.4608     43.9277     9.85771
           1     46.5008     46.5008     46.4992
           2     40.6259     43.5633     30.8726
           3     49.7406     45.6224      26.429
           4     46.3379     45.8013     22.9585
           5     44.1825     45.4775     20.3817
           6     40.1663     44.5923     18.2563
           7     40.4285     43.9975       16.68
           8     41.3926     43.6719     15.4849
           9      39.411     43.1984     14.4441
          10     42.8384     43.1624     13.6872
          11     44.4239     43.2771     13.0819
          12     39.8426     42.9909     12.4428
          13     40.7512     42.8186     11.9057
          14     47.1043     43.1247     11.5559
          15     52.6652     43.7608     11.3426
          16     39.9136     43.5203     10.9223
          17     41.7112     43.4139     10.5686
          18     47.5712     43.6449     10.3254
          19     44.4863     43.6892     10.0582
          20     48.4608     43.9277     9.85771
           1     44.6543     44.6543     44.6525
           2      42.034     43.3441     30.6614
           3     48.4206     45.0363     26.0445
           4     47.4427     45.6379      22.852
           5     46.8554     45.8814     20.5433
           6     38.3181     44.6208     18.2717
           7      45.967     44.8131     16.9823
           8     44.3002      44.749     15.8577
           9     49.8649     45.3175     15.1455
          10     46.8847     45.4742     14.4147
          11     40.2314     44.9976      13.605
          12     49.6781     45.3876     13.1404
          13     46.3146     45.4589     12.6419
          14     44.7026     45.4049     12.1654
          15     40.3064      45.065      11.668
          16     40.2883     44.7664     11.2248
          17     41.3604     44.5661      10.841
          18     39.4293     44.2807     10.4704
          19     42.9335     44.2098     10.1734
          20     44.4695     44.2228     9.91721
           1     46.2186     46.2186     46.2169
           2     43.0142     44.6164     31.5676
           3     44.9022     44.7117     25.8243
           4      47.274     45.3522     22.6891
           5     47.1276     45.7073     20.4524
           6     45.9643     45.7502      18.686
           7     38.4437     44.7064     16.9319
           8     45.9158     44.8576     15.8882
           9     45.2443     44.9005     14.9908
          10     49.5583     45.3663     14.3731
          11     45.5034     45.3788     13.7056
          12      44.258     45.2854     13.0936
          13     47.6871     45.4701     12.6307
          14     48.3626     45.6767     12.2267
          15     42.5186     45.4662     11.7583
          16     37.0142     44.9379     11.2635
          17     42.5906     44.7999     10.8929
          18     43.9279     44.7514     10.5733
          19     38.4521     44.4199     10.2191
          20     42.2343     44.3106     9.93518
           1     46.2186     46.2186     46.2169
           2     43.0142     44.6164     31.5676
           3     44.9022     44.7117     25.8243
           4      47.274     45.3522     22.6891
           5     47.1276     45.7073     20.4524
           6     45.9643     45.7502      18.686
           7     38.4437     44.7064     16.9319
           8     45.9158     44.8576     15.8882
           9     45.2443     44.9005     14.9908
          10     49.5583     45.3663     14.3731
          11     45.5034     45.3788     13.7056
          12      44.258     45.2854     13.0936
          13     47.6871     45.4701     12.6307
          14     48.3626     45.6767     12.2267
          15     42.5186     45.4662     11.7583
          16     37.0142     44.9379     11.2635
          17     42.5906     44.7999     10.8929
          18     43.9279     44.7514     10.5733
          19     38.4521     44.4199     10.2191
          20     42.2343     44.3106     9.93518
