           1     2.03841     2.03841     2.02175
           2     2.02601     2.03221     1.42551
           3     2.08982     2.05141     1.17504
           4     1.90658     2.01521     1.00004
           5     1.99254     2.01067    0.892326
           6     2.20875     2.04369    0.828601
           7     2.07178      2.0477    0.768545
           8     2.00076     2.04183    0.716758
           9     2.05643     2.04345    0.676236
          10     2.00041     2.03915    0.640135
          11     2.05547     2.04063     0.61076
          12     1.99306     2.03667    0.583578
          13     2.08046     2.04004    0.561609
          14     2.07451      2.0425    0.541824
          15     2.14405     2.04927    0.525227
          16     2.04395     2.04894    0.508454
          17     2.03807      2.0483    0.493104
          18      1.9509     2.04289    0.477945
          19     2.07522     2.04459    0.465565
          20     2.09408     2.04706    0.454317
           1     2.03841     2.03841     2.02175
           2     2.02601     2.03221     1.42551
           3     2.08982     2.05141     1.17504
           4     1.90658     2.01521     1.00004
           5     1.99254     2.01067    0.892326
           6     2.20875     2.04369    0.828601
           7     2.07178      2.0477    0.768545
           8     2.00076     2.04183    0.716758
           9     2.05643     2.04345    0.676236
          10     2.00041     2.03915    0.640135
          11     2.05547     2.04063     0.61076
          12     1.99306     2.03667    0.583578
          13     2.08046     2.04004    0.561609
          14     2.07451      2.0425    0.541824
          15     2.14405     2.04927    0.525227
          16     2.04395     2.04894    0.508454
          17     2.03807      2.0483    0.493104
          18      1.9509     2.04289    0.477945
          19     2.07522     2.04459    0.465565
          20     2.09408     2.04706    0.454317
           1     2.06495     2.06495     2.04911
           2     2.09337     2.07916     1.45882
           3     1.95502     2.03778     1.16747
           4     2.04992     2.04081     1.01236
           5     1.98975      2.0306    0.900931
           6     2.10963     2.04377    0.827933
           7     2.05533     2.04542    0.767103
           8     2.09434     2.05154    0.719707
           9     1.99661     2.04544    0.676512
          10      2.0383     2.04472    0.641545
          11     2.02992     2.04338    0.611287
          12     2.08153     2.04656    0.586175
          13     1.90609     2.03575    0.560277
          14     1.99255     2.03267    0.539066
          15     2.21719     2.04497    0.524103
          16     2.07071     2.04658    0.507849
          17     1.99962     2.04381    0.492003
          18     2.03614     2.04339    0.478024
          19     2.02058     2.04219    0.464989
          20     2.06253      2.0432    0.453437
           1     2.05634     2.05634     2.04051
           2     2.04182     2.04908     1.43764
           3     2.10308     2.06708     1.18423
           4     1.98683     2.04702     1.01553
           5     2.01403     2.04042    0.905258
           6     1.98524     2.03122    0.822641
           7      2.0863     2.03909    0.764649
           8     2.06848     2.04277    0.716542
           9     2.14916     2.05459    0.679594
          10     1.97734     2.04686    0.642293
          11     2.05119     2.04726    0.612504
          12     2.00089     2.04339    0.585318
          13     2.08937     2.04693    0.563327
          14     1.90552     2.03683    0.540228
          15     2.01468     2.03535    0.521504
          16     2.22093     2.04695    0.507975
          17     2.04791     2.04701    0.492803
          18     1.97637     2.04308     0.47799
          19     2.06893     2.04444     0.46554
          20     1.98685     2.04156    0.453101
