           1     2.83433     2.83433     2.81811
           2     2.89643     2.86538     2.01435
           3     2.78181     2.83752      1.6286
           4     3.21294     2.93137     1.45967
           5     2.86773     2.91865     1.29946
           6     2.68341     2.87944     1.17034
           7     3.06191     2.90551     1.09342
           8     2.80238     2.89262     1.01804
           9     2.84501     2.88733    0.957873
          10     2.87258     2.88585    0.908164
          11     2.99299     2.89559    0.868838
          12     3.12598     2.91479    0.837533
          13     2.91233      2.9146    0.804546
          14     2.95897     2.91777     0.77607
          15     2.94146     2.91935      0.7501
          16     3.03187     2.92638     0.72803
          17     2.93125     2.92667    0.706309
          18     2.83509     2.92158    0.685186
          19     2.91472     2.92122    0.666791
          20      3.0476     2.92754    0.651317
           1     2.83433     2.83433     2.81811
           2     2.89643     2.86538     2.01435
           3     2.78181     2.83752      1.6286
           4     3.21294     2.93137     1.45967
           5     2.86773     2.91865     1.29946
           6     2.68341     2.87944     1.17034
           7     3.06191     2.90551     1.09342
           8     2.80238     2.89262     1.01804
           9     2.84501     2.88733    0.957873
          10     2.87258     2.88585    0.908164
          11     2.99299     2.89559    0.868838
          12     3.12598     2.91479    0.837533
          13     2.91233      2.9146    0.804546
          14     2.95897     2.91777     0.77607
          15     2.94146     2.91935      0.7501
          16     3.03187     2.92638     0.72803
          17     2.93125     2.92667    0.706309
          18     2.83509     2.92158    0.685186
          19     2.91472     2.92122    0.666791
          20      3.0476     2.92754    0.651317
           1     2.83433     2.83433     2.81811
           2     2.89643     2.86538     2.01435
           3     2.78181     2.83752      1.6286
           4     3.21294     2.93137     1.45967
           5     2.86773     2.91865     1.29946
           6     2.68341     2.87944     1.17034
           7     3.06191     2.90551     1.09342
           8     2.80238     2.89262     1.01804
           9     2.84501     2.88733    0.957873
          10     2.87258     2.88585    0.908164
          11     2.99299     2.89559    0.868838
          12     3.12598     2.91479    0.837533
          13     2.91233      2.9146    0.804546
          14     2.95897     2.91777     0.77607
          15     2.94146     2.91935      0.7501
          16     3.03187     2.92638     0.72803
          17     2.93125     2.92667    0.706309
          18     2.83509     2.92158    0.685186
          19     2.91472     2.92122    0.666791
          20      3.0476     2.92754    0.651317
           1     2.93347     2.93347     2.91638
           2     2.91434     2.92391     2.05552
           3     2.92273     2.92352     1.67811
           4     3.12337     2.97348     1.47902
           5     2.87909      2.9546     1.31443
           6     2.74637     2.91989     1.18595
           7     2.79998     2.90276     1.09149
           8     2.86706      2.8983     1.01934
           9     2.87538     2.89575    0.960164
          10     2.84001     2.89018     0.90912
          11     2.90304     2.89135    0.867102
          12     2.79043     2.88294    0.827753
          13     3.20634     2.90782    0.802519
          14     2.87894     2.90575    0.772718
          15     2.67319     2.89025    0.742579
          16     3.03439     2.89926    0.721262
          17     2.84189     2.89588    0.698854
          18     2.83349     2.89242    0.678303
          19     2.87705     2.89161    0.660003
          20     2.99015     2.89654    0.644399
           1      3.1029      3.1029     3.08707
           2     2.93134     3.01712     2.12257
           3     2.86836     2.96753     1.70463
           4     2.97706     2.96991     1.47724
           5     3.08118     2.99217     1.33131
           6     2.89523     2.97601      1.2087
           7     2.77121     2.94675     1.10813
           8      2.8263      2.9317     1.03126
           9     2.90687     2.92894      0.9713
          10     2.84512     2.92056    0.918818
          11     2.77265     2.90711    0.872046
          12     2.94067     2.90991    0.835675
          13     2.79428     2.90101    0.800418
          14     3.12847     2.91726    0.775768
          15     2.88016     2.91479    0.748783
          16     2.70089     2.90142     0.72171
          17     3.09058     2.91254    0.702908
          18     2.81422     2.90708    0.681784
          19     2.81944     2.90247    0.662509
          20     2.88849     2.90177     0.64556
