           1    0.204789    0.204789           0
           2    0.205986    0.205388 0.000423208
           3    0.208792    0.206523 0.000968444
           4    0.206744    0.206578 0.000727912
           5    0.207247    0.206712  0.00059449
           6    0.202437    0.205999 0.000817575
           7    0.206267    0.206037 0.000701672
           8    0.208596    0.206357 0.000682954
           9    0.206952    0.206423 0.000610255
          10    0.210517    0.206833 0.000672645
          11    0.199895    0.206202  0.00085762
          12    0.208592    0.206401 0.000808945
          13    0.198722     0.20581 0.000937926
          14     0.20701    0.205896 0.000874839
          15    0.200116    0.205511 0.000897386
          16    0.206502    0.205573 0.000843433
          17    0.206474    0.205626 0.000795486
          18    0.205769    0.205634 0.000751332
          19    0.201588    0.205421 0.000741342
          20    0.201459    0.205223 0.000730255
           1    0.204789    0.204789           0
           2    0.205986    0.205388 0.000423208
           3    0.208792    0.206523 0.000968444
           4    0.206744    0.206578 0.000727912
           5    0.207247    0.206712  0.00059449
           6    0.202437    0.205999 0.000817575
           7    0.206267    0.206037 0.000701672
           8    0.208596    0.206357 0.000682954
           9    0.206952    0.206423 0.000610255
          10    0.210517    0.206833 0.000672645
          11    0.199895    0.206202  0.00085762
          12    0.208592    0.206401 0.000808945
          13    0.198722     0.20581 0.000937926
          14     0.20701    0.205896 0.000874839
          15    0.200116    0.205511 0.000897386
          16    0.206502    0.205573 0.000843433
          17    0.206474    0.205626 0.000795486
          18    0.205769    0.205634 0.000751332
          19    0.201588    0.205421 0.000741342
          20    0.201459    0.205223 0.000730255
           1    0.204963    0.204963           0
           2    0.210115    0.207539  0.00182154
           3     0.20483    0.206636  0.00142077
           4     0.20502    0.206232  0.00112154
           5    0.203731    0.205732  0.00100259
           6    0.207743    0.206067 0.000889749
           7    0.205892    0.206042 0.000762993
           8    0.202578    0.205609 0.000780877
           9    0.210998    0.206208 0.000894702
          10    0.202791    0.205866 0.000868017
          11    0.205542    0.205837 0.000789605
          12    0.205931    0.205844 0.000723843
          13    0.209777    0.206147 0.000728633
          14    0.206294    0.206157 0.000676663
          15    0.203952     0.20601 0.000647331
          16    0.204648    0.205925 0.000612447
          17    0.205873    0.205922 0.000576428
          18    0.208253    0.206052 0.000558755
          19    0.208449    0.206178 0.000543401
          20     0.20978    0.206358 0.000545257
