           1    0.827848    0.827848           0
           2    0.820352      0.8241  0.00265024
           3    0.830088    0.826096  0.00240368
           4    0.828708    0.826749  0.00188938
           5    0.834268    0.828253  0.00202331
           6    0.822208    0.827245   0.0019206
           7    0.832816    0.828041  0.00180359
           8    0.816544    0.826604   0.0020731
           9    0.813408    0.825138  0.00230362
          10    0.836324    0.826256  0.00232907
          11    0.824676    0.826113  0.00212177
          12    0.826248    0.826124  0.00194498
          13    0.822828     0.82587  0.00181182
          14    0.838176    0.826749  0.00188358
          15    0.835784    0.827352  0.00185181
          16    0.831924    0.827638  0.00175798
          17      0.8354    0.828094  0.00171284
          18    0.826748    0.828019  0.00161932
          19    0.834396    0.828355  0.00156848
          20    0.834268    0.828651  0.00151767
