           1    0.995876    0.995876           0
           2    0.994196    0.995036  0.00059397
           3    0.994044    0.994705 0.000479264
           4    0.994608    0.994681 0.000360065
           5    0.994764    0.994698 0.000288434
           6    0.994344    0.994639 0.000246309
           7    0.995728    0.994794 0.000255598
           8    0.996128    0.994961  0.00027265
           9    0.993784     0.99483 0.000271917
          10     0.99382    0.994729 0.000262822
          11    0.995324    0.994783 0.000244428
          12    0.991904    0.994543 0.000320898
          13    0.994824    0.994565 0.000296939
          14     0.99458    0.994566 0.000275731
          15    0.995464    0.994626 0.000263768
          16    0.995348    0.994671 0.000251114
          17    0.994312     0.99465 0.000237229
          18    0.994532    0.994643  0.00022414
          19    0.994512    0.994636  0.00021245
          20    0.994844    0.994647 0.000202081
