           1   -0.954616   -0.954616           0
           2   -0.964576   -0.959596  0.00352139
           3     -0.9586   -0.959264  0.00236319
           4   -0.959504   -0.959324  0.00177316
           5    -0.95356   -0.958171  0.00175367
           6   -0.958568   -0.958237  0.00146264
           7   -0.960584   -0.958573  0.00129154
           8    -0.95064   -0.957581    0.001462
           9    -0.95916   -0.957756  0.00131004
          10   -0.962272   -0.958208  0.00125444
          11   -0.959328    -0.95831  0.00114453
          12   -0.959536   -0.958412   0.0010537
          13   -0.945128    -0.95739  0.00138199
          14    -0.94972   -0.956842  0.00138763
          15   -0.961912    -0.95718  0.00133565
          16   -0.957152   -0.957178  0.00125217
          17   -0.949216    -0.95671  0.00126308
          18   -0.951824   -0.956439  0.00122173
          19   -0.957024   -0.956469  0.00115782
          20   -0.954648   -0.956378   0.0011035
           1   -0.954616   -0.954616           0
           2   -0.964576   -0.959596  0.00352139
           3     -0.9586   -0.959264  0.00236319
           4   -0.959504   -0.959324  0.00177316
           5    -0.95356   -0.958171  0.00175367
           6   -0.958568   -0.958237  0.00146264
           7   -0.960584   -0.958573  0.00129154
           8    -0.95064   -0.957581    0.001462
           9    -0.95916   -0.957756  0.00131004
          10   -0.962272   -0.958208  0.00125444
          11   -0.959328    -0.95831  0.00114453
          12   -0.959536   -0.958412   0.0010537
          13   -0.945128    -0.95739  0.00138199
          14    -0.94972   -0.956842  0.00138763
          15   -0.961912    -0.95718  0.00133565
          16   -0.957152   -0.957178  0.00125217
          17   -0.949216    -0.95671  0.00126308
          18   -0.951824   -0.956439  0.00122173
          19   -0.957024   -0.956469  0.00115782
          20   -0.954648   -0.956378   0.0011035
           1   -0.954616   -0.954616           0
           2   -0.964576   -0.959596  0.00352139
           3     -0.9586   -0.959264  0.00236319
           4   -0.959504   -0.959324  0.00177316
           5    -0.95356   -0.958171  0.00175367
           6   -0.958568   -0.958237  0.00146264
           7   -0.960584   -0.958573  0.00129154
           8    -0.95064   -0.957581    0.001462
           9    -0.95916   -0.957756  0.00131004
          10   -0.962272   -0.958208  0.00125444
          11   -0.959328    -0.95831  0.00114453
          12   -0.959536   -0.958412   0.0010537
          13   -0.945128    -0.95739  0.00138199
          14    -0.94972   -0.956842  0.00138763
          15   -0.961912    -0.95718  0.00133565
          16   -0.957152   -0.957178  0.00125217
          17   -0.949216    -0.95671  0.00126308
          18   -0.951824   -0.956439  0.00122173
          19   -0.957024   -0.956469  0.00115782
          20   -0.954648   -0.956378   0.0011035
           1    -0.95784    -0.95784           0
           2   -0.951936   -0.954888  0.00208738
           3   -0.953688   -0.954488   0.0014294
           4   -0.967344   -0.957702  0.00298272
           5   -0.966816   -0.959525  0.00288997
           6   -0.947048   -0.957445   0.0030665
           7   -0.947016   -0.955955  0.00296839
           8   -0.966832   -0.957315  0.00289198
           9   -0.950752   -0.956586    0.002661
          10   -0.952784   -0.956206  0.00242191
          11    -0.96548   -0.957049   0.0023439
          12    -0.95796   -0.957125  0.00214981
          13    -0.95924   -0.957287  0.00199058
          14    -0.95356   -0.957021  0.00186612
          15   -0.959096   -0.957159  0.00174683
          16   -0.960832   -0.957389  0.00165267
          17   -0.950656   -0.956993   0.0016022
          18   -0.959072   -0.957108  0.00151735
          19   -0.961888    -0.95736  0.00145819
          20   -0.959016   -0.957443  0.00138763
           1   -0.952704   -0.952704           0
           2   -0.952952   -0.952828 8.76812e-05
           3   -0.955824   -0.953827   0.0008175
           4   -0.952816   -0.953574 0.000651002
           5    -0.96616   -0.956091   0.0023109
           6   -0.967216   -0.957945  0.00256386
           7   -0.947192   -0.956409  0.00261766
           8   -0.946824   -0.955211  0.00254996
           9    -0.96284   -0.956059   0.0024034
          10   -0.955792   -0.956032   0.0021632
          11    -0.95068   -0.955545  0.00202053
          12   -0.966416   -0.956451  0.00204516
          13   -0.961432   -0.956834  0.00192339
          14   -0.952576    -0.95653   0.0018099
          15   -0.960744   -0.956811   0.0017109
          16   -0.958592   -0.956923  0.00160759
          17   -0.956144   -0.956877  0.00151367
          18   -0.952008   -0.956606  0.00145355
          19    -0.96016   -0.956793  0.00138903
          20   -0.964112   -0.957159  0.00136693
           1   -0.952704   -0.952704           0
           2   -0.952952   -0.952828 8.76812e-05
           3   -0.955824   -0.953827   0.0008175
           4   -0.952816   -0.953574 0.000651002
           5    -0.96616   -0.956091   0.0023109
           6   -0.967216   -0.957945  0.00256386
           7   -0.947192   -0.956409  0.00261766
           8   -0.946824   -0.955211  0.00254996
           9    -0.96284   -0.956059   0.0024034
          10   -0.955792   -0.956032   0.0021632
          11    -0.95068   -0.955545  0.00202053
          12   -0.966416   -0.956451  0.00204516
          13   -0.961432   -0.956834  0.00192339
          14   -0.952576    -0.95653   0.0018099
          15   -0.960744   -0.956811   0.0017109
          16   -0.958592   -0.956923  0.00160759
          17   -0.956144   -0.956877  0.00151367
          18   -0.952008   -0.956606  0.00145355
          19    -0.96016   -0.956793  0.00138903
          20   -0.964112   -0.957159  0.00136693
