           1   -0.681752   -0.681752           0
           2   -0.682744   -0.682248 0.000350725
           3    -0.68176   -0.682085 0.000268906
           4   -0.681224    -0.68187 0.000274683
           5   -0.682648   -0.682026 0.000260111
           6   -0.686328   -0.682743 0.000689545
           7   -0.684288   -0.682963  0.00062538
           8   -0.679976    -0.68259 0.000649195
           9   -0.680592   -0.682368 0.000613847
          10   -0.680448   -0.682176 0.000581715
          11   -0.680536   -0.682027 0.000547604
          12   -0.681472   -0.681981 0.000503919
          13   -0.684064   -0.682141 0.000489976
          14    -0.67988   -0.681979 0.000480856
          15   -0.680216   -0.681862 0.000462947
          16   -0.682968   -0.681931 0.000439145
          17   -0.682216   -0.681948 0.000413632
          18   -0.680944   -0.681892 0.000394394
          19   -0.680392   -0.681813 0.000381456
          20   -0.683416   -0.681893 0.000370708
           1   -0.681752   -0.681752           0
           2   -0.682744   -0.682248 0.000350725
           3    -0.68176   -0.682085 0.000268906
           4   -0.681224    -0.68187 0.000274683
           5   -0.682648   -0.682026 0.000260111
           6   -0.686328   -0.682743 0.000689545
           7   -0.684288   -0.682963  0.00062538
           8   -0.679976    -0.68259 0.000649195
           9   -0.680592   -0.682368 0.000613847
          10   -0.680448   -0.682176 0.000581715
          11   -0.680536   -0.682027 0.000547604
          12   -0.681472   -0.681981 0.000503919
          13   -0.684064   -0.682141 0.000489976
          14    -0.67988   -0.681979 0.000480856
          15   -0.680216   -0.681862 0.000462947
          16   -0.682968   -0.681931 0.000439145
          17   -0.682216   -0.681948 0.000413632
          18   -0.680944   -0.681892 0.000394394
          19   -0.680392   -0.681813 0.000381456
          20   -0.683416   -0.681893 0.000370708
           1   -0.681752   -0.681752           0
           2   -0.682744   -0.682248 0.000350725
           3    -0.68176   -0.682085 0.000268906
           4   -0.681224    -0.68187 0.000274683
           5   -0.682648   -0.682026 0.000260111
           6   -0.686328   -0.682743 0.000689545
           7   -0.684288   -0.682963  0.00062538
           8   -0.679976    -0.68259 0.000649195
           9   -0.680592   -0.682368 0.000613847
          10   -0.680448   -0.682176 0.000581715
          11   -0.680536   -0.682027 0.000547604
          12   -0.681472   -0.681981 0.000503919
          13   -0.684064   -0.682141 0.000489976
          14    -0.67988   -0.681979 0.000480856
          15   -0.680216   -0.681862 0.000462947
          16   -0.682968   -0.681931 0.000439145
          17   -0.682216   -0.681948 0.000413632
          18   -0.680944   -0.681892 0.000394394
          19   -0.680392   -0.681813 0.000381456
          20   -0.683416   -0.681893 0.000370708
           1   -0.680384   -0.680384           0
           2   -0.681608   -0.680996 0.000432749
           3   -0.682656   -0.681549 0.000536051
           4   -0.676576   -0.680306  0.00114937
           5   -0.682024    -0.68065 0.000969493
           6    -0.67852   -0.680295  0.00087046
           7    -0.68124    -0.68043 0.000756512
           8   -0.683328   -0.680792 0.000743653
           9   -0.686592   -0.681436  0.00089784
          10   -0.681648   -0.681458 0.000808306
          11   -0.682688   -0.681569 0.000742522
          12   -0.681496   -0.681563 0.000680671
          13   -0.681216   -0.681537 0.000628835
          14   -0.682408   -0.681599 0.000586991
          15   -0.686712    -0.68194 0.000639217
          16   -0.684024    -0.68207 0.000612396
          17   -0.680096   -0.681954 0.000587278
          18   -0.680512   -0.681874 0.000560088
          19   -0.680528   -0.681803  0.00053507
          20   -0.680752    -0.68175  0.00051089
           1   -0.683976   -0.683976           0
           2    -0.67948   -0.681728  0.00158958
           3   -0.681344     -0.6816  0.00106486
           4   -0.684432   -0.682308  0.00100687
           5   -0.675632   -0.680973   0.0014405
           6    -0.68092   -0.680964  0.00120044
           7   -0.679936   -0.680817  0.00103789
           8    -0.68116    -0.68086  0.00090904
           9   -0.684784   -0.681296 0.000906585
          10   -0.685384   -0.681705 0.000903405
          11   -0.681792   -0.681713 0.000821312
          12   -0.682544   -0.681782 0.000755785
          13   -0.681776   -0.681782 0.000697648
          14   -0.680856   -0.681715 0.000650941
          15   -0.684256   -0.681885 0.000629194
          16   -0.684632   -0.682056 0.000612849
          17   -0.684096   -0.682176 0.000588425
          18    -0.67984   -0.682047 0.000569872
          19    -0.68136   -0.682011 0.000541023
          20   -0.679992    -0.68191 0.000523301
           1   -0.683976   -0.683976           0
           2    -0.67948   -0.681728  0.00158958
           3   -0.681344     -0.6816  0.00106486
           4   -0.684432   -0.682308  0.00100687
           5   -0.675632   -0.680973   0.0014405
           6    -0.68092   -0.680964  0.00120044
           7   -0.679936   -0.680817  0.00103789
           8    -0.68116    -0.68086  0.00090904
           9   -0.684784   -0.681296 0.000906585
          10   -0.685384   -0.681705 0.000903405
          11   -0.681792   -0.681713 0.000821312
          12   -0.682544   -0.681782 0.000755785
          13   -0.681776   -0.681782 0.000697648
          14   -0.680856   -0.681715 0.000650941
          15   -0.684256   -0.681885 0.000629194
          16   -0.684632   -0.682056 0.000612849
          17   -0.684096   -0.682176 0.000588425
          18    -0.67984   -0.682047 0.000569872
          19    -0.68136   -0.682011 0.000541023
          20   -0.679992    -0.68191 0.000523301
