           1     1.91184     1.91184     1.89533
           2     1.91858     1.91521     1.34262
           3     1.92819     1.91954     1.09881
           4     1.84981      1.9021      0.9429
           5     1.89141     1.89997     0.84239
           6     1.89532     1.89919    0.768661
           7     1.89229     1.89821    0.711269
           8     1.88735     1.89685    0.664863
           9     1.90612     1.89788    0.627179
          10     1.88289     1.89638    0.594555
          11      1.9667     1.90277    0.568863
          12      1.8513     1.89848    0.543402
          13     1.88643     1.89756    0.521803
          14     1.90911     1.89838    0.503041
          15      1.9332      1.9007    0.486581
          16     1.89483     1.90034    0.471044
          17     1.99123     1.90568     0.45832
          18     1.88609     1.90459    0.445143
          19     1.88635     1.90363    0.433057
          20     1.91223     1.90406    0.422186
           1     1.91184     1.91184     1.89533
           2     1.91858     1.91521     1.34262
           3     1.92819     1.91954     1.09881
           4     1.84981      1.9021      0.9429
           5     1.89141     1.89997     0.84239
           6     1.89532     1.89919    0.768661
           7     1.89229     1.89821    0.711269
           8     1.88735     1.89685    0.664863
           9     1.90612     1.89788    0.627179
          10     1.88289     1.89638    0.594555
          11      1.9667     1.90277    0.568863
          12      1.8513     1.89848    0.543402
          13     1.88643     1.89756    0.521803
          14     1.90911     1.89838    0.503041
          15      1.9332      1.9007    0.486581
          16     1.89483     1.90034    0.471044
          17     1.99123     1.90568     0.45832
          18     1.88609     1.90459    0.445143
          19     1.88635     1.90363    0.433057
          20     1.91223     1.90406    0.422186
           1     1.86443     1.86443     1.84725
           2       1.918     1.89122      1.3258
           3     1.92049     1.90098     1.08818
           4     2.00623     1.92729    0.955865
           5       1.932     1.92823    0.855371
           6     1.88844      1.9216    0.778149
           7     1.85114     1.91153    0.716635
           8     1.94104     1.91522    0.671587
           9     1.93104     1.91698    0.633716
          10     1.90941     1.91622    0.600934
          11     1.91373       1.916    0.572885
          12     1.93482     1.91756    0.548948
          13     1.84732     1.91216    0.525912
          14     1.88844     1.91047    0.506322
          15     1.90104     1.90984    0.488983
          16     1.89235     1.90875    0.473178
          17     1.88525     1.90736    0.458715
          18     1.90548     1.90726    0.445761
          19     1.88405     1.90604    0.433603
          20     1.96647     1.90906    0.423314
           1     1.89026     1.89026     1.87345
           2      1.9072     1.89873     1.33084
           3     1.87761     1.89169     1.08271
           4      1.9204     1.89887     0.94126
           5     2.00599     1.92029    0.851762
           6     1.93755     1.92317    0.778753
           7     1.86712     1.91516    0.717977
           8     1.87863      1.9106    0.669945
           9     1.90677     1.91017    0.631439
          10      1.9595      1.9151    0.600574
          11     1.89488     1.91327    0.572057
          12      1.9324     1.91486    0.548167
          13     1.90606     1.91418    0.526458
          14     1.84535     1.90927       0.506
          15     1.91997     1.90998    0.489016
          16     1.86442     1.90713    0.472774
          17     1.91848      1.9078    0.458821
          18     1.89387     1.90703    0.445709
          19     1.90359     1.90684    0.433777
          20     1.90667     1.90684    0.422803
