           1     4.13558     4.13558     4.12108
           2     4.15572     4.14565     2.92072
           3     3.81686     4.03606     2.32302
           4     4.00508     4.02831     2.00736
           5     3.96244     4.01514     1.78935
           6      4.0388     4.01908     1.63491
           7     3.93401     4.00693     1.50902
           8     4.08655     4.01688     1.41505
           9     4.10319     4.02647     1.33729
          10      4.0235     4.02617     1.26852
          11     3.83076     4.00841     1.20421
          12     3.82473      3.9931     1.14858
          13     4.22635     4.01104     1.10862
          14     3.89956     4.00308     1.06616
          15     3.73251     3.98504     1.02544
          16      4.0666     3.99014    0.994133
          17     4.09138      3.9961    0.965882
          18     3.98356      3.9954    0.938492
          19     3.93524     3.99223    0.912707
          20     3.85461     3.98535    0.888046
           1     4.13558     4.13558     4.12108
           2     4.15572     4.14565     2.92072
           3     3.81686     4.03606     2.32302
           4     4.00508     4.02831     2.00736
           5     3.96244     4.01514     1.78935
           6      4.0388     4.01908     1.63491
           7     3.93401     4.00693     1.50902
           8     4.08655     4.01688     1.41505
           9     4.10319     4.02647     1.33729
          10      4.0235     4.02617     1.26852
          11     3.83076     4.00841     1.20421
          12     3.82473      3.9931     1.14858
          13     4.22635     4.01104     1.10862
          14     3.89956     4.00308     1.06616
          15     3.73251     3.98504     1.02544
          16      4.0666     3.99014    0.994133
          17     4.09138      3.9961    0.965882
          18     3.98356      3.9954    0.938492
          19     3.93524     3.99223    0.912707
          20     3.85461     3.98535    0.888046
           1     4.13558     4.13558     4.12108
           2     4.15572     4.14565     2.92072
           3     3.81686     4.03606     2.32302
           4     4.00508     4.02831     2.00736
           5     3.96244     4.01514     1.78935
           6      4.0388     4.01908     1.63491
           7     3.93401     4.00693     1.50902
           8     4.08655     4.01688     1.41505
           9     4.10319     4.02647     1.33729
          10      4.0235     4.02617     1.26852
          11     3.83076     4.00841     1.20421
          12     3.82473      3.9931     1.14858
          13     4.22635     4.01104     1.10862
          14     3.89956     4.00308     1.06616
          15     3.73251     3.98504     1.02544
          16      4.0666     3.99014    0.994133
          17     4.09138      3.9961    0.965882
          18     3.98356      3.9954    0.938492
          19     3.93524     3.99223    0.912707
          20     3.85461     3.98535    0.888046
           1     4.11697     4.11697     4.10167
           2     3.84753     3.98225     2.80571
           3     4.01608     3.99353     2.29727
           4     3.94242     3.98075     1.98279
           5     4.17557     4.01971     1.79119
           6     3.90442      4.0005     1.62725
           7     3.89251     3.98507     1.50066
           8     3.88374     3.97241     1.39918
           9     3.87743     3.96185     1.31563
          10     4.14315     3.97998     1.25398
          11     4.11505     3.99226     1.19935
          12     3.81293     3.97732     1.14402
          13     4.05103     3.98299     1.10067
          14     3.94746     3.98045     1.05992
          15     4.02074     3.98314     1.02465
          16     3.96758     3.98216    0.991859
          17     4.10421     3.98934    0.963999
          18      4.0914     3.99501    0.938168
          19     4.02093     3.99638    0.913442
          20     3.84125     3.98862    0.888595
           1     3.69304     3.69304     3.67625
           2     4.08851     3.89077      2.7434
           3     3.86097     3.88084      2.2329
           4     3.95971     3.90056     1.94339
           5     3.96015     3.91247     1.74332
           6     4.27922      3.9736     1.61726
           7     3.93245     3.96772     1.49486
           8     3.87199     3.95575     1.39397
           9     3.87428      3.9467     1.31106
          10     3.90225     3.94226     1.24231
          11      4.1469     3.96086     1.19022
          12      4.0458     3.96794     1.14154
          13     3.84666     3.95861     1.09415
          14     3.96214     3.95886     1.05435
          15     3.98295     3.96047     1.01897
          16     4.05206     3.96619    0.988034
          17     3.93833     3.96455    0.958114
          18     4.16956     3.97594    0.933847
          19     4.02456      3.9785    0.909504
          20     3.95461     3.97731    0.886182
           1     3.69304     3.69304     3.67625
           2     4.08851     3.89077      2.7434
           3     3.86097     3.88084      2.2329
           4     3.95971     3.90056     1.94339
           5     3.96015     3.91247     1.74332
           6     4.27922      3.9736     1.61726
           7     3.93245     3.96772     1.49486
           8     3.87199     3.95575     1.39397
           9     3.87428      3.9467     1.31106
          10     3.90225     3.94226     1.24231
          11      4.1469     3.96086     1.19022
          12      4.0458     3.96794     1.14154
          13     3.84666     3.95861     1.09415
          14     3.96214     3.95886     1.05435
          15     3.98295     3.96047     1.01897
          16     4.05206     3.96619    0.988034
          17     3.93833     3.96455    0.958114
          18     4.16956     3.97594    0.933847
          19     4.02456      3.9785    0.909504
          20     3.95461     3.97731    0.886182
