           1    -0.56984    -0.56984           0
           2   -0.568672   -0.569256  0.00041295
           3   -0.566616   -0.568376 0.000769452
           4   -0.570736   -0.568966 0.000770783
           5   -0.564464   -0.568066   0.0010143
           6   -0.568984   -0.568219 0.000856722
           7   -0.568128   -0.568206 0.000734431
           8   -0.569352   -0.568349 0.000656456
           9    -0.57016    -0.56855 0.000613582
          10   -0.566992   -0.568394 0.000571667
          11   -0.568464   -0.568401 0.000519732
          12   -0.567536   -0.568329 0.000481391
          13   -0.568248   -0.568322 0.000444401
          14   -0.570888   -0.568506 0.000448854
          15   -0.567792   -0.568458 0.000421444
          16   -0.567232   -0.568382 0.000402011
          17   -0.564544   -0.568156  0.00043717
          18     -0.5688   -0.568192 0.000414345
          19   -0.567768   -0.568169 0.000393137
          20   -0.571992    -0.56836 0.000417366
           1    -0.56984    -0.56984           0
           2   -0.568672   -0.569256  0.00041295
           3   -0.566616   -0.568376 0.000769452
           4   -0.570736   -0.568966 0.000770783
           5   -0.564464   -0.568066   0.0010143
           6   -0.568984   -0.568219 0.000856722
           7   -0.568128   -0.568206 0.000734431
           8   -0.569352   -0.568349 0.000656456
           9    -0.57016    -0.56855 0.000613582
          10   -0.566992   -0.568394 0.000571667
          11   -0.568464   -0.568401 0.000519732
          12   -0.567536   -0.568329 0.000481391
          13   -0.568248   -0.568322 0.000444401
          14   -0.570888   -0.568506 0.000448854
          15   -0.567792   -0.568458 0.000421444
          16   -0.567232   -0.568382 0.000402011
          17   -0.564544   -0.568156  0.00043717
          18     -0.5688   -0.568192 0.000414345
          19   -0.567768   -0.568169 0.000393137
          20   -0.571992    -0.56836 0.000417366
           1   -0.567848   -0.567848           0
           2    -0.56492   -0.566384   0.0010352
           3   -0.567728   -0.566832 0.000781083
           4    -0.57216   -0.568164  0.00129377
           5   -0.569216   -0.568374  0.00105199
           6    -0.56872   -0.568432 0.000878231
           7   -0.569312   -0.568558 0.000761714
           8   -0.568464   -0.568546 0.000666589
           9    -0.56672   -0.568343 0.000622635
          10   -0.569472   -0.568456 0.000570514
          11   -0.568552   -0.568465 0.000518716
          12   -0.566728    -0.56832 0.000495268
          13   -0.570752   -0.568507 0.000491234
          14   -0.564656   -0.568232 0.000527571
          15   -0.568888   -0.568276 0.000494209
          16   -0.568144   -0.568268  0.00046339
          17   -0.569632   -0.568348 0.000443028
          18   -0.569856   -0.568432 0.000426266
          19   -0.566928   -0.568352 0.000411111
          20   -0.568312    -0.56835  0.00039056
           1   -0.569384   -0.569384           0
           2   -0.567048   -0.568216 0.000825901
           3   -0.564408   -0.566947  0.00117358
           4   -0.568232   -0.567268 0.000923132
           5   -0.572344   -0.568283  0.00117043
           6   -0.569864   -0.568547  0.00100457
           7     -0.5678    -0.56844 0.000866705
           8   -0.569312   -0.568549  0.00076519
           9   -0.568304   -0.568522 0.000680653
          10   -0.566016   -0.568271 0.000657095
          11   -0.571872   -0.568599 0.000673982
          12   -0.567752   -0.568528 0.000621498
          13   -0.566448   -0.568368 0.000593929
          14   -0.570312   -0.568507 0.000567505
          15   -0.564496   -0.568239 0.000589307
          16   -0.569232   -0.568302 0.000555731
          17   -0.568688   -0.568324 0.000523506
          18   -0.569136   -0.568369 0.000496361
          19   -0.569736   -0.568441  0.00047542
          20   -0.565624     -0.5683 0.000472056
