           1     0.34902     0.34902           0
           2    0.324656    0.336838  0.00861397
           3    0.331512    0.335063  0.00592277
           4    0.336016    0.335301  0.00444687
           5    0.328836    0.334008  0.00374076
           6    0.338392    0.334739  0.00318786
           7    0.327044    0.333639  0.00291582
           8      0.3293    0.333097   0.0026013
           9     0.32768    0.332495  0.00238089
          10    0.332876    0.332533   0.0021431
          11    0.352224    0.334323  0.00259014
          12      0.3344     0.33433   0.0023743
          13    0.346192    0.335242   0.0023605
          14    0.342016    0.335726  0.00224094
          15    0.340228    0.336026  0.00211154
          16     0.34618    0.336661  0.00207275
          17    0.337376    0.336703  0.00195125
          18    0.329868    0.336323  0.00187943
          19    0.334644    0.336235  0.00178259
          20    0.341312    0.336489  0.00171144
