           1     2.50374     2.50374     2.48722
           2     2.55692     2.53033     1.77739
           3     2.78252     2.61439     1.50149
           4     2.51919     2.59059     1.28811
           5      2.4629     2.56505     1.14075
           6     2.49009     2.55256     1.03622
           7     2.55942     2.55354    0.959565
           8     2.34765      2.5278    0.888679
           9     2.50652     2.52544    0.836953
          10     2.44059     2.51695    0.791244
          11     2.45835     2.51163    0.752789
          12     2.63509     2.52191    0.723751
          13     2.43634     2.51533    0.693488
          14     2.45796     2.51123    0.667137
          15     2.44745     2.50698    0.643384
          16      2.4762     2.50506    0.622445
          17     2.47805     2.50347    0.603451
          18     2.49323      2.5029    0.586297
          19     2.63042     2.50961    0.572231
          20     2.42529      2.5054     0.55678
           1     2.50374     2.50374     2.48722
           2     2.55692     2.53033     1.77739
           3     2.78252     2.61439     1.50149
           4     2.51919     2.59059     1.28811
           5      2.4629     2.56505     1.14075
           6     2.49009     2.55256     1.03622
           7     2.55942     2.55354    0.959565
           8     2.34765      2.5278    0.888679
           9     2.50652     2.52544    0.836953
          10     2.44059     2.51695    0.791244
          11     2.45835     2.51163    0.752789
          12     2.63509     2.52191    0.723751
          13     2.43634     2.51533    0.693488
          14     2.45796     2.51123    0.667137
          15     2.44745     2.50698    0.643384
          16      2.4762     2.50506    0.622445
          17     2.47805     2.50347    0.603451
          18     2.49323      2.5029    0.586297
          19     2.63042     2.50961    0.572231
          20     2.42529      2.5054     0.55678
           1     2.50374     2.50374     2.48722
           2     2.55692     2.53033     1.77739
           3     2.78252     2.61439     1.50149
           4     2.51919     2.59059     1.28811
           5      2.4629     2.56505     1.14075
           6     2.49009     2.55256     1.03622
           7     2.55942     2.55354    0.959565
           8     2.34765      2.5278    0.888679
           9     2.50652     2.52544    0.836953
          10     2.44059     2.51695    0.791244
          11     2.45835     2.51163    0.752789
          12     2.63509     2.52191    0.723751
           1     2.45821     2.45821     2.44167
           2     2.61045     2.53433     1.78145
           3      2.5798     2.54949     1.46299
           4     2.48598     2.53361     1.25874
           5     2.45867     2.51863     1.11916
           6     2.49079     2.51399     1.01972
           7     2.57287      2.5224    0.947238
           8     2.49169     2.51856    0.884683
           9     2.37266     2.50235     0.82874
          10     2.50135     2.50225    0.786169
          11     2.55588     2.50712    0.751034
          12     2.76446     2.52857    0.725549
          13     2.53603     2.52914    0.697191
          14     2.45587     2.52391    0.670431
          15     2.51159     2.52309     0.64748
          16     2.55738     2.52523    0.627429
          17     2.34427     2.51459    0.606167
          18      2.5065     2.51414    0.588955
          19     2.43236     2.50983    0.572239
          20     2.46955     2.50782    0.557293
           1     2.43124     2.43124     2.41416
           2      2.4341     2.43267     1.70819
           3     2.65468     2.50668     1.43894
           4     2.57428     2.52358     1.25439
           5     2.43579     2.50602     1.11385
           6     2.46351     2.49893     1.01382
           7     2.51315     2.50097    0.939321
           8     2.56299     2.50872    0.881391
           9     2.51748     2.50969    0.831266
          10     2.33588     2.49231    0.783195
          11     2.52717     2.49548    0.747679
          12     2.57291     2.50193    0.717708
          13     2.79619     2.52457    0.696159
          14     2.51272     2.52372    0.670557
          15     2.40663     2.51592    0.645808
          16     2.55677     2.51847    0.625933
          17     2.50101     2.51744    0.606956
          18     2.31917     2.50643    0.587314
          19     2.52632     2.50747    0.571862
          20     2.40355     2.50228    0.556199
