           1    0.464294    0.464294           0
           2    0.406306      0.4353    0.020502
           3    0.444562    0.438387   0.0138985
           4    0.432776    0.436985   0.0104944
           5    0.396142    0.428816   0.0111295
           6    0.410105    0.425698  0.00970165
           7    0.387593    0.420254  0.00972366
           8    0.458376    0.425019  0.00960511
           9    0.403366    0.422613  0.00883405
          10     0.41089    0.421441  0.00802806
          11    0.398809    0.419384  0.00755729
          12    0.429073    0.420191  0.00697052
          13     0.49141    0.425669   0.0083129
          14    0.389958    0.423119  0.00810104
          15    0.420722    0.422959  0.00756255
          16    0.424009    0.423024  0.00709017
          17    0.422134    0.422972   0.0066733
          18    0.370901    0.420079  0.00690116
          19    0.364577    0.417158  0.00712942
          20    0.480553    0.420328  0.00744431
           1    0.464294    0.464294           0
           2    0.406306      0.4353    0.020502
           3    0.444562    0.438387   0.0138985
           4    0.432776    0.436985   0.0104944
           5    0.396142    0.428816   0.0111295
           6    0.410105    0.425698  0.00970165
           7    0.387593    0.420254  0.00972366
           8    0.458376    0.425019  0.00960511
           9    0.403366    0.422613  0.00883405
          10     0.41089    0.421441  0.00802806
          11    0.398809    0.419384  0.00755729
          12    0.429073    0.420191  0.00697052
          13     0.49141    0.425669   0.0083129
          14    0.389958    0.423119  0.00810104
          15    0.420722    0.422959  0.00756255
          16    0.424009    0.423024  0.00709017
          17    0.422134    0.422972   0.0066733
          18    0.370901    0.420079  0.00690116
          19    0.364577    0.417158  0.00712942
          20    0.480553    0.420328  0.00744431
           1    0.464294    0.464294           0
           2    0.406306      0.4353    0.020502
           3    0.444562    0.438387   0.0138985
           4    0.432776    0.436985   0.0104944
           5    0.396142    0.428816   0.0111295
           6    0.410105    0.425698  0.00970165
           7    0.387593    0.420254  0.00972366
           8    0.458376    0.425019  0.00960511
           9    0.403366    0.422613  0.00883405
          10     0.41089    0.421441  0.00802806
          11    0.398809    0.419384  0.00755729
          12    0.429073    0.420191  0.00697052
          13     0.49141    0.425669   0.0083129
          14    0.389958    0.423119  0.00810104
          15    0.420722    0.422959  0.00756255
          16    0.424009    0.423024  0.00709017
          17    0.422134    0.422972   0.0066733
          18    0.370901    0.420079  0.00690116
          19    0.364577    0.417158  0.00712942
          20    0.480553    0.420328  0.00744431
           1    0.445821    0.445821           0
           2    0.388823    0.417322   0.0201521
           3    0.458215    0.430953   0.0174458
           4    0.432515    0.431343   0.0130887
           5    0.480563    0.441187   0.0136807
           6    0.421496    0.437905   0.0117877
           7    0.404877    0.433187   0.0110076
           8    0.446426    0.434842  0.00975527
           9    0.426132    0.433874  0.00871922
          10    0.466609    0.437148  0.00843945
          11    0.395614    0.433372  0.00847488
          12    0.452702    0.434983  0.00792024
          13     0.43496    0.434981  0.00731099
          14    0.397969    0.432337  0.00725103
          15    0.399497    0.430148  0.00709045
          16    0.396549    0.428048  0.00695131
          17    0.455729    0.429676  0.00673041
          18    0.397535    0.427891  0.00658912
          19    0.415567    0.427242  0.00627416
          20    0.402462    0.426003  0.00608156
           1    0.395684    0.395684           0
           2    0.422761    0.409222  0.00957286
           3    0.395971    0.404805  0.00733044
           4    0.473125    0.421885   0.0157804
           5    0.449771    0.427462   0.0135741
           6    0.454217    0.431922   0.0120219
           7    0.418057    0.429941   0.0104663
           8    0.409686    0.427409  0.00945934
           9     0.43521    0.428276  0.00844792
          10    0.422888    0.427737  0.00762029
          11    0.455967    0.430303  0.00734699
          12    0.444038    0.431448  0.00682331
          13    0.425242    0.430971  0.00631511
          14    0.433128    0.431125  0.00586592
          15    0.391968    0.428514  0.00602779
          16    0.412232    0.427497  0.00573631
          17     0.41479    0.426749  0.00544736
          18    0.438849    0.427421  0.00518604
          19    0.401024    0.426032  0.00509579
          20    0.396382     0.42455  0.00505205
           1    0.395684    0.395684           0
           2    0.422761    0.409222  0.00957286
           3    0.395971    0.404805  0.00733044
           4    0.473125    0.421885   0.0157804
           5    0.449771    0.427462   0.0135741
           6    0.454217    0.431922   0.0120219
           7    0.418057    0.429941   0.0104663
           8    0.409686    0.427409  0.00945934
           9     0.43521    0.428276  0.00844792
          10    0.422888    0.427737  0.00762029
          11    0.455967    0.430303  0.00734699
          12    0.444038    0.431448  0.00682331
          13    0.425242    0.430971  0.00631511
          14    0.433128    0.431125  0.00586592
          15    0.391968    0.428514  0.00602779
          16    0.412232    0.427497  0.00573631
          17     0.41479    0.426749  0.00544736
          18    0.438849    0.427421  0.00518604
          19    0.401024    0.426032  0.00509579
          20    0.396382     0.42455  0.00505205
