           1    0.367827    0.367827           0
           2    0.365672    0.366749 0.000761859
           3     0.36007    0.364523  0.00188744
           4    0.373304    0.366718   0.0023702
           5    0.390534    0.371481  0.00466328
           6    0.381654    0.373177  0.00418294
           7    0.374295    0.373337  0.00358843
           8    0.382022    0.374422  0.00330003
           9    0.361988    0.373041  0.00320957
          10    0.365149    0.372251  0.00298407
          11    0.370279    0.372072  0.00271817
          12    0.374725    0.372293  0.00250063
          13    0.386271    0.373368  0.00252889
          14    0.366422    0.372872  0.00239644
          15    0.384021    0.373615   0.0023491
          16    0.372161    0.373525  0.00220404
          17    0.369674    0.373298    0.002086
          18    0.367436    0.372972  0.00199537
          19    0.386061    0.373661  0.00200575
          20    0.369661    0.373461  0.00191541
           1    0.367827    0.367827           0
           2    0.365672    0.366749 0.000761859
           3     0.36007    0.364523  0.00188744
           4    0.373304    0.366718   0.0023702
           5    0.390534    0.371481  0.00466328
           6    0.381654    0.373177  0.00418294
           7    0.374295    0.373337  0.00358843
           8    0.382022    0.374422  0.00330003
           9    0.361988    0.373041  0.00320957
          10    0.365149    0.372251  0.00298407
          11    0.370279    0.372072  0.00271817
          12    0.374725    0.372293  0.00250063
          13    0.386271    0.373368  0.00252889
          14    0.366422    0.372872  0.00239644
          15    0.384021    0.373615   0.0023491
          16    0.372161    0.373525  0.00220404
          17    0.369674    0.373298    0.002086
          18    0.367436    0.372972  0.00199537
          19    0.386061    0.373661  0.00200575
          20    0.369661    0.373461  0.00191541
           1    0.367827    0.367827           0
           2    0.365672    0.366749 0.000761859
           3     0.36007    0.364523  0.00188744
           4    0.373304    0.366718   0.0023702
           5    0.390534    0.371481  0.00466328
           6    0.381654    0.373177  0.00418294
           7    0.374295    0.373337  0.00358843
           8    0.382022    0.374422  0.00330003
           9    0.361988    0.373041  0.00320957
          10    0.365149    0.372251  0.00298407
          11    0.370279    0.372072  0.00271817
          12    0.374725    0.372293  0.00250063
          13    0.386271    0.373368  0.00252889
          14    0.366422    0.372872  0.00239644
          15    0.384021    0.373615   0.0023491
          16    0.372161    0.373525  0.00220404
          17    0.369674    0.373298    0.002086
          18    0.367436    0.372972  0.00199537
          19    0.386061    0.373661  0.00200575
          20    0.369661    0.373461  0.00191541
           1    0.367417    0.367417           0
           2    0.379221    0.373319  0.00417343
           3    0.374377    0.373672  0.00279715
           4    0.370482    0.372874  0.00220863
           5    0.370636    0.372427  0.00181173
           6    0.367991    0.371687  0.00165376
           7     0.37148    0.371658  0.00141777
           8    0.374904    0.372063  0.00129734
           9    0.348536    0.369449  0.00272114
          10    0.367683    0.369273  0.00245475
          11    0.365305    0.368912  0.00225794
          12      0.3611    0.368261  0.00216158
          13    0.373149    0.368637  0.00202774
          14    0.389065    0.370096  0.00234998
          15    0.382947    0.370953  0.00234428
          16    0.373949     0.37114  0.00220523
          17    0.381111    0.371727   0.0021521
          18    0.362613     0.37122  0.00209124
          19    0.365101    0.370898  0.00200582
          20    0.370025    0.370855  0.00190601
           1    0.368496    0.368496           0
           2    0.361568    0.365032  0.00244912
           3    0.383315    0.371126  0.00523705
           4    0.371807    0.371296  0.00393055
           5    0.373204    0.371678  0.00316291
           6    0.369504    0.371316  0.00265643
           7    0.360444    0.369763  0.00269293
           8    0.376109    0.370556  0.00247039
           9    0.371161    0.370623  0.00219682
          10     0.35946    0.369507  0.00224289
          11    0.361533    0.368782  0.00215295
          12    0.362264    0.368239   0.0020409
          13    0.362913    0.367829  0.00192459
          14    0.368263     0.36786  0.00178737
          15    0.397504    0.369836   0.0025354
          16    0.381544    0.370568  0.00248028
          17    0.373506    0.370741   0.0023404
          18    0.381377    0.371332  0.00228375
          19    0.363402    0.370914  0.00220135
          20    0.365889    0.370663  0.00210558
           1    0.368496    0.368496           0
           2    0.361568    0.365032  0.00244912
           3    0.383315    0.371126  0.00523705
           4    0.371807    0.371296  0.00393055
           5    0.373204    0.371678  0.00316291
           6    0.369504    0.371316  0.00265643
           7    0.360444    0.369763  0.00269293
           8    0.376109    0.370556  0.00247039
           9    0.371161    0.370623  0.00219682
          10     0.35946    0.369507  0.00224289
          11    0.361533    0.368782  0.00215295
          12    0.362264    0.368239   0.0020409
          13    0.362913    0.367829  0.00192459
          14    0.368263     0.36786  0.00178737
          15    0.397504    0.369836   0.0025354
          16    0.381544    0.370568  0.00248028
          17    0.373506    0.370741   0.0023404
          18    0.381377    0.371332  0.00228375
          19    0.363402    0.370914  0.00220135
          20    0.365889    0.370663  0.00210558
