           1     2.77003     2.77003     2.75324
           2     2.88205     2.82604     1.98718
           3     2.80335     2.81848     1.61801
           4     2.98605     2.86037     1.42269
           5     2.66282     2.82086     1.25512
           6     2.64616     2.79175     1.13388
           7     2.86467     2.80216     1.05364
           8     2.73062     2.79322    0.982318
           9     2.92859     2.80826    0.931219
          10     2.76509     2.80394    0.882026
          11     2.58508     2.78405    0.835137
          12     2.67123     2.77465    0.796856
          13     2.82206     2.77829    0.766586
          14     2.79227     2.77929    0.738932
          15     2.74132     2.77676    0.713162
          16     2.56355     2.76343    0.687268
          17     2.75742     2.76308    0.666635
          18     2.84359     2.76755    0.648881
          19     2.76689     2.76752    0.631536
          20     2.58335     2.75831    0.613505
           1     2.77003     2.77003     2.75324
           2     2.88205     2.82604     1.98718
           3     2.80335     2.81848     1.61801
           4     2.98605     2.86037     1.42269
           5     2.66282     2.82086     1.25512
           6     2.64616     2.79175     1.13388
           7     2.86467     2.80216     1.05364
           8     2.73062     2.79322    0.982318
           9     2.92859     2.80826    0.931219
          10     2.76509     2.80394    0.882026
          11     2.58508     2.78405    0.835137
          12     2.67123     2.77465    0.796856
          13     2.82206     2.77829    0.766586
          14     2.79227     2.77929    0.738932
          15     2.74132     2.77676    0.713162
          16     2.56355     2.76343    0.687268
          17     2.75742     2.76308    0.666635
          18     2.84359     2.76755    0.648881
          19     2.76689     2.76752    0.631536
          20     2.58335     2.75831    0.613505
           1     2.77003     2.77003     2.75324
           2     2.88205     2.82604     1.98718
           3     2.80335     2.81848     1.61801
           4     2.98605     2.86037     1.42269
           5     2.66282     2.82086     1.25512
           6     2.64616     2.79175     1.13388
           7     2.86467     2.80216     1.05364
           8     2.73062     2.79322    0.982318
           9     2.92859     2.80826    0.931219
          10     2.76509     2.80394    0.882026
          11     2.58508     2.78405    0.835137
          12     2.67123     2.77465    0.796856
          13     2.82206     2.77829    0.766586
          14     2.79227     2.77929    0.738932
          15     2.74132     2.77676    0.713162
          16     2.56355     2.76343    0.687268
          17     2.75742     2.76308    0.666635
          18     2.84359     2.76755    0.648881
          19     2.76689     2.76752    0.631536
          20     2.58335     2.75831    0.613505
           1     2.77555     2.77555     2.75917
           2     2.75703     2.76629     1.94436
           3     2.75268     2.76175     1.58488
           4     2.58584     2.71778     1.35082
           5     2.80161     2.73454     1.21574
           6     2.66161     2.72239     1.10475
           7      2.6184     2.70753     1.01721
           8     2.69177     2.70556    0.950752
           9     2.72693     2.70794     0.89714
          10     2.77141     2.71428    0.853117
          11     2.89128     2.73037    0.818431
          12     2.79243     2.73555    0.785079
          13     2.96636      2.7533    0.759403
          14     2.69532     2.74916    0.730644
          15     2.64709     2.74235    0.704081
          16     2.85037     2.74911    0.683426
          17     2.72588     2.74774    0.662657
          18     2.92685     2.75769    0.646399
          19     2.79044     2.75941    0.629547
          20     2.57231     2.75006    0.611563
           1     2.75572     2.75572     2.73914
           2     2.73615     2.74594     1.92994
           3      2.7668     2.75289     1.57979
           4     2.77078     2.75736     1.37034
           5     2.61009     2.72791     1.21265
           6     2.79044     2.73833     1.11121
           7     2.57693     2.71527     1.02018
           8     2.71395     2.71511    0.954185
           9     2.63645     2.70637    0.896674
          10     2.71884     2.70762    0.851023
          11     2.79554     2.71561    0.813869
          12     2.90188     2.73113    0.783847
          13     2.79951     2.73639     0.75455
          14     2.99854     2.75512    0.732336
          15     2.60441     2.74507    0.704932
          16     2.70341     2.74247    0.681845
          17     2.85685     2.74919    0.663128
          18     2.70382     2.74667    0.643819
          19     2.96214     2.75801    0.629337
          20     2.75057     2.75764    0.613302
