           1      -0.528      -0.528           0
           2    -0.53048    -0.52924 0.000876812
           3   -0.526144   -0.528208  0.00102553
           4   -0.529896    -0.52863 0.000851556
           5   -0.529248   -0.528754 0.000690156
           6      -0.529   -0.528795 0.000576351
           7   -0.528048   -0.528688 0.000503789
           8   -0.529904    -0.52884 0.000463178
           9   -0.527848    -0.52873 0.000424626
          10   -0.529896   -0.528846 0.000397856
          11   -0.525584    -0.52855  0.00045911
          12   -0.526832   -0.528407 0.000442606
          13   -0.527712   -0.528353 0.000411773
          14   -0.529016   -0.528401 0.000385072
          15   -0.528288   -0.528393 0.000359474
          16   -0.528512     -0.5284 0.000337083
          17   -0.533632   -0.528708 0.000435639
          18   -0.529968   -0.528778  0.00041702
          19    -0.52844    -0.52876 0.000395452
          20    -0.52652   -0.528648 0.000391224
           1      -0.528      -0.528           0
           2    -0.53048    -0.52924 0.000876812
           3   -0.526144   -0.528208  0.00102553
           4   -0.529896    -0.52863 0.000851556
           5   -0.529248   -0.528754 0.000690156
           6      -0.529   -0.528795 0.000576351
           7   -0.528048   -0.528688 0.000503789
           8   -0.529904    -0.52884 0.000463178
           9   -0.527848    -0.52873 0.000424626
          10   -0.529896   -0.528846 0.000397856
          11   -0.525584    -0.52855  0.00045911
          12   -0.526832   -0.528407 0.000442606
          13   -0.527712   -0.528353 0.000411773
          14   -0.529016   -0.528401 0.000385072
          15   -0.528288   -0.528393 0.000359474
          16   -0.528512     -0.5284 0.000337083
          17   -0.533632   -0.528708 0.000435639
          18   -0.529968   -0.528778  0.00041702
          19    -0.52844    -0.52876 0.000395452
          20    -0.52652   -0.528648 0.000391224
           1   -0.527616   -0.527616           0
           2   -0.528584     -0.5281  0.00034224
           3   -0.528704   -0.528301 0.000281212
           4   -0.529896     -0.5287 0.000404579
           5   -0.531104   -0.529181 0.000538231
           6   -0.530008   -0.529319 0.000465848
           7     -0.5312   -0.529587 0.000470482
           8     -0.5316   -0.529839 0.000474184
           9    -0.52516   -0.529319 0.000646462
          10   -0.527744   -0.529162 0.000600698
          11    -0.53076   -0.529307  0.00056339
          12   -0.526088   -0.529039 0.000576775
          13   -0.529864   -0.529102  0.00053589
          14   -0.529112   -0.529103 0.000497613
          15   -0.529232   -0.529111 0.000464513
          16   -0.527968    -0.52904 0.000440944
          17   -0.529864   -0.529088 0.000417662
          18   -0.527944   -0.529025 0.000399269
          19   -0.529696    -0.52906 0.000379814
          20   -0.525432   -0.528879 0.000401818
           1   -0.525616   -0.525616           0
           2   -0.530056   -0.527836  0.00156978
           3   -0.528496   -0.528056  0.00106182
           4    -0.52856   -0.528182 0.000803808
           5   -0.529512   -0.528448 0.000685648
           6   -0.530984   -0.528871 0.000689449
           7   -0.530344   -0.529081 0.000622255
           8   -0.531352   -0.529365 0.000605767
           9   -0.530096   -0.529446 0.000543878
          10   -0.527424   -0.529244 0.000525742
          11   -0.526592   -0.529003 0.000530353
          12   -0.530672   -0.529142 0.000504066
          13   -0.526088   -0.528907 0.000517146
          14   -0.529312   -0.528936 0.000481015
          15   -0.528992    -0.52894 0.000448962
          16   -0.528784    -0.52893 0.000421007
          17   -0.528784   -0.528921  0.00039633
          18   -0.531064    -0.52904 0.000391779
          19     -0.5274   -0.528954 0.000380554
          20   -0.530584   -0.529036 0.000370149
