           1   -0.870016   -0.870016           0
           2   -0.867672   -0.868844 0.000828729
           3     -0.8736   -0.870429   0.0014074
           4   -0.876384   -0.871918  0.00166622
           5   -0.866352   -0.870805  0.00166379
           6   -0.876616   -0.871773   0.0016444
           7   -0.876728   -0.872481  0.00155438
           8   -0.868856   -0.872028   0.0014246
           9   -0.872072   -0.872033  0.00126632
          10   -0.868864   -0.871716  0.00117867
          11    -0.87012   -0.871571  0.00108041
          12    -0.87668   -0.871997  0.00107099
          13   -0.866768   -0.871594  0.00106144
          14   -0.872736   -0.871676 0.000988752
          15   -0.873944   -0.871827 0.000934325
          16   -0.862896   -0.871269  0.00102925
          17   -0.877112   -0.871613  0.00102449
          18   -0.873536    -0.87172 0.000973132
          19   -0.870536   -0.871657 0.000923906
          20   -0.870048   -0.871577 0.000881208
           1   -0.870016   -0.870016           0
           2   -0.867672   -0.868844 0.000828729
           3     -0.8736   -0.870429   0.0014074
           4   -0.876384   -0.871918  0.00166622
           5   -0.866352   -0.870805  0.00166379
           6   -0.876616   -0.871773   0.0016444
           7   -0.876728   -0.872481  0.00155438
           8   -0.868856   -0.872028   0.0014246
           9   -0.872072   -0.872033  0.00126632
          10   -0.868864   -0.871716  0.00117867
          11    -0.87012   -0.871571  0.00108041
          12    -0.87668   -0.871997  0.00107099
          13   -0.866768   -0.871594  0.00106144
          14   -0.872736   -0.871676 0.000988752
          15   -0.873944   -0.871827 0.000934325
          16   -0.862896   -0.871269  0.00102925
          17   -0.877112   -0.871613  0.00102449
          18   -0.873536    -0.87172 0.000973132
          19   -0.870536   -0.871657 0.000923906
          20   -0.870048   -0.871577 0.000881208
           1   -0.870016   -0.870016           0
           2   -0.867672   -0.868844 0.000828729
           3     -0.8736   -0.870429   0.0014074
           4   -0.876384   -0.871918  0.00166622
           5   -0.866352   -0.870805  0.00166379
           6   -0.876616   -0.871773   0.0016444
           7   -0.876728   -0.872481  0.00155438
           8   -0.868856   -0.872028   0.0014246
           9   -0.872072   -0.872033  0.00126632
          10   -0.868864   -0.871716  0.00117867
          11    -0.87012   -0.871571  0.00108041
          12    -0.87668   -0.871997  0.00107099
          13   -0.866768   -0.871594  0.00106144
          14   -0.872736   -0.871676 0.000988752
          15   -0.873944   -0.871827 0.000934325
          16   -0.862896   -0.871269  0.00102925
          17   -0.877112   -0.871613  0.00102449
          18   -0.873536    -0.87172 0.000973132
          19   -0.870536   -0.871657 0.000923906
          20   -0.870048   -0.871577 0.000881208
           1   -0.874904   -0.874904           0
           2   -0.865912   -0.870408  0.00317915
           3   -0.865656   -0.868824  0.00248288
           4   -0.869048    -0.86888  0.00186279
           5    -0.86904   -0.868912  0.00149051
           6   -0.868488   -0.868841  0.00124377
           7   -0.863888   -0.868134  0.00125129
           8   -0.868304   -0.868155  0.00109506
           9   -0.869232   -0.868275 0.000979904
          10   -0.869952   -0.868442 0.000896154
          11   -0.868456   -0.868444 0.000814687
          12   -0.872296   -0.868765 0.000807574
          13   -0.877416    -0.86943 0.000982093
          14   -0.865792    -0.86917   0.0009457
          15   -0.877168   -0.869703  0.00102196
          16   -0.876424   -0.870124  0.00104083
          17   -0.868656   -0.870037 0.000983182
          18   -0.872544   -0.870176 0.000938373
          19   -0.868672   -0.870097 0.000892319
          20   -0.869776   -0.870081 0.000847848
           1     -0.8762     -0.8762           0
           2   -0.873888   -0.875044 0.000817415
           3   -0.868544   -0.872877  0.00185111
           4   -0.864416   -0.870762  0.00229857
           5   -0.866416   -0.869893  0.00199645
           6   -0.873496   -0.870493   0.0017517
           7   -0.865984   -0.869849  0.00161557
           8    -0.86352   -0.869058  0.00159562
           9    -0.86968   -0.869127  0.00141983
          10    -0.86852   -0.869066  0.00127914
          11   -0.868816   -0.869044  0.00116306
          12   -0.870648   -0.869177  0.00107379
          13   -0.873448   -0.869506  0.00104023
          14   -0.876368   -0.869996  0.00107523
          15   -0.864664   -0.869641  0.00106068
          16   -0.875944   -0.870034  0.00106504
          17    -0.87768   -0.870484  0.00109323
          18   -0.869176   -0.870412  0.00103491
          19   -0.871616   -0.870475 0.000982378
          20    -0.86732   -0.870317 0.000945839
           1     -0.8762     -0.8762           0
           2   -0.873888   -0.875044 0.000817415
           3   -0.868544   -0.872877  0.00185111
           4   -0.864416   -0.870762  0.00229857
           5   -0.866416   -0.869893  0.00199645
           6   -0.873496   -0.870493   0.0017517
           7   -0.865984   -0.869849  0.00161557
           8    -0.86352   -0.869058  0.00159562
           9    -0.86968   -0.869127  0.00141983
          10    -0.86852   -0.869066  0.00127914
          11   -0.868816   -0.869044  0.00116306
          12   -0.870648   -0.869177  0.00107379
          13   -0.873448   -0.869506  0.00104023
          14   -0.876368   -0.869996  0.00107523
          15   -0.864664   -0.869641  0.00106068
          16   -0.875944   -0.870034  0.00106504
          17    -0.87768   -0.870484  0.00109323
          18   -0.869176   -0.870412  0.00103491
          19   -0.871616   -0.870475 0.000982378
          20    -0.86732   -0.870317 0.000945839
