           1    0.409576    0.409576           0
           2    0.403048    0.406312  0.00230787
           3    0.400658    0.404427  0.00217611
           4    0.408318      0.4054  0.00183662
           5    0.403724    0.405065  0.00149956
           6    0.403738    0.404844  0.00126584
           7    0.410646    0.405673    0.001329
           8    0.394832    0.404318  0.00172017
           9    0.426993    0.406837  0.00282497
          10     0.38554    0.404707  0.00324748
          11    0.401924    0.404454   0.0029621
          12    0.402257    0.404271  0.00272091
          13    0.407739    0.404538  0.00252465
          14    0.396945    0.403996  0.00240186
          15    0.388962    0.402993   0.0024419
          16    0.418989    0.403993  0.00248552
          17    0.408895    0.404281  0.00235598
          18    0.403799    0.404255  0.00222524
          19     0.41744    0.404949  0.00221368
          20    0.400787    0.404741  0.00211276
           1    0.409576    0.409576           0
           2    0.403048    0.406312  0.00230787
           3    0.400658    0.404427  0.00217611
           4    0.408318      0.4054  0.00183662
           5    0.403724    0.405065  0.00149956
           6    0.403738    0.404844  0.00126584
           7    0.410646    0.405673    0.001329
           8    0.394832    0.404318  0.00172017
           9    0.426993    0.406837  0.00282497
          10     0.38554    0.404707  0.00324748
          11    0.401924    0.404454   0.0029621
          12    0.402257    0.404271  0.00272091
          13    0.407739    0.404538  0.00252465
          14    0.396945    0.403996  0.00240186
          15    0.388962    0.402993   0.0024419
          16    0.418989    0.403993  0.00248552
          17    0.408895    0.404281  0.00235598
          18    0.403799    0.404255  0.00222524
          19     0.41744    0.404949  0.00221368
          20    0.400787    0.404741  0.00211276
           1    0.409576    0.409576           0
           2    0.403048    0.406312  0.00230787
           3    0.400658    0.404427  0.00217611
           4    0.408318      0.4054  0.00183662
           5    0.403724    0.405065  0.00149956
           6    0.403738    0.404844  0.00126584
           7    0.410646    0.405673    0.001329
           8    0.394832    0.404318  0.00172017
           9    0.426993    0.406837  0.00282497
          10     0.38554    0.404707  0.00324748
          11    0.401924    0.404454   0.0029621
          12    0.402257    0.404271  0.00272091
          13    0.407739    0.404538  0.00252465
          14    0.396945    0.403996  0.00240186
          15    0.388962    0.402993   0.0024419
          16    0.418989    0.403993  0.00248552
          17    0.408895    0.404281  0.00235598
          18    0.403799    0.404255  0.00222524
          19     0.41744    0.404949  0.00221368
          20    0.400787    0.404741  0.00211276
           1    0.393593    0.393593           0
           2    0.412931    0.403262  0.00683709
           3     0.39033    0.398951  0.00575885
           4    0.391955    0.397202  0.00457703
           5    0.399126    0.397587  0.00367776
           6    0.423006    0.401824  0.00493457
           7    0.401739    0.401811  0.00422964
           8    0.410681     0.40292  0.00384352
           9    0.418064    0.404603   0.0037668
          10    0.407649    0.404907  0.00340241
          11    0.401206    0.404571   0.0031097
          12    0.403798    0.404506  0.00285122
          13    0.408202    0.404791  0.00264603
          14    0.402615    0.404635  0.00246159
          15    0.404694    0.404639  0.00229748
          16    0.410263    0.404991  0.00218061
          17    0.393295    0.404303  0.00215813
          18    0.426468    0.405534  0.00236359
          19    0.387497    0.404585  0.00242235
          20    0.401964    0.404454  0.00230477
           1    0.416644    0.416644           0
           2    0.389368    0.403006  0.00964352
           3    0.412138     0.40605  0.00689268
           4    0.389621    0.401943  0.00627509
           5    0.395653    0.400685  0.00514463
           6    0.403443    0.401145  0.00430767
           7     0.42219    0.404151  0.00462391
           8    0.398401    0.403432   0.0041014
           9    0.412105    0.404396   0.0037572
          10    0.413459    0.405302  0.00348909
          11    0.410104    0.405739  0.00319909
          12    0.403213    0.405528  0.00293941
          13    0.401561    0.405223   0.0027291
          14    0.406362    0.405304  0.00253537
          15    0.398566    0.404855  0.00240582
          16    0.413391    0.405389  0.00231385
          17    0.408263    0.405558   0.0021839
          18    0.393022    0.404861  0.00217077
          19    0.425275    0.405936  0.00230713
          20    0.391439    0.405211  0.00230282
           1    0.416644    0.416644           0
           2    0.389368    0.403006  0.00964352
           3    0.412138     0.40605  0.00689268
           4    0.389621    0.401943  0.00627509
           5    0.395653    0.400685  0.00514463
           6    0.403443    0.401145  0.00430767
           7     0.42219    0.404151  0.00462391
           8    0.398401    0.403432   0.0041014
           9    0.412105    0.404396   0.0037572
          10    0.413459    0.405302  0.00348909
          11    0.410104    0.405739  0.00319909
          12    0.403213    0.405528  0.00293941
          13    0.401561    0.405223   0.0027291
          14    0.406362    0.405304  0.00253537
          15    0.398566    0.404855  0.00240582
          16    0.413391    0.405389  0.00231385
          17    0.408263    0.405558   0.0021839
          18    0.393022    0.404861  0.00217077
          19    0.425275    0.405936  0.00230713
          20    0.391439    0.405211  0.00230282
