           1    0.302719    0.302719           0
           2    0.317484    0.310101  0.00522006
           3     0.31273    0.310978  0.00355283
           4    0.322331    0.313816  0.00362531
           5    0.315225    0.314098  0.00291118
           6    0.326572    0.316177  0.00308014
           7    0.319212     0.31661  0.00267047
           8    0.324949    0.317653   0.0025319
           9    0.324012    0.318359  0.00234711
          10    0.308089    0.317332  0.00232629
          11    0.306365    0.316335  0.00231863
          12     0.31895    0.316553  0.00213562
          13    0.315349    0.316461  0.00197335
          14    0.316796    0.316484  0.00183255
          15    0.322123     0.31686   0.0017485
          16    0.318631    0.316971  0.00164272
          17    0.324217    0.317397  0.00160043
          18    0.316535    0.317349  0.00151223
          19    0.320498    0.317515  0.00144169
          20    0.326672    0.317973  0.00144048
           1    0.302719    0.302719           0
           2    0.317484    0.310101  0.00522006
           3     0.31273    0.310978  0.00355283
           4    0.322331    0.313816  0.00362531
           5    0.315225    0.314098  0.00291118
           6    0.326572    0.316177  0.00308014
           7    0.319212     0.31661  0.00267047
           8    0.324949    0.317653   0.0025319
           9    0.324012    0.318359  0.00234711
          10    0.308089    0.317332  0.00232629
          11    0.306365    0.316335  0.00231863
          12     0.31895    0.316553  0.00213562
          13    0.315349    0.316461  0.00197335
          14    0.316796    0.316484  0.00183255
          15    0.322123     0.31686   0.0017485
          16    0.318631    0.316971  0.00164272
          17    0.324217    0.317397  0.00160043
          18    0.316535    0.317349  0.00151223
          19    0.320498    0.317515  0.00144169
          20    0.326672    0.317973  0.00144048
           1    0.302719    0.302719           0
           2    0.317484    0.310101  0.00522006
           3     0.31273    0.310978  0.00355283
           4    0.322331    0.313816  0.00362531
           5    0.315225    0.314098  0.00291118
           6    0.326572    0.316177  0.00308014
           7    0.319212     0.31661  0.00267047
           8    0.324949    0.317653   0.0025319
           9    0.324012    0.318359  0.00234711
          10    0.308089    0.317332  0.00232629
          11    0.306365    0.316335  0.00231863
          12     0.31895    0.316553  0.00213562
          13    0.315349    0.316461  0.00197335
          14    0.316796    0.316484  0.00183255
          15    0.322123     0.31686   0.0017485
          16    0.318631    0.316971  0.00164272
          17    0.324217    0.317397  0.00160043
          18    0.316535    0.317349  0.00151223
          19    0.320498    0.317515  0.00144169
          20    0.326672    0.317973  0.00144048
           1    0.316192    0.316192           0
           2    0.313216    0.314704  0.00105229
           3    0.313675    0.314361   0.0007554
           4    0.316478     0.31489 0.000728693
           5     0.30927    0.313766   0.0011622
           6    0.320638    0.314912  0.00142518
           7    0.311662    0.314447    0.001295
           8    0.310467     0.31395  0.00122499
           9    0.303909    0.312834  0.00151397
          10    0.301409    0.311692  0.00174111
          11    0.319095    0.312365  0.00170796
          12    0.311887    0.312325   0.0015661
          13    0.321988    0.313068  0.00161243
          14    0.316731     0.31333  0.00151833
          15     0.32552    0.314142  0.00162006
          16    0.318863    0.314437  0.00154543
          17     0.32522    0.315072  0.00157933
          18    0.323773    0.315555  0.00156383
          19    0.308448    0.315181   0.0015256
          20    0.306369     0.31474   0.0015116
           1    0.312966    0.312966           0
           2     0.31879    0.315878  0.00205881
           3    0.311181    0.314312   0.0018757
           4    0.314435    0.314343  0.00140703
           5    0.315565    0.314587  0.00114667
           6    0.312563     0.31425  0.00100395
           7    0.322784    0.315469  0.00141937
           8     0.30673    0.314377  0.00160826
           9    0.310851    0.313985  0.00147652
          10    0.299318    0.312518  0.00192408
          11    0.306681    0.311988  0.00182086
          12    0.317896     0.31248  0.00173441
          13    0.312438    0.312477    0.001601
          14    0.323377    0.313255  0.00166524
          15     0.31495    0.313368  0.00155805
          16    0.324671    0.314075  0.00161287
          17    0.323252    0.314615  0.00160581
          18    0.322239    0.315038  0.00157147
          19    0.323499    0.315483  0.00155057
          20    0.306619     0.31504  0.00153507
