           1     1.79465     1.79465     1.77858
           2     1.82107     1.80786      1.2673
           3     1.75178     1.78916     1.02387
           4     1.79787     1.79134    0.887768
           5     1.90226     1.81352    0.804264
           6     1.75707     1.80412    0.730285
           7     1.79655     1.80303     0.67568
           8     1.71041     1.79146    0.627967
           9     1.76507     1.78853     0.59102
          10     1.78075     1.78775    0.560422
          11     1.87523      1.7957    0.536787
          12     1.82188     1.79788     0.51455
          13      1.8411     1.80121    0.495287
          14     1.74483     1.79718     0.47619
          15     1.70936     1.79133    0.458551
          16     1.81027     1.79251    0.444268
          17      1.8044     1.79321    0.431161
          18     1.77155     1.79201    0.418718
          19     1.84423     1.79475    0.408178
          20     1.76301     1.79317    0.397486
           1     1.79465     1.79465     1.77858
           2     1.82107     1.80786      1.2673
           3     1.75178     1.78916     1.02387
           4     1.79787     1.79134    0.887768
           5     1.90226     1.81352    0.804264
           6     1.75707     1.80412    0.730285
           7     1.79655     1.80303     0.67568
           8     1.71041     1.79146    0.627967
           9     1.76507     1.78853     0.59102
          10     1.78075     1.78775    0.560422
          11     1.87523      1.7957    0.536787
          12     1.82188     1.79788     0.51455
          13      1.8411     1.80121    0.495287
          14     1.74483     1.79718     0.47619
          15     1.70936     1.79133    0.458551
          16     1.81027     1.79251    0.444268
          17      1.8044     1.79321    0.431161
          18     1.77155     1.79201    0.418718
          19     1.84423     1.79475    0.408178
          20     1.76301     1.79317    0.397486
           1      1.7476      1.7476     1.73107
           2     1.76716     1.75738     1.23102
           3     1.80763     1.77413     1.01493
           4     1.78208     1.77612    0.879934
           5     1.80482     1.78186    0.789721
           6     1.84247     1.79196    0.725171
           7     1.81164     1.79477    0.672429
           8     1.79602     1.79493    0.629077
           9     1.76963     1.79212    0.592152
          10     1.79827     1.79273    0.561949
          11     1.81476     1.79474    0.536413
          12     1.74322     1.79044    0.512327
          13      1.8104     1.79198    0.492654
          14     1.90171     1.79982    0.476897
          15     1.76051      1.7972    0.460034
          16     1.79329     1.79695     0.44536
          17     1.71333     1.79203    0.430874
          18     1.76475     1.79052    0.418362
          19     1.77351     1.78962     0.40699
          20     1.88489     1.79438    0.397776
           1     1.78556     1.78556     1.76971
           2     1.76561     1.77558       1.244
           3     1.76815     1.77311     1.01432
           4      1.7767     1.77401     0.87884
           5      1.8053     1.78026    0.788896
           6     1.81898     1.78672    0.722915
           7     1.79664     1.78813    0.669856
           8     1.81568     1.79158    0.627811
           9     1.83149     1.79601    0.593439
          10     1.75188      1.7916    0.561584
          11     1.76773     1.78943     0.53479
          12     1.83287     1.79305     0.51309
          13     1.77243     1.79146    0.492504
          14     1.83248     1.79439    0.475385
          15     1.86905     1.79937    0.460575
          16     1.77943     1.79812    0.445624
          17     1.75026     1.79531    0.431639
          18     1.76462      1.7936    0.419063
          19     1.71644     1.78954    0.406957
          20     1.83555     1.79184     0.39717
