           1    0.448427    0.448427           0
           2    0.432855    0.440641  0.00550552
           3    0.421272    0.434184  0.00642348
           4    0.468988    0.442885  0.00894355
           5    0.431429    0.440594  0.00744255
           6    0.406716    0.434948  0.00806436
           7    0.432895    0.434654  0.00691763
           8    0.462602    0.438148  0.00687871
           9    0.456279    0.440162  0.00640262
          10    0.431001    0.439246  0.00582754
          11    0.447203     0.43997  0.00534246
          12    0.428886    0.439046  0.00497645
          13    0.418599    0.437473  0.00483582
          14     0.40998    0.435509  0.00487286
          15    0.425679    0.434854  0.00459186
          16    0.434191    0.434813  0.00430506
          17    0.427968     0.43441  0.00407061
          18    0.450136    0.435284   0.0039371
          19     0.45928    0.436546  0.00392723
          20    0.451486    0.437293  0.00380125
           1    0.448427    0.448427           0
           2    0.432855    0.440641  0.00550552
           3    0.421272    0.434184  0.00642348
           4    0.468988    0.442885  0.00894355
           5    0.431429    0.440594  0.00744255
           6    0.406716    0.434948  0.00806436
           7    0.432895    0.434654  0.00691763
           8    0.462602    0.438148  0.00687871
           9    0.456279    0.440162  0.00640262
          10    0.431001    0.439246  0.00582754
          11    0.447203     0.43997  0.00534246
          12    0.428886    0.439046  0.00497645
          13    0.418599    0.437473  0.00483582
          14     0.40998    0.435509  0.00487286
          15    0.425679    0.434854  0.00459186
          16    0.434191    0.434813  0.00430506
          17    0.427968     0.43441  0.00407061
          18    0.450136    0.435284   0.0039371
          19     0.45928    0.436546  0.00392723
          20    0.451486    0.437293  0.00380125
           1    0.448427    0.448427           0
           2    0.432855    0.440641  0.00550552
           3    0.421272    0.434184  0.00642348
           4    0.468988    0.442885  0.00894355
           5    0.431429    0.440594  0.00744255
           6    0.406716    0.434948  0.00806436
           7    0.432895    0.434654  0.00691763
           8    0.462602    0.438148  0.00687871
           9    0.456279    0.440162  0.00640262
          10    0.431001    0.439246  0.00582754
          11    0.447203     0.43997  0.00534246
          12    0.428886    0.439046  0.00497645
          13    0.418599    0.437473  0.00483582
          14     0.40998    0.435509  0.00487286
          15    0.425679    0.434854  0.00459186
          16    0.434191    0.434813  0.00430506
          17    0.427968     0.43441  0.00407061
          18    0.450136    0.435284   0.0039371
          19     0.45928    0.436546  0.00392723
          20    0.451486    0.437293  0.00380125
           1    0.446788    0.446788           0
           2    0.447464    0.447126 0.000238958
           3    0.440856    0.445036  0.00171401
           4    0.445331     0.44511   0.0012871
           5    0.469793    0.450046   0.0045339
           6    0.450682    0.450152  0.00377948
           7    0.448935    0.449978  0.00324355
           8     0.47139    0.452655  0.00378459
           9    0.461497    0.453637  0.00348927
          10    0.447387    0.453012  0.00319583
          11    0.431538     0.45106  0.00345042
          12       0.423    0.448722  0.00387507
          13    0.469418    0.450314   0.0038903
          14    0.428855    0.448781   0.0039027
          15    0.409127    0.446137  0.00444868
          16    0.429829    0.445118  0.00428581
          17    0.463909    0.446223   0.0041738
          18    0.457155    0.446831  0.00398587
          19    0.432347    0.446068  0.00384829
          20    0.445347    0.446032  0.00365605
           1    0.439901    0.439901           0
           2    0.449141    0.444521  0.00326686
           3    0.448213    0.445752  0.00239846
           4    0.446311    0.445892  0.00180292
           5    0.442246    0.445162  0.00158295
           6    0.472927     0.44979  0.00442536
           7    0.435466    0.447744  0.00423993
           8    0.470315    0.450565  0.00455295
           9      0.4738    0.453147  0.00472262
          10    0.451433    0.452975  0.00425347
          11    0.446647      0.4524   0.0039055
          12    0.426664    0.450255  0.00412711
          13    0.422939    0.448154  0.00431152
          14    0.471855    0.449847  0.00432316
          15    0.425035    0.448193  0.00433987
          16    0.405048    0.445496  0.00483431
          17    0.438257     0.44507  0.00456866
          18    0.460158    0.445909  0.00439106
          19    0.460245    0.446663  0.00422428
          20    0.438296    0.446245  0.00403373
           1    0.439901    0.439901           0
           2    0.449141    0.444521  0.00326686
           3    0.448213    0.445752  0.00239846
           4    0.446311    0.445892  0.00180292
           5    0.442246    0.445162  0.00158295
           6    0.472927     0.44979  0.00442536
           7    0.435466    0.447744  0.00423993
           8    0.470315    0.450565  0.00455295
           9      0.4738    0.453147  0.00472262
          10    0.451433    0.452975  0.00425347
          11    0.446647      0.4524   0.0039055
          12    0.426664    0.450255  0.00412711
          13    0.422939    0.448154  0.00431152
          14    0.471855    0.449847  0.00432316
          15    0.425035    0.448193  0.00433987
          16    0.405048    0.445496  0.00483431
          17    0.438257     0.44507  0.00456866
          18    0.460158    0.445909  0.00439106
          19    0.460245    0.446663  0.00422428
          20    0.438296    0.446245  0.00403373
