           1   -0.829288   -0.829288           0
           2   -0.821416   -0.825352  0.00278317
           3     -0.8234   -0.824701  0.00193001
           4   -0.827944   -0.825512  0.00160878
           5   -0.829704    -0.82635  0.00148955
           6   -0.833624   -0.827563  0.00166297
           7   -0.823912   -0.827041  0.00150496
           8   -0.822096   -0.826423  0.00143819
           9   -0.828512   -0.826655  0.00129699
          10    -0.82448   -0.826438  0.00118539
          11   -0.828616   -0.826636  0.00109404
          12    -0.82308   -0.826339  0.00104223
          13   -0.824016   -0.826161 0.000977257
          14    -0.83156   -0.826546 0.000980606
          15   -0.826024   -0.826511  0.00091585
          16   -0.829128   -0.826675 0.000873088
          17   -0.828856   -0.826803 0.000831102
          18   -0.822704   -0.826576 0.000815536
          19   -0.825496   -0.826519  0.00077459
          20   -0.833752    -0.82688 0.000815935
           1   -0.829288   -0.829288           0
           2   -0.821416   -0.825352  0.00278317
           3     -0.8234   -0.824701  0.00193001
           4   -0.827944   -0.825512  0.00160878
           5   -0.829704    -0.82635  0.00148955
           6   -0.833624   -0.827563  0.00166297
           7   -0.823912   -0.827041  0.00150496
           8   -0.822096   -0.826423  0.00143819
           9   -0.828512   -0.826655  0.00129699
          10    -0.82448   -0.826438  0.00118539
          11   -0.828616   -0.826636  0.00109404
          12    -0.82308   -0.826339  0.00104223
          13   -0.824016   -0.826161 0.000977257
          14    -0.83156   -0.826546 0.000980606
          15   -0.826024   -0.826511  0.00091585
          16   -0.829128   -0.826675 0.000873088
          17   -0.828856   -0.826803 0.000831102
          18   -0.822704   -0.826576 0.000815536
          19   -0.825496   -0.826519  0.00077459
          20   -0.833752    -0.82688 0.000815935
           1   -0.829288   -0.829288           0
           2   -0.821416   -0.825352  0.00278317
           3     -0.8234   -0.824701  0.00193001
           4   -0.827944   -0.825512  0.00160878
           5   -0.829704    -0.82635  0.00148955
           6   -0.833624   -0.827563  0.00166297
           7   -0.823912   -0.827041  0.00150496
           8   -0.822096   -0.826423  0.00143819
           9   -0.828512   -0.826655  0.00129699
          10    -0.82448   -0.826438  0.00118539
          11   -0.828616   -0.826636  0.00109404
          12    -0.82308   -0.826339  0.00104223
          13   -0.824016   -0.826161 0.000977257
          14    -0.83156   -0.826546 0.000980606
          15   -0.826024   -0.826511  0.00091585
          16   -0.829128   -0.826675 0.000873088
          17   -0.828856   -0.826803 0.000831102
          18   -0.822704   -0.826576 0.000815536
          19   -0.825496   -0.826519  0.00077459
          20   -0.833752    -0.82688 0.000815935
           1    -0.82704    -0.82704           0
           2    -0.82528    -0.82616 0.000622254
           3   -0.824944   -0.825755 0.000530678
           4    -0.82644   -0.825926 0.000424767
           5   -0.819168   -0.824574  0.00125576
           6    -0.82672   -0.824932   0.0010962
           7   -0.824544   -0.824877 0.000941001
           8   -0.823448   -0.824698 0.000840148
           9   -0.829048   -0.825181  0.00087485
          10   -0.828176   -0.825481 0.000837052
          11   -0.822064    -0.82517 0.000816558
          12   -0.823344   -0.825018 0.000762561
          13   -0.828072   -0.825253 0.000739203
          14   -0.829792   -0.825577 0.000754161
          15   -0.833448   -0.826102 0.000867428
          16    -0.82392   -0.825966 0.000823863
          17   -0.822144   -0.825741 0.000805485
          18    -0.82896    -0.82592 0.000780339
          19   -0.824256   -0.825832 0.000744165
          20    -0.82884   -0.825982 0.000721995
           1   -0.830952   -0.830952           0
           2   -0.823864   -0.827408  0.00250599
           3   -0.827504    -0.82744  0.00167086
           4   -0.824048   -0.826592  0.00145248
           5   -0.825648   -0.826403  0.00117419
           6    -0.82044   -0.825409  0.00133439
           7   -0.827688   -0.825735   0.0011828
           8   -0.822896    -0.82538  0.00108688
           9    -0.82512   -0.825351 0.000966499
          10   -0.828304   -0.825646 0.000913845
          11   -0.830072   -0.826049 0.000915056
          12   -0.819696   -0.825519 0.000980046
          13   -0.825344   -0.825506 0.000904751
          14   -0.826856   -0.825602  0.00084525
          15   -0.828256   -0.825779 0.000807202
          16   -0.834456   -0.826321 0.000921077
          17   -0.823944   -0.826182 0.000877449
          18   -0.824536    -0.82609 0.000833451
          19   -0.826336   -0.826103 0.000789686
          20    -0.82556   -0.826076 0.000750668
           1   -0.830952   -0.830952           0
           2   -0.823864   -0.827408  0.00250599
           3   -0.827504    -0.82744  0.00167086
           4   -0.824048   -0.826592  0.00145248
           5   -0.825648   -0.826403  0.00117419
           6    -0.82044   -0.825409  0.00133439
           7   -0.827688   -0.825735   0.0011828
           8   -0.822896    -0.82538  0.00108688
           9    -0.82512   -0.825351 0.000966499
          10   -0.828304   -0.825646 0.000913845
          11   -0.830072   -0.826049 0.000915056
          12   -0.819696   -0.825519 0.000980046
          13   -0.825344   -0.825506 0.000904751
          14   -0.826856   -0.825602  0.00084525
          15   -0.828256   -0.825779 0.000807202
          16   -0.834456   -0.826321 0.000921077
          17   -0.823944   -0.826182 0.000877449
          18   -0.824536    -0.82609 0.000833451
          19   -0.826336   -0.826103 0.000789686
          20    -0.82556   -0.826076 0.000750668
