           1    0.378904    0.378904           0
           2    0.372608    0.375756  0.00222597
           3     0.37038    0.373964    0.002084
           4     0.38092    0.375703   0.0021705
           5    0.366772    0.373917  0.00235955
           6    0.382916    0.375417  0.00239603
           7    0.377348    0.375693  0.00206957
           8    0.377128    0.375872  0.00181863
           9    0.388472    0.377272  0.00208698
          10    0.388572    0.378402  0.00216267
          11    0.380944    0.378633  0.00197838
          12    0.380604    0.378797  0.00182032
          13    0.381336    0.378993  0.00169073
          14    0.382768    0.379262  0.00159133
          15    0.381516    0.379413  0.00149232
          16    0.370912    0.378881  0.00149062
          17       0.372    0.378476  0.00145686
          18    0.363268    0.377632  0.00160231
          19    0.390056    0.378285  0.00164601
          20    0.387116    0.378727  0.00162185
