           1     20.3941     20.3941     20.3901
           2     29.0295     24.7118      17.736
           3      23.062     24.1619     14.1025
           4     26.0791     24.6412     12.4244
           5     27.9987     25.3127      11.408
           6      24.301     25.1441     10.3332
           7     25.7475     25.2303     9.59026
           8     23.1997     24.9764     8.87829
           9     27.3204     25.2369     8.45535
          10     23.0867     25.0219     7.95221
          11     29.1105     25.3936     7.69834
          12     30.4183     25.8123     7.49817
          13     24.8159     25.7356     7.17972
          14     23.6729     25.5883     6.87791
          15     23.7454     25.4655     6.61163
          16     19.9071     25.1181     6.32199
          17     20.1907     24.8282     6.06744
          18      25.457     24.8631     5.90226
          19     23.2247     24.7769     5.72361
          20     21.4963     24.6129      5.5426
           1     20.3941     20.3941     20.3901
           2     29.0295     24.7118      17.736
           3      23.062     24.1619     14.1025
           4     26.0791     24.6412     12.4244
           5     27.9987     25.3127      11.408
           6      24.301     25.1441     10.3332
           7     25.7475     25.2303     9.59026
           8     23.1997     24.9764     8.87829
           9     27.3204     25.2369     8.45535
          10     23.0867     25.0219     7.95221
          11     29.1105     25.3936     7.69834
          12     30.4183     25.8123     7.49817
          13     24.8159     25.7356     7.17972
          14     23.6729     25.5883     6.87791
          15     23.7454     25.4655     6.61163
          16     19.9071     25.1181     6.32199
          17     20.1907     24.8282     6.06744
          18      25.457     24.8631     5.90226
          19     23.2247     24.7769     5.72361
          20     21.4963     24.6129      5.5426
           1     20.3941     20.3941     20.3901
           2     29.0295     24.7118      17.736
           3      23.062     24.1619     14.1025
           4     26.0791     24.6412     12.4244
           5     27.9987     25.3127      11.408
           6      24.301     25.1441     10.3332
           7     25.7475     25.2303     9.59026
           8     23.1997     24.9764     8.87829
           9     27.3204     25.2369     8.45535
          10     23.0867     25.0219     7.95221
          11     29.1105     25.3936     7.69834
          12     30.4183     25.8123     7.49817
          13     24.8159     25.7356     7.17972
          14     23.6729     25.5883     6.87791
          15     23.7454     25.4655     6.61163
          16     19.9071     25.1181     6.32199
          17     20.1907     24.8282     6.06744
          18      25.457     24.8631     5.90226
          19     23.2247     24.7769     5.72361
          20     21.4963     24.6129      5.5426
           1     27.8422     27.8422     27.8384
           2     26.0428     26.9425      19.059
           3     22.3569      25.414     14.7296
           4     23.2804     24.8806     12.4861
           5     24.3531     24.7751     11.1128
           6     20.1519     24.0045      9.8506
           7     23.5173     23.9349     9.08704
           8     23.1449     23.8362     8.46097
           9      22.833     23.7247      7.9371
          10     19.3781     23.2901     7.40146
          11     29.1706     23.8247      7.2322
          12     23.1243     23.7663     6.90381
          13     25.9986      23.938      6.6791
          14     28.0648     24.2328     6.51786
          15     24.2175     24.2318     6.29387
          16     25.6717     24.3218     6.11471
          17     23.3646     24.2655      5.9168
          18     27.1081     24.4234     5.78742
          19     23.2119     24.3596     5.61723
          20     29.2115     24.6022      5.5326
           1     23.1825     23.1825     23.1792
           2     27.7062     25.4444     18.0603
           3     24.3315     25.0734     14.5163
           4     22.2677      24.372     12.2276
           5     23.5301     24.2036     10.8549
           6     24.5452     24.2605     9.92746
           7     21.5301     23.8705     9.04784
           8     22.7364     23.7287     8.41138
           9     22.7954      23.625       7.894
          10     22.0313     23.4656     7.43824
          11     20.4948     23.1956     7.01392
          12      29.092     23.6869     6.87122
          13     22.4639     23.5929     6.57375
          14     28.2391     23.9247     6.42874
          15      25.977     24.0616     6.24501
          16     24.7248      24.103     6.05514
          17     25.8291     24.2045     5.89796
          18     23.2033     24.1489     5.71746
          19     26.3352      24.264     5.59103
          20     25.3487     24.3182     5.46056
           1     23.1825     23.1825     23.1792
           2     27.7062     25.4444     18.0603
           3     24.3315     25.0734     14.5163
           4     22.2677      24.372     12.2276
           5     23.5301     24.2036     10.8549
           6     24.5452     24.2605     9.92746
           7     21.5301     23.8705     9.04784
           8     22.7364     23.7287     8.41138
           9     22.7954      23.625       7.894
          10     22.0313     23.4656     7.43824
          11     20.4948     23.1956     7.01392
          12      29.092     23.6869     6.87122
          13     22.4639     23.5929     6.57375
          14     28.2391     23.9247     6.42874
          15      25.977     24.0616     6.24501
          16     24.7248      24.103     6.05514
          17     25.8291     24.2045     5.89796
          18     23.2033     24.1489     5.71746
          19     26.3352      24.264     5.59103
          20     25.3487     24.3182     5.46056
