           1   -0.802808   -0.802808           0
           2   -0.805328   -0.804068 0.000890955
           3   -0.806352   -0.804829 0.000859778
           4   -0.809016   -0.805876   0.0011124
           5   -0.807064   -0.806114 0.000914947
           6   -0.810872   -0.806907  0.00105141
           7   -0.804456   -0.806557 0.000957725
           8   -0.807208   -0.806638 0.000841464
           9   -0.808048   -0.806795 0.000762413
          10   -0.806904   -0.806806  0.00068625
          11   -0.804536   -0.806599 0.000654146
          12   -0.809304   -0.806825 0.000637283
          13   -0.802784   -0.806514 0.000659719
          14   -0.800272   -0.806068 0.000748234
          15   -0.804944   -0.805993 0.000702094
          16    -0.80716   -0.806066  0.00066199
          17     -0.8056   -0.806039 0.000623617
          18   -0.805376   -0.806002 0.000590057
          19    -0.80372   -0.805882 0.000571092
          20   -0.812312   -0.806203 0.000626539
           1   -0.802808   -0.802808           0
           2   -0.805328   -0.804068 0.000890955
           3   -0.806352   -0.804829 0.000859778
           4   -0.809016   -0.805876   0.0011124
           5   -0.807064   -0.806114 0.000914947
           6   -0.810872   -0.806907  0.00105141
           7   -0.804456   -0.806557 0.000957725
           8   -0.807208   -0.806638 0.000841464
           9   -0.808048   -0.806795 0.000762413
          10   -0.806904   -0.806806  0.00068625
          11   -0.804536   -0.806599 0.000654146
          12   -0.809304   -0.806825 0.000637283
          13   -0.802784   -0.806514 0.000659719
          14   -0.800272   -0.806068 0.000748234
          15   -0.804944   -0.805993 0.000702094
          16    -0.80716   -0.806066  0.00066199
          17     -0.8056   -0.806039 0.000623617
          18   -0.805376   -0.806002 0.000590057
          19    -0.80372   -0.805882 0.000571092
          20   -0.812312   -0.806203 0.000626539
           1   -0.802808   -0.802808           0
           2   -0.805328   -0.804068 0.000890955
           3   -0.806352   -0.804829 0.000859778
           4   -0.809016   -0.805876   0.0011124
           5   -0.807064   -0.806114 0.000914947
           6   -0.810872   -0.806907  0.00105141
           7   -0.804456   -0.806557 0.000957725
           8   -0.807208   -0.806638 0.000841464
           9   -0.808048   -0.806795 0.000762413
          10   -0.806904   -0.806806  0.00068625
          11   -0.804536   -0.806599 0.000654146
          12   -0.809304   -0.806825 0.000637283
          13   -0.802784   -0.806514 0.000659719
          14   -0.800272   -0.806068 0.000748234
          15   -0.804944   -0.805993 0.000702094
          16    -0.80716   -0.806066  0.00066199
          17     -0.8056   -0.806039 0.000623617
          18   -0.805376   -0.806002 0.000590057
          19    -0.80372   -0.805882 0.000571092
          20   -0.812312   -0.806203 0.000626539
           1   -0.801872   -0.801872           0
           2   -0.802216   -0.802044 0.000121622
           3   -0.806624   -0.803571  0.00124915
           4   -0.802976   -0.803422  0.00094567
           5   -0.809824   -0.804702  0.00137255
           6   -0.806472   -0.804997  0.00117505
           7   -0.799208    -0.80417  0.00126519
           8   -0.804528   -0.804215  0.00110783
           9   -0.806216   -0.804437   0.0010068
          10   -0.803128   -0.804306 0.000914598
          11   -0.804376   -0.804313 0.000831475
          12   -0.806712   -0.804513 0.000785857
          13   -0.808976   -0.804856 0.000796884
          14   -0.807376   -0.805036 0.000760021
          15   -0.810496     -0.8054 0.000791735
          16   -0.804688   -0.805356 0.000743502
          17   -0.807104   -0.805458 0.000706844
          18   -0.807488   -0.805571 0.000676509
          19   -0.807008   -0.805647 0.000645117
          20      -0.805   -0.805614 0.000613671
           1   -0.807808   -0.807808           0
           2   -0.800312    -0.80406  0.00265024
           3   -0.802064   -0.803395  0.00184845
           4    -0.80688   -0.804266   0.0015784
           5   -0.803392   -0.804091  0.00127236
           6   -0.808312   -0.804795  0.00123961
           7   -0.805512   -0.804897  0.00106675
           8   -0.800216   -0.804312  0.00108205
           9    -0.80508   -0.804397 0.000965184
          10   -0.807576   -0.804715 0.000919519
          11   -0.801344   -0.804409 0.000885528
          12   -0.805448   -0.804495 0.000815958
          13   -0.806584   -0.804656 0.000768848
          14   -0.809624   -0.805011 0.000791597
          15   -0.808024   -0.805212 0.000763886
          16   -0.809016   -0.805449 0.000752237
          17    -0.80492   -0.805418 0.000708632
          18   -0.807856   -0.805554 0.000682081
          19   -0.806248    -0.80559  0.00064716
          20   -0.807288   -0.805675 0.000620344
           1   -0.807808   -0.807808           0
           2   -0.800312    -0.80406  0.00265024
           3   -0.802064   -0.803395  0.00184845
           4    -0.80688   -0.804266   0.0015784
           5   -0.803392   -0.804091  0.00127236
           6   -0.808312   -0.804795  0.00123961
           7   -0.805512   -0.804897  0.00106675
           8   -0.800216   -0.804312  0.00108205
           9    -0.80508   -0.804397 0.000965184
          10   -0.807576   -0.804715 0.000919519
          11   -0.801344   -0.804409 0.000885528
          12   -0.805448   -0.804495 0.000815958
          13   -0.806584   -0.804656 0.000768848
          14   -0.809624   -0.805011 0.000791597
          15   -0.808024   -0.805212 0.000763886
          16   -0.809016   -0.805449 0.000752237
          17    -0.80492   -0.805418 0.000708632
          18   -0.807856   -0.805554 0.000682081
          19   -0.806248    -0.80559  0.00064716
          20   -0.807288   -0.805675 0.000620344
