           1     0.41672     0.41672           0
           2    0.410715    0.413717  0.00212317
           3     0.43416    0.420532  0.00574107
           4    0.423054    0.421162   0.0043403
           5    0.409585    0.418847  0.00404295
           6    0.411712    0.417658   0.0035397
           7     0.40279    0.415534   0.0036155
           8    0.433157    0.417737   0.0037755
           9     0.41391    0.417311  0.00337986
          10    0.416832    0.417263  0.00304221
          11    0.423827     0.41786  0.00282356
          12     0.40607    0.416878   0.0027539
          13    0.422415    0.417304   0.0025748
          14    0.412396    0.416953  0.00241463
          15    0.411026    0.416558  0.00228576
          16     0.41491    0.416455  0.00214522
          17    0.411555    0.416167   0.0020383
          18    0.424355    0.416622  0.00197518
          19    0.419673    0.416782  0.00187774
          20    0.431388    0.417513  0.00192062
           1     0.41672     0.41672           0
           2    0.410715    0.413717  0.00212317
           3     0.43416    0.420532  0.00574107
           4    0.423054    0.421162   0.0043403
           5    0.409585    0.418847  0.00404295
           6    0.411712    0.417658   0.0035397
           7     0.40279    0.415534   0.0036155
           8    0.433157    0.417737   0.0037755
           9     0.41391    0.417311  0.00337986
          10    0.416832    0.417263  0.00304221
          11    0.423827     0.41786  0.00282356
          12     0.40607    0.416878   0.0027539
          13    0.422415    0.417304   0.0025748
          14    0.412396    0.416953  0.00241463
          15    0.411026    0.416558  0.00228576
          16     0.41491    0.416455  0.00214522
          17    0.411555    0.416167   0.0020383
          18    0.424355    0.416622  0.00197518
          19    0.419673    0.416782  0.00187774
          20    0.431388    0.417513  0.00192062
           1     0.41672     0.41672           0
           2    0.410715    0.413717  0.00212317
           3     0.43416    0.420532  0.00574107
           4    0.423054    0.421162   0.0043403
           5    0.409585    0.418847  0.00404295
           6    0.411712    0.417658   0.0035397
           7     0.40279    0.415534   0.0036155
           8    0.433157    0.417737   0.0037755
           9     0.41391    0.417311  0.00337986
          10    0.416832    0.417263  0.00304221
          11    0.423827     0.41786  0.00282356
          12     0.40607    0.416878   0.0027539
          13    0.422415    0.417304   0.0025748
          14    0.412396    0.416953  0.00241463
          15    0.411026    0.416558  0.00228576
          16     0.41491    0.416455  0.00214522
          17    0.411555    0.416167   0.0020383
          18    0.424355    0.416622  0.00197518
          19    0.419673    0.416782  0.00187774
          20    0.431388    0.417513  0.00192062
           1    0.408278    0.408278           0
           2    0.416479    0.412379   0.0028995
           3    0.425518    0.416759  0.00406501
           4    0.417697    0.416993  0.00305552
           5    0.432464    0.420087  0.00369251
           6    0.426081    0.421086  0.00320938
           7    0.427952    0.422067  0.00289687
           8    0.420512    0.421873  0.00254128
           9    0.421516    0.421833  0.00225922
          10    0.415038    0.421154  0.00213305
          11    0.412222    0.420342  0.00208798
          12    0.434603     0.42153  0.00222667
          13    0.421117    0.421498  0.00205562
          14    0.412456    0.420852  0.00200769
          15    0.408668     0.42004  0.00203152
          16    0.405565    0.419135  0.00209634
          17    0.432613    0.419928  0.00211764
          18    0.414307    0.419616  0.00202289
          19    0.414752     0.41936  0.00193255
          20    0.425429    0.419663   0.0018596
           1    0.429792    0.429792           0
           2    0.406336    0.418064  0.00829278
           3     0.41995    0.418693  0.00555231
           4    0.423614    0.419923  0.00429837
           5    0.422012    0.420341  0.00345893
           6    0.427755    0.421577  0.00309532
           7    0.424166    0.421947  0.00267515
           8    0.432091    0.423215  0.00262412
           9    0.418663    0.422709  0.00238078
          10     0.42148    0.422586  0.00214587
          11    0.421229    0.422463  0.00195433
          12    0.405888    0.421081  0.00222669
          13    0.435989    0.422228  0.00233207
          14    0.420916    0.422134  0.00216738
          15    0.409077    0.421264  0.00219073
          16    0.409077    0.420502  0.00218221
          17    0.407883     0.41976  0.00217645
          18    0.433629     0.42053  0.00218767
          19    0.414428    0.420209  0.00209597
          20     0.41146    0.419772  0.00203632
           1    0.429792    0.429792           0
           2    0.406336    0.418064  0.00829278
           3     0.41995    0.418693  0.00555231
           4    0.423614    0.419923  0.00429837
           5    0.422012    0.420341  0.00345893
           6    0.427755    0.421577  0.00309532
           7    0.424166    0.421947  0.00267515
           8    0.432091    0.423215  0.00262412
           9    0.418663    0.422709  0.00238078
          10     0.42148    0.422586  0.00214587
          11    0.421229    0.422463  0.00195433
          12    0.405888    0.421081  0.00222669
          13    0.435989    0.422228  0.00233207
          14    0.420916    0.422134  0.00216738
          15    0.409077    0.421264  0.00219073
          16    0.409077    0.420502  0.00218221
          17    0.407883     0.41976  0.00217645
          18    0.433629     0.42053  0.00218767
          19    0.414428    0.420209  0.00209597
          20     0.41146    0.419772  0.00203632
