           1    0.979408    0.979408           0
           2    0.980248    0.979828 0.000296985
           3    0.981492    0.980383 0.000494271
           4    0.978728    0.979969  0.00051552
           5    0.980508    0.980077 0.000423537
           6    0.977516     0.97965 0.000525709
           7    0.982196    0.980014 0.000562528
           8    0.979572    0.979958 0.000494914
           9    0.981128    0.980088 0.000456664
          10    0.978812    0.979961 0.000428466
          11    0.980812    0.980038  0.00039644
          12    0.980208    0.980052 0.000363656
          13    0.982472    0.980238 0.000380344
          14    0.982544    0.980403 0.000387191
          15    0.983392    0.980602 0.000409452
          16    0.983452     0.98078 0.000420816
          17    0.981072    0.980798 0.000396411
          18    0.981604    0.980842 0.000376911
          19    0.976444    0.980611 0.000422223
          20    0.981088    0.980635 0.000401785
