           1     12.2944     12.2944     12.2866
           2       11.09     11.6922     8.27267
           3      11.387     11.5905     6.69352
           4     13.8658     12.1593     6.09946
           5     14.7011     12.6677     5.69626
           6     13.6846     12.8372     5.26588
           7     11.9707     12.7134     4.82626
           8     11.4852     12.5599     4.46002
           9     11.0896     12.3965     4.15128
          10     11.4878     12.3056     3.90853
          11     12.5254     12.3256     3.73098
          12     12.8539     12.3696     3.58368
          13     10.8971     12.2564     3.41238
          14     13.4464     12.3414     3.31083
          15     13.6174     12.4264     3.22055
          16     13.0832     12.4675     3.12791
          17     12.4162     12.4645     3.03305
          18     11.3634     12.4033     2.93319
          19     11.6428     12.3633     2.84548
          20     14.3468     12.4624     2.79668
           1     12.2944     12.2944     12.2866
           2       11.09     11.6922     8.27267
           3      11.387     11.5905     6.69352
           4     13.8658     12.1593     6.09946
           5     14.7011     12.6677     5.69626
           6     13.6846     12.8372     5.26588
           7     11.9707     12.7134     4.82626
           8     11.4852     12.5599     4.46002
           9     11.0896     12.3965     4.15128
          10     11.4878     12.3056     3.90853
          11     12.5254     12.3256     3.73098
          12     12.8539     12.3696     3.58368
          13     10.8971     12.2564     3.41238
          14     13.4464     12.3414     3.31083
          15     13.6174     12.4264     3.22055
          16     13.0832     12.4675     3.12791
          17     12.4162     12.4645     3.03305
          18     11.3634     12.4033     2.93319
          19     11.6428     12.3633     2.84548
          20     14.3468     12.4624     2.79668
           1     12.2944     12.2944     12.2866
           2       11.09     11.6922     8.27267
           3      11.387     11.5905     6.69352
           4     13.8658     12.1593     6.09946
           5     14.7011     12.6677     5.69626
           6     13.6846     12.8372     5.26588
           7     11.9707     12.7134     4.82626
           8     11.4852     12.5599     4.46002
           9     11.0896     12.3965     4.15128
          10     11.4878     12.3056     3.90853
          11     12.5254     12.3256     3.73098
          12     12.8539     12.3696     3.58368
          13     10.8971     12.2564     3.41238
          14     13.4464     12.3414     3.31083
          15     13.6174     12.4264     3.22055
          16     13.0832     12.4675     3.12791
          17     12.4162     12.4645     3.03305
          18     11.3634     12.4033     2.93319
          19     11.6428     12.3633     2.84548
          20     14.3468     12.4624     2.79668
           1      11.952      11.952     11.9439
           2     11.6086     11.7803     8.32523
           3     11.4792     11.6799     6.73979
           4     12.0803       11.78     5.88736
           5     10.7147     11.5669     5.17372
           6     12.2205     11.6759     4.76777
           7     11.3483     11.6291     4.39608
           8      12.569     11.7466     4.15467
           9     14.2412     12.0238     4.01744
          10     12.0564      12.027     3.81116
          11      11.365     11.9668     3.61522
          12      11.226     11.9051     3.44328
          13     14.0198     12.0678     3.35619
          14     14.7545     12.2597     3.28968
          15     13.5045     12.3427     3.19951
          16     11.9668     12.3192     3.09125
          17     11.6612     12.2805     2.98907
          18     11.0855     12.2141     2.88932
          19     11.5003     12.1765     2.80328
          20     12.4625     12.1908     2.73495
           1     12.7928     12.7928     12.7852
           2     11.0982     11.9455     8.46231
           3     12.4298     12.1069     6.99814
           4     11.4121     11.9332     5.97293
           5     11.6393     11.8744      5.3145
           6     11.3732     11.7909     4.81679
           7     11.8626     11.8011     4.46253
           8     11.3904     11.7498     4.15586
           9     13.3165     11.9239     3.97909
          10     13.2836     12.0598     3.81933
          11     12.8368     12.1305     3.66275
          12     10.6242      12.005     3.47211
          13     11.8404     11.9923     3.33175
          14     13.7378      12.117     3.24547
          15     14.2673     12.2603     3.17481
          16     13.8088     12.3571     3.09886
          17     12.1742     12.3464     3.00309
          18     11.9794      12.326     2.91318
          19     10.4327     12.2263     2.81387
          20     11.5165     12.1908      2.7344
           1     12.7928     12.7928     12.7852
           2     11.0982     11.9455     8.46231
           3     12.4298     12.1069     6.99814
           4     11.4121     11.9332     5.97293
           5     11.6393     11.8744      5.3145
           6     11.3732     11.7909     4.81679
           7     11.8626     11.8011     4.46253
           8     11.3904     11.7498     4.15586
           9     13.3165     11.9239     3.97909
          10     13.2836     12.0598     3.81933
          11     12.8368     12.1305     3.66275
          12     10.6242      12.005     3.47211
          13     11.8404     11.9923     3.33175
          14     13.7378      12.117     3.24547
          15     14.2673     12.2603     3.17481
          16     13.8088     12.3571     3.09886
          17     12.1742     12.3464     3.00309
          18     11.9794      12.326     2.91318
          19     10.4327     12.2263     2.81387
          20     11.5165     12.1908      2.7344
