           1    0.998584    0.998584           0
           2    0.999152    0.998868 0.000200818
           3    0.999396    0.999044 0.000196403
           4    0.998336    0.998867 0.000212591
           5      0.9991    0.998914 0.000175105
           6     0.99852    0.998848 0.000157731
           7     0.99898    0.998867 0.000136321
           8     0.99902    0.998886 0.000120617
           9    0.999268    0.998928  0.00011444
          10    0.998348     0.99887 0.000116792
          11    0.998788    0.998863 0.000106415
          12    0.999288    0.998898 0.000103275
          13    0.998064    0.998834 0.000113534
          14    0.998876    0.998837 0.000105464
          15    0.998668    0.998826 9.90342e-05
          16    0.997984    0.998773 0.000105904
          17     0.99928    0.998803 0.000103784
          18    0.998824    0.998804 9.80252e-05
          19    0.999132    0.998821 9.43718e-05
          20    0.998636    0.998812 9.01077e-05
