           1     8.78533     8.78533     8.77451
           2     10.2492     9.51725     6.74288
           3     10.9399     9.99146     5.78659
           4     10.9717     10.2365      5.1329
           5     10.0626     10.2017     4.57219
           6     11.5173      10.421     4.26575
           7     10.1267      10.379     3.93165
           8     10.0746     10.3409     3.66304
           9     10.4596     10.3541     3.45686
          10     10.8021     10.3989     3.29308
          11     11.0738     10.4602     3.15818
          12     11.0606     10.5103     3.03797
          13     10.1098     10.4795     2.90992
          14     9.64389     10.4198      2.7883
          15     10.0001     10.3918      2.6863
          16     11.1167     10.4371     2.61235
          17     9.83453     10.4017      2.5257
          18      10.608     10.4131     2.45699
          19     9.74404     10.3779      2.3834
          20     11.5881     10.4384     2.33709
           1     8.78533     8.78533     8.77451
           2     10.2492     9.51725     6.74288
           3     10.9399     9.99146     5.78659
           4     10.9717     10.2365      5.1329
           5     10.0626     10.2017     4.57219
           6     11.5173      10.421     4.26575
           7     10.1267      10.379     3.93165
           8     10.0746     10.3409     3.66304
           9     10.4596     10.3541     3.45686
          10     10.8021     10.3989     3.29308
          11     11.0738     10.4602     3.15818
          12     11.0606     10.5103     3.03797
          13     10.1098     10.4795     2.90992
          14     9.64389     10.4198      2.7883
          15     10.0001     10.3918      2.6863
          16     11.1167     10.4371     2.61235
          17     9.83453     10.4017      2.5257
          18      10.608     10.4131     2.45699
          19     9.74404     10.3779      2.3834
          20     11.5881     10.4384     2.33709
           1     8.78533     8.78533     8.77451
           2     10.2492     9.51725     6.74288
           3     10.9399     9.99146     5.78659
           4     10.9717     10.2365      5.1329
           5     10.0626     10.2017     4.57219
           6     11.5173      10.421     4.26575
           7     10.1267      10.379     3.93165
           8     10.0746     10.3409     3.66304
           9     10.4596     10.3541     3.45686
          10     10.8021     10.3989     3.29308
          11     11.0738     10.4602     3.15818
          12     11.0606     10.5103     3.03797
          13     10.1098     10.4795     2.90992
          14     9.64389     10.4198      2.7883
          15     10.0001     10.3918      2.6863
          16     11.1167     10.4371     2.61235
          17     9.83453     10.4017      2.5257
          18      10.608     10.4131     2.45699
          19     9.74404     10.3779      2.3834
          20     11.5881     10.4384     2.33709
           1     11.1787     11.1787     11.1693
           2     10.2603     10.7195     7.57981
           3     11.0118     10.8169     6.24368
           4     10.5754     10.7565     5.37638
           5     10.9036      10.786     4.82156
           6     10.3323     10.7103      4.3708
           7     9.13475     10.4853      3.9667
           8     10.1688     10.4457     3.69588
           9     10.0763     10.4046     3.47043
          10     8.81747     10.2459     3.24517
          11      10.239     10.2453     3.09328
          12     10.9484     10.3039     2.97846
          13     10.9907     10.3567      2.8762
          14     10.1063     10.3388     2.76643
          15     11.4547     10.4132     2.69241
          16     10.1729     10.3982     2.60283
          17     10.1023     10.3808     2.52064
          18     10.2434     10.3732     2.44755
          19     10.7313      10.392     2.38642
          20     11.2962     10.4372     2.33629
           1     11.3185     11.3185     11.3097
           2     10.3878     10.8532      7.6748
           3       10.08     10.5954     6.11921
           4     11.6908     10.8693     5.43974
           5     10.4146     10.7784     4.82373
           6     10.4569     10.7248     4.38075
           7     10.1802      10.647      4.0262
           8     9.74313      10.534     3.72711
           9       9.621     10.4326     3.48085
          10     10.7163     10.4609     3.31069
          11     8.53658      10.286     3.10791
          12     10.6054     10.3126     2.98265
          13      10.859     10.3546     2.87695
          14     10.3167     10.3519     2.77105
          15     10.8648     10.3861     2.68568
          16     11.1964     10.4368     2.61311
          17     10.1303     10.4187     2.53044
          18     10.1211     10.4022     2.45498
          19     10.0203     10.3821      2.3847
          20     10.8171     10.4038     2.32904
           1     11.3185     11.3185     11.3097
           2     10.3878     10.8532      7.6748
           3       10.08     10.5954     6.11921
           4     11.6908     10.8693     5.43974
           5     10.4146     10.7784     4.82373
           6     10.4569     10.7248     4.38075
           7     10.1802      10.647      4.0262
           8     9.74313      10.534     3.72711
           9       9.621     10.4326     3.48085
          10     10.7163     10.4609     3.31069
          11     8.53658      10.286     3.10791
          12     10.6054     10.3126     2.98265
          13      10.859     10.3546     2.87695
          14     10.3167     10.3519     2.77105
          15     10.8648     10.3861     2.68568
          16     11.1964     10.4368     2.61311
          17     10.1303     10.4187     2.53044
          18     10.1211     10.4022     2.45498
          19     10.0203     10.3821      2.3847
          20     10.8171     10.4038     2.32904
