           1      0.3185      0.3185           0
           2      0.3191      0.3188 0.000212132
           3    0.326884    0.321495  0.00220473
           4    0.319356     0.32096  0.00171715
           5    0.325096    0.321787  0.00156029
           6    0.316736    0.320945  0.00151038
           7    0.323012    0.321241  0.00132315
           8     0.32682    0.321938  0.00132891
           9    0.309096    0.320511   0.0017903
          10    0.331208    0.321581   0.0019042
          11     0.32294    0.321704   0.0017351
          12    0.323848    0.321883  0.00159968
          13    0.325712    0.322178  0.00150349
          14    0.328136    0.322603   0.0014551
          15    0.304356    0.321387  0.00179599
          16    0.326468    0.321704  0.00171159
          17    0.321688    0.321703   0.0016109
          18    0.336176    0.322507  0.00171034
          19    0.323316     0.32255  0.00162085
          20     0.32512    0.322678  0.00154489
