           1    0.926516    0.926516           0
           2    0.926856    0.926686 0.000120208
           3    0.919228      0.9242  0.00203139
           4    0.931608    0.926052  0.00221215
           5     0.92412    0.925666  0.00180315
           6    0.916352    0.924113  0.00206539
           7      0.9263    0.924426   0.0017938
           8    0.927576    0.924819  0.00161222
           9    0.929092    0.925294  0.00150135
          10    0.926196    0.925384  0.00135392
          11     0.92904    0.925717  0.00127097
          12    0.919812    0.925225   0.0012567
          13    0.927596    0.925407   0.0011732
          14    0.926424     0.92548  0.00109164
          15    0.925904    0.925508  0.00101923
          16    0.925496    0.925507 0.000955531
          17     0.93048      0.9258 0.000943034
          18    0.928092    0.925927 0.000899201
          19    0.931696    0.926231  0.00090168
          20    0.931976    0.926518 0.000901194
