           1     1.65352     1.65352     1.63739
           2     1.63795     1.64573     1.15195
           3     1.62594     1.63914    0.936967
           4     1.69647     1.65347    0.818773
           5     1.73492     1.66976    0.739854
           6     1.68595     1.67246    0.676438
           7     1.62951     1.66632    0.623958
           8     1.67531     1.66745    0.583994
           9     1.62079     1.66226    0.548887
          10     1.69219     1.66525    0.521651
          11     1.71698     1.66996    0.498821
          12     1.68445     1.67116    0.477913
          13     1.63306     1.66823     0.45835
          14     1.69041     1.66982    0.442103
          15     1.72997     1.67383    0.428185
          16     1.69639     1.67524    0.414947
          17     1.70651     1.67708     0.40301
          18     1.69245     1.67793    0.391852
          19      1.6719     1.67761    0.381326
          20     1.74878     1.68117    0.372485
           1     1.65352     1.65352     1.63739
           2     1.63795     1.64573     1.15195
           3     1.62594     1.63914    0.936967
           4     1.69647     1.65347    0.818773
           5     1.73492     1.66976    0.739854
           6     1.68595     1.67246    0.676438
           7     1.62951     1.66632    0.623958
           8     1.67531     1.66745    0.583994
           9     1.62079     1.66226    0.548887
          10     1.69219     1.66525    0.521651
          11     1.71698     1.66996    0.498821
          12     1.68445     1.67116    0.477913
          13     1.63306     1.66823     0.45835
          14     1.69041     1.66982    0.442103
          15     1.72997     1.67383    0.428185
          16     1.69639     1.67524    0.414947
          17     1.70651     1.67708     0.40301
          18     1.69245     1.67793    0.391852
          19      1.6719     1.67761    0.381326
          20     1.74878     1.68117    0.372485
           1     1.70752     1.70752     1.69163
           2     1.74333     1.72543     1.20911
           3     1.67131     1.70739    0.976867
           4     1.59834     1.68012    0.832619
           5      1.7099     1.68608    0.747273
           6     1.68351     1.68565    0.681925
           7      1.6778     1.68453     0.63087
           8     1.74896     1.69258    0.593009
           9     1.66297     1.68929    0.558006
          10     1.65492     1.68586    0.528267
          11     1.62722     1.68052    0.502055
          12     1.63608     1.67682    0.479618
          13     1.69628     1.67832    0.461214
          14     1.73328     1.68224     0.44551
          15      1.6882     1.68264     0.43049
          16      1.6308      1.6794    0.416018
          17      1.6698     1.67884    0.403436
          18     1.62767     1.67599    0.391406
          19     1.67669     1.67603    0.380963
          20     1.73014     1.67874    0.371933
           1     1.76054     1.76054     1.74508
           2     1.69854     1.72954     1.21218
           3     1.74468     1.73459     0.99265
           4     1.63361     1.70934     0.84724
           5     1.65546     1.69857    0.752915
           6     1.68547     1.69638    0.686355
           7     1.67753     1.69369    0.634361
           8     1.71377      1.6962     0.59427
           9      1.7268      1.6996    0.561407
          10     1.66413     1.69605    0.531498
          11      1.6352     1.69052    0.505095
          12     1.65123     1.68725    0.482619
          13     1.64526     1.68402    0.462793
          14      1.6754      1.6834    0.445787
          15       1.727     1.68631    0.431436
          16     1.67874     1.68583    0.417606
          17     1.66853     1.68482     0.40489
          18     1.64378     1.68254     0.39293
          19     1.61771     1.67912    0.381677
          20     1.69816     1.68008    0.372217
