           1    0.385353    0.385353           0
           2    0.403901    0.394627  0.00655764
           3     0.39221    0.393822  0.00442098
           4    0.380166    0.390408  0.00444238
           5     0.37933    0.388192  0.00406905
           6    0.386205    0.387861  0.00340434
           7    0.389219    0.388055  0.00292353
           8    0.388412      0.3881  0.00255843
           9    0.379159    0.387106  0.00245948
          10    0.383615    0.386757  0.00223818
          11     0.37235    0.385447  0.00238735
          12    0.379815    0.384978  0.00223407
          13    0.380296    0.384618  0.00209104
          14    0.389912    0.384996  0.00197558
          15    0.380106     0.38467  0.00187058
          16    0.391379    0.385089  0.00180004
          17    0.375645    0.384534  0.00177782
          18     0.39217    0.384958  0.00172892
          19    0.379944    0.384694  0.00165794
          20    0.367591    0.383839    0.001782
           1    0.385353    0.385353           0
           2    0.403901    0.394627  0.00655764
           3     0.39221    0.393822  0.00442098
           4    0.380166    0.390408  0.00444238
           5     0.37933    0.388192  0.00406905
           6    0.386205    0.387861  0.00340434
           7    0.389219    0.388055  0.00292353
           8    0.388412      0.3881  0.00255843
           9    0.379159    0.387106  0.00245948
          10    0.383615    0.386757  0.00223818
          11     0.37235    0.385447  0.00238735
          12    0.379815    0.384978  0.00223407
          13    0.380296    0.384618  0.00209104
          14    0.389912    0.384996  0.00197558
          15    0.380106     0.38467  0.00187058
          16    0.391379    0.385089  0.00180004
          17    0.375645    0.384534  0.00177782
          18     0.39217    0.384958  0.00172892
          19    0.379944    0.384694  0.00165794
          20    0.367591    0.383839    0.001782
           1    0.385353    0.385353           0
           2    0.403901    0.394627  0.00655764
           3     0.39221    0.393822  0.00442098
           4    0.380166    0.390408  0.00444238
           5     0.37933    0.388192  0.00406905
           6    0.386205    0.387861  0.00340434
           7    0.389219    0.388055  0.00292353
           8    0.388412      0.3881  0.00255843
           9    0.379159    0.387106  0.00245948
          10    0.383615    0.386757  0.00223818
          11     0.37235    0.385447  0.00238735
          12    0.379815    0.384978  0.00223407
          13    0.380296    0.384618  0.00209104
          14    0.389912    0.384996  0.00197558
          15    0.380106     0.38467  0.00187058
          16    0.391379    0.385089  0.00180004
          17    0.375645    0.384534  0.00177782
          18     0.39217    0.384958  0.00172892
          19    0.379944    0.384694  0.00165794
          20    0.367591    0.383839    0.001782
           1    0.401233    0.401233           0
           2    0.391035    0.396134  0.00360576
           3     0.39075    0.394339  0.00281524
           4    0.390777    0.393449  0.00224787
           5     0.37967    0.390693  0.00305116
           6      0.3908    0.390711  0.00254269
           7    0.392132    0.390914  0.00218753
           8    0.373143    0.388693   0.0028251
           9    0.395141    0.389409  0.00260047
          10    0.386321      0.3891  0.00235869
          11     0.40326    0.390388  0.00247069
          12    0.391635    0.390492  0.00226698
          13    0.381452    0.389796  0.00219666
          14    0.378656       0.389  0.00217911
          15    0.386478    0.388832  0.00204032
          16    0.389182    0.388854  0.00191291
          17     0.38613    0.388694  0.00180709
          18    0.381281    0.388282    0.001753
          19    0.382928       0.388  0.00168323
          20    0.371163    0.387158  0.00179731
           1    0.386095    0.386095           0
           2     0.40548    0.395787  0.00685336
           3    0.389956    0.393844  0.00483669
           4     0.38603     0.39189  0.00400262
           5    0.393057    0.392124   0.0032089
           6    0.384375    0.390832  0.00292241
           7    0.385326    0.390046  0.00260863
           8    0.388785    0.389888   0.0022873
           9    0.378565     0.38863  0.00235388
          10    0.390071    0.388774   0.0021229
          11    0.389305    0.388822  0.00193045
          12    0.401228    0.389856  0.00202759
          13    0.397856    0.390472   0.0019628
          14    0.371671    0.389129  0.00223528
          15    0.389586    0.389159  0.00208647
          16    0.381141    0.388658  0.00201535
          17    0.387709    0.388602  0.00189757
          18    0.391342    0.388754  0.00179825
          19    0.378003    0.388188  0.00179042
          20    0.385174    0.388038  0.00170723
           1    0.386095    0.386095           0
           2     0.40548    0.395787  0.00685336
           3    0.389956    0.393844  0.00483669
           4     0.38603     0.39189  0.00400262
           5    0.393057    0.392124   0.0032089
           6    0.384375    0.390832  0.00292241
           7    0.385326    0.390046  0.00260863
           8    0.388785    0.389888   0.0022873
           9    0.378565     0.38863  0.00235388
          10    0.390071    0.388774   0.0021229
          11    0.389305    0.388822  0.00193045
          12    0.401228    0.389856  0.00202759
          13    0.397856    0.390472   0.0019628
          14    0.371671    0.389129  0.00223528
          15    0.389586    0.389159  0.00208647
          16    0.381141    0.388658  0.00201535
          17    0.387709    0.388602  0.00189757
          18    0.391342    0.388754  0.00179825
          19    0.378003    0.388188  0.00179042
          20    0.385174    0.388038  0.00170723
