           1   -0.920744   -0.920744           0
           2   -0.908616    -0.91468   0.0042879
           3   -0.906992   -0.912117  0.00354256
           4       -0.92   -0.914088  0.00315783
           5    -0.91304   -0.913878  0.00253321
           6   -0.911712   -0.913517  0.00213658
           7    -0.90272   -0.911975  0.00232233
           8    -0.90808   -0.911488  0.00208245
           9   -0.913944   -0.911761  0.00186886
          10   -0.912328   -0.911818  0.00168283
          11   -0.909616   -0.911617   0.0015417
          12   -0.922248   -0.912503  0.00164821
          13   -0.921936   -0.913229  0.00167353
          14   -0.911224   -0.913086  0.00156011
          15   -0.914624   -0.913188  0.00145947
          16   -0.906312   -0.912759  0.00143013
          17   -0.912264   -0.912729   0.0013463
          18   -0.902184   -0.912144  0.00139316
          19   -0.909224    -0.91199  0.00132828
          20   -0.915984    -0.91219  0.00127679
           1   -0.920744   -0.920744           0
           2   -0.908616    -0.91468   0.0042879
           3   -0.906992   -0.912117  0.00354256
           4       -0.92   -0.914088  0.00315783
           5    -0.91304   -0.913878  0.00253321
           6   -0.911712   -0.913517  0.00213658
           7    -0.90272   -0.911975  0.00232233
           8    -0.90808   -0.911488  0.00208245
           9   -0.913944   -0.911761  0.00186886
          10   -0.912328   -0.911818  0.00168283
          11   -0.909616   -0.911617   0.0015417
          12   -0.922248   -0.912503  0.00164821
          13   -0.921936   -0.913229  0.00167353
          14   -0.911224   -0.913086  0.00156011
          15   -0.914624   -0.913188  0.00145947
          16   -0.906312   -0.912759  0.00143013
          17   -0.912264   -0.912729   0.0013463
          18   -0.902184   -0.912144  0.00139316
          19   -0.909224    -0.91199  0.00132828
          20   -0.915984    -0.91219  0.00127679
           1   -0.920744   -0.920744           0
           2   -0.908616    -0.91468   0.0042879
           3   -0.906992   -0.912117  0.00354256
           4       -0.92   -0.914088  0.00315783
           5    -0.91304   -0.913878  0.00253321
           6   -0.911712   -0.913517  0.00213658
           7    -0.90272   -0.911975  0.00232233
           8    -0.90808   -0.911488  0.00208245
           9   -0.913944   -0.911761  0.00186886
          10   -0.912328   -0.911818  0.00168283
          11   -0.909616   -0.911617   0.0015417
          12   -0.922248   -0.912503  0.00164821
          13   -0.921936   -0.913229  0.00167353
          14   -0.911224   -0.913086  0.00156011
          15   -0.914624   -0.913188  0.00145947
          16   -0.906312   -0.912759  0.00143013
          17   -0.912264   -0.912729   0.0013463
          18   -0.902184   -0.912144  0.00139316
          19   -0.909224    -0.91199  0.00132828
          20   -0.915984    -0.91219  0.00127679
           1   -0.921552   -0.921552           0
           2   -0.911152   -0.916352  0.00367696
           3   -0.913848   -0.915517  0.00254427
           4   -0.924896   -0.917862  0.00278646
           5   -0.911344   -0.916558  0.00251569
           6   -0.912584   -0.915896  0.00218187
           7    -0.91152   -0.915271  0.00195768
           8   -0.910144    -0.91463  0.00181484
           9    -0.92132   -0.915373  0.00175884
          10    -0.92044    -0.91588  0.00165433
          11   -0.909488   -0.915299  0.00160274
          12    -0.90652   -0.914567  0.00162761
          13   -0.919672    -0.91496  0.00154905
          14      -0.913    -0.91482  0.00144471
          15   -0.912352   -0.914655  0.00135774
          16   -0.902088    -0.91387  0.00148277
          17   -0.907816   -0.913514  0.00143768
          18   -0.914736   -0.913582  0.00135941
          19   -0.911912   -0.913494   0.0012907
          20    -0.90944   -0.913291  0.00124198
           1   -0.904288   -0.904288           0
           2    -0.92544   -0.914864  0.00747836
           3   -0.911312    -0.91368  0.00507844
           4   -0.914328   -0.913842  0.00381141
           5   -0.923888   -0.915851  0.00353931
           6   -0.913912   -0.915528  0.00296414
           7   -0.911008   -0.914882  0.00261008
           8   -0.912208   -0.914548  0.00230513
           9   -0.909064   -0.913939  0.00212801
          10     -0.9242   -0.914965  0.00214842
          11   -0.915632   -0.915025  0.00195396
          12   -0.907912   -0.914433   0.0018789
          13   -0.910792   -0.914153  0.00175512
          14   -0.917688   -0.914405  0.00164782
          15   -0.914024    -0.91438  0.00153816
          16   -0.909968   -0.914104  0.00146653
          17   -0.903344   -0.913471  0.00151069
          18   -0.909544   -0.913253  0.00144243
          19   -0.916144   -0.913405  0.00137451
          20   -0.908448   -0.913157  0.00132795
           1   -0.904288   -0.904288           0
           2    -0.92544   -0.914864  0.00747836
           3   -0.911312    -0.91368  0.00507844
           4   -0.914328   -0.913842  0.00381141
           5   -0.923888   -0.915851  0.00353931
           6   -0.913912   -0.915528  0.00296414
           7   -0.911008   -0.914882  0.00261008
           8   -0.912208   -0.914548  0.00230513
           9   -0.909064   -0.913939  0.00212801
          10     -0.9242   -0.914965  0.00214842
          11   -0.915632   -0.915025  0.00195396
          12   -0.907912   -0.914433   0.0018789
          13   -0.910792   -0.914153  0.00175512
          14   -0.917688   -0.914405  0.00164782
          15   -0.914024    -0.91438  0.00153816
          16   -0.909968   -0.914104  0.00146653
          17   -0.903344   -0.913471  0.00151069
          18   -0.909544   -0.913253  0.00144243
          19   -0.916144   -0.913405  0.00137451
          20   -0.908448   -0.913157  0.00132795
