           1    -0.55412    -0.55412           0
           2   -0.554064   -0.554092  1.9799e-05
           3    -0.55576   -0.554648 0.000454164
           4   -0.556848   -0.555198 0.000585576
           5   -0.552096   -0.554578 0.000726204
           6    -0.55392   -0.554468 0.000613385
           7   -0.556352   -0.554737 0.000581817
           8   -0.555936   -0.554887 0.000528037
           9   -0.551824   -0.554547 0.000568561
          10   -0.559128   -0.555005 0.000671371
          11   -0.557768   -0.555256  0.00065565
          12    -0.55668   -0.555375 0.000611657
          13   -0.553104     -0.5552 0.000589018
          14   -0.554832   -0.555174 0.000547531
          15   -0.553216   -0.555043 0.000526355
          16   -0.555424   -0.555067 0.000493995
          17    -0.54988   -0.554762 0.000551169
          18   -0.557872   -0.554935 0.000546961
          19   -0.555656   -0.554973 0.000519489
          20   -0.553952   -0.554922 0.000496015
           1    -0.55412    -0.55412           0
           2   -0.554064   -0.554092  1.9799e-05
           3    -0.55576   -0.554648 0.000454164
           4   -0.556848   -0.555198 0.000585576
           5   -0.552096   -0.554578 0.000726204
           6    -0.55392   -0.554468 0.000613385
           7   -0.556352   -0.554737 0.000581817
           8   -0.555936   -0.554887 0.000528037
           9   -0.551824   -0.554547 0.000568561
          10   -0.559128   -0.555005 0.000671371
          11   -0.557768   -0.555256  0.00065565
          12    -0.55668   -0.555375 0.000611657
          13   -0.553104     -0.5552 0.000589018
          14   -0.554832   -0.555174 0.000547531
          15   -0.553216   -0.555043 0.000526355
          16   -0.555424   -0.555067 0.000493995
          17    -0.54988   -0.554762 0.000551169
          18   -0.557872   -0.554935 0.000546961
          19   -0.555656   -0.554973 0.000519489
          20   -0.553952   -0.554922 0.000496015
           1   -0.554256   -0.554256           0
           2   -0.555464    -0.55486 0.000427092
           3   -0.556472   -0.555397 0.000523025
           4    -0.55524   -0.555358 0.000393745
           5    -0.55344   -0.554974  0.00046577
           6   -0.551648    -0.55442 0.000637798
           7   -0.554208    -0.55439 0.000547403
           8   -0.553792   -0.554315 0.000484049
           9   -0.557536   -0.554673 0.000546792
          10   -0.554176   -0.554623 0.000494366
          11   -0.553816    -0.55455 0.000454837
          12    -0.55624   -0.554691   0.0004382
          13   -0.556944   -0.554864 0.000437432
          14   -0.551784   -0.554644 0.000458182
          15   -0.554016   -0.554602 0.000429545
          16   -0.556192   -0.554701 0.000414032
          17    -0.55612   -0.554785 0.000397997
          18     -0.5516   -0.554608 0.000413351
          19   -0.559224   -0.554851 0.000457454
          20   -0.558096   -0.555013 0.000462461
           1   -0.555024   -0.555024           0
           2    -0.55368   -0.554352 0.000475176
           3   -0.555152   -0.554619 0.000384395
           4   -0.556768   -0.555156 0.000547412
           5   -0.556048   -0.555334 0.000466094
           6   -0.553024   -0.554949 0.000523858
           7     -0.5514   -0.554442 0.000649607
           8   -0.553776   -0.554359  0.00057372
           9   -0.554512   -0.554376 0.000510225
          10   -0.557344   -0.554673 0.000538654
          11   -0.554136   -0.554624 0.000491891
          12    -0.55468   -0.554629 0.000450922
          13   -0.556664   -0.554785 0.000442582
          14   -0.555304   -0.554822 0.000412518
          15    -0.55168   -0.554613 0.000434967
          16   -0.554464   -0.554603 0.000407881
          17   -0.557832   -0.554793 0.000425811
          18   -0.554032   -0.554751  0.00040425
          19   -0.553272   -0.554673 0.000390398
          20   -0.557616    -0.55482  0.00039764
