           1     1.38949     1.38949     1.37431
           2     1.44092      1.4152    0.990271
           3     1.40206     1.41082    0.805864
           4     1.46252     1.42375    0.704493
           5     1.51459     1.44192    0.638499
           6     1.40222      1.4353    0.580164
           7     1.44079     1.43608    0.537389
           8       1.451     1.43795    0.503309
           9     1.43584     1.43771    0.474423
          10     1.41184     1.43513    0.449225
          11     1.42877     1.43455    0.428159
          12     1.54293     1.44358    0.412638
          13     1.33338      1.4351    0.394169
          14     1.41175     1.43344    0.379363
          15     1.38187        1.43    0.365617
          16     1.39907     1.42807    0.353508
          17     1.38362     1.42545    0.342309
          18     1.46522     1.42766    0.333186
          19     1.43553     1.42807    0.324393
          20     1.35467      1.4244    0.315368
           1     1.38949     1.38949     1.37431
           2     1.44092      1.4152    0.990271
           3     1.40206     1.41082    0.805864
           4     1.46252     1.42375    0.704493
           5     1.51459     1.44192    0.638499
           6     1.40222      1.4353    0.580164
           7     1.44079     1.43608    0.537389
           8       1.451     1.43795    0.503309
           9     1.43584     1.43771    0.474423
          10     1.41184     1.43513    0.449225
          11     1.42877     1.43455    0.428159
          12     1.54293     1.44358    0.412638
          13     1.33338      1.4351    0.394169
          14     1.41175     1.43344    0.379363
          15     1.38187        1.43    0.365617
          16     1.39907     1.42807    0.353508
          17     1.38362     1.42545    0.342309
          18     1.46522     1.42766    0.333186
          19     1.43553     1.42807    0.324393
          20     1.35467      1.4244    0.315368
           1     1.46734     1.46734     1.45295
           2     1.40324     1.43529     1.00449
           3     1.46477     1.44512    0.825942
           4     1.47637     1.45293    0.719256
           5     1.44421     1.45119    0.642542
           6     1.41761     1.44559    0.584237
           7     1.38169     1.43646    0.537466
           8     1.43425     1.43619     0.50266
           9     1.41604     1.43395    0.473121
          10     1.34653      1.4252    0.446132
          11     1.40178     1.42307    0.424713
          12     1.44109     1.42458     0.40706
          13     1.40661     1.42319    0.390683
          14     1.46029     1.42584    0.377187
          15     1.50214     1.43093    0.365755
          16     1.41183     1.42974    0.353836
          17     1.42219     1.42929    0.343155
          18     1.47368     1.43176    0.334072
          19     1.43511     1.43193    0.325192
          20     1.40157     1.43042    0.316608
