           1    0.618996    0.618996           0
           2      0.6241    0.621548  0.00180454
           3    0.618148    0.620415  0.00151775
           4    0.618992    0.620059  0.00117925
           5    0.618688    0.619785 0.000974757
           6    0.619588    0.619752 0.000812849
           7    0.630672    0.621312  0.00160355
           8    0.621852    0.621379  0.00140453
           9    0.614136    0.620575  0.00146098
          10    0.620404    0.620558  0.00131498
          11     0.62348    0.620823  0.00122198
          12    0.630784    0.621653  0.00137343
          13    0.613936     0.62106  0.00139017
          14    0.617904    0.620834  0.00130902
          15    0.630416    0.621473  0.00136876
          16    0.625852    0.621747  0.00131029
          17    0.622652      0.6218   0.0012343
          18    0.640564    0.622842  0.00154442
          19    0.621684    0.622781  0.00146434
          20    0.612424    0.622264  0.00147987
