           1   -0.614096   -0.614096           0
           2   -0.610496   -0.612296  0.00127279
           3   -0.611656   -0.612083 0.000866222
           4   -0.611432    -0.61192 0.000664765
           5   -0.611688   -0.611874 0.000533429
           6   -0.612224   -0.611932 0.000447709
           7   -0.613224   -0.612117 0.000420077
           8   -0.613288   -0.612263 0.000392259
           9     -0.6132   -0.612367 0.000362227
          10   -0.613424   -0.612473 0.000341075
          11   -0.614336   -0.612642 0.000349606
          12   -0.615312   -0.612865 0.000384808
          13    -0.61464   -0.613001 0.000378665
          14   -0.613176   -0.613014 0.000351823
          15   -0.615136   -0.613155 0.000355682
          16   -0.615448   -0.613298 0.000361167
          17    -0.61732   -0.613535  0.00041014
          18   -0.611488   -0.613421 0.000402813
          19   -0.614784   -0.613493 0.000387945
          20   -0.613864   -0.613512 0.000368991
           1   -0.614096   -0.614096           0
           2   -0.610496   -0.612296  0.00127279
           3   -0.611656   -0.612083 0.000866222
           4   -0.611432    -0.61192 0.000664765
           5   -0.611688   -0.611874 0.000533429
           6   -0.612224   -0.611932 0.000447709
           7   -0.613224   -0.612117 0.000420077
           8   -0.613288   -0.612263 0.000392259
           9     -0.6132   -0.612367 0.000362227
          10   -0.613424   -0.612473 0.000341075
          11   -0.614336   -0.612642 0.000349606
          12   -0.615312   -0.612865 0.000384808
          13    -0.61464   -0.613001 0.000378665
          14   -0.613176   -0.613014 0.000351823
          15   -0.615136   -0.613155 0.000355682
          16   -0.615448   -0.613298 0.000361167
          17    -0.61732   -0.613535  0.00041014
          18   -0.611488   -0.613421 0.000402813
          19   -0.614784   -0.613493 0.000387945
          20   -0.613864   -0.613512 0.000368991
           1   -0.614096   -0.614096           0
           2   -0.610496   -0.612296  0.00127279
           3   -0.611656   -0.612083 0.000866222
           4   -0.611432    -0.61192 0.000664765
           5   -0.611688   -0.611874 0.000533429
           6   -0.612224   -0.611932 0.000447709
           7   -0.613224   -0.612117 0.000420077
           8   -0.613288   -0.612263 0.000392259
           9     -0.6132   -0.612367 0.000362227
          10   -0.613424   -0.612473 0.000341075
          11   -0.614336   -0.612642 0.000349606
          12   -0.615312   -0.612865 0.000384808
          13    -0.61464   -0.613001 0.000378665
          14   -0.613176   -0.613014 0.000351823
          15   -0.615136   -0.613155 0.000355682
          16   -0.615448   -0.613298 0.000361167
          17    -0.61732   -0.613535  0.00041014
          18   -0.611488   -0.613421 0.000402813
          19   -0.614784   -0.613493 0.000387945
          20   -0.613864   -0.613512 0.000368991
           1    -0.61112    -0.61112           0
           2   -0.614784   -0.612952  0.00129542
           3   -0.615928   -0.613944  0.00118401
           4   -0.615712   -0.614386 0.000966993
           5   -0.612112   -0.613931 0.000874027
           6   -0.613216   -0.613812 0.000736439
           7    -0.60932    -0.61317 0.000866847
           8   -0.615736   -0.613491 0.000815665
           9    -0.61116   -0.613232 0.000765052
          10   -0.614416    -0.61335 0.000697648
          11   -0.610352   -0.613078 0.000685411
          12   -0.611864   -0.612977 0.000635714
          13   -0.611376   -0.612854 0.000598618
          14   -0.611488   -0.612756  0.00056375
          15   -0.612104   -0.612713  0.00052784
          16   -0.613064   -0.612734 0.000495307
          17   -0.613488   -0.612779  0.00046815
          18    -0.61324   -0.612804 0.000442842
          19   -0.613304   -0.612831 0.000420314
          20   -0.614464   -0.612912 0.000407155
           1   -0.613944   -0.613944           0
           2   -0.610496    -0.61222  0.00121905
           3   -0.615392   -0.613277  0.00118566
           4   -0.615776   -0.613902  0.00104087
           5   -0.615872   -0.614296 0.000904197
           6   -0.611496   -0.613829 0.000865586
           7   -0.613936   -0.613845 0.000742065
           8   -0.609592   -0.613313 0.000817831
           9   -0.615968   -0.613608 0.000778349
          10   -0.610816   -0.613329 0.000748917
          11   -0.612336   -0.613239 0.000686251
          12   -0.613312   -0.613245 0.000629091
          13   -0.609336   -0.612944 0.000648582
          14   -0.612928   -0.612943 0.000602255
          15    -0.61044   -0.612776 0.000584762
          16   -0.612288   -0.612745  0.00054901
          17    -0.61444   -0.612845 0.000525686
          18   -0.612696   -0.612837 0.000496546
          19    -0.61364   -0.612879 0.000472208
          20   -0.613304     -0.6129 0.000449075
