           1      0.7438      0.7438           0
           2    0.754132    0.748966  0.00365291
           3    0.749928    0.749287  0.00244931
           4    0.755932    0.750948  0.00233335
           5    0.753908     0.75154  0.00194033
           6    0.752048    0.751625  0.00161879
           7    0.761356    0.753015  0.00189256
           8    0.737964    0.751134  0.00241648
           9    0.737644    0.749635  0.00257113
          10     0.74574    0.749245  0.00234333
          11    0.730608    0.747551  0.00267354
          12    0.747392    0.747538  0.00245078
          13     0.75574    0.748169  0.00234207
          14    0.748312    0.748179   0.0021748
          15    0.759972    0.748965  0.00216727
          16    0.755816    0.749393  0.00207368
          17    0.748252    0.749326  0.00195279
          18    0.745924    0.749137  0.00185342
          19    0.748504    0.749104  0.00175617
          20     0.74396    0.748847  0.00168709
