           1     1.51081     1.51081     1.49602
           2     1.47494     1.49288       1.045
           3      1.4855     1.49042    0.851807
           4      1.5457     1.50424    0.744812
           5     1.50379     1.50415    0.666051
           6     1.53047     1.50854    0.609775
           7     1.47403     1.50361    0.562655
           8     1.56932     1.51182     0.52928
           9     1.51881      1.5126    0.499257
          10     1.49553     1.51089    0.473053
          11     1.53785     1.51334     0.45178
          12     1.46733     1.50951    0.431437
          13     1.56937     1.51411    0.415814
          14     1.54065     1.51601    0.401198
          15     1.51272     1.51579    0.387534
          16     1.53501     1.51699    0.375526
          17     1.47433     1.51448    0.363704
          18     1.52988     1.51534    0.353665
          19     1.48167     1.51356    0.343812
          20     1.47384     1.51158    0.334666
           1     1.51081     1.51081     1.49602
           2     1.47494     1.49288       1.045
           3      1.4855     1.49042    0.851807
           4      1.5457     1.50424    0.744812
           5     1.50379     1.50415    0.666051
           6     1.53047     1.50854    0.609775
           7     1.47403     1.50361    0.562655
           8     1.56932     1.51182     0.52928
           9     1.51881      1.5126    0.499257
          10     1.49553     1.51089    0.473053
          11     1.53785     1.51334     0.45178
          12     1.46733     1.50951    0.431437
          13     1.56937     1.51411    0.415814
          14     1.54065     1.51601    0.401198
          15     1.51272     1.51579    0.387534
          16     1.53501     1.51699    0.375526
          17     1.47433     1.51448    0.363704
          18     1.52988     1.51534    0.353665
          19     1.48167     1.51356    0.343812
          20     1.47384     1.51158    0.334666
           1      1.4634      1.4634     1.44855
           2     1.46648     1.46494     1.02514
           3     1.53037     1.48675     0.84985
           4     1.53653      1.4992     0.74224
           5     1.51412     1.50218    0.665148
           6     1.55894     1.51164    0.611167
           7      1.4544     1.50346    0.562737
           8     1.51263     1.50461    0.526801
           9     1.55929     1.51068    0.498748
          10     1.51011     1.51063    0.473124
          11     1.47502     1.50739    0.450112
          12     1.48265     1.50533    0.430344
          13     1.54343     1.50826    0.414295
          14     1.51371     1.50865    0.399308
          15     1.52805     1.50994    0.386088
          16     1.47398     1.50769    0.373256
          17     1.56843     1.51127    0.362992
           1     1.47367     1.47367     1.45844
           2     1.45913      1.4664     1.02627
           3      1.4814      1.4714    0.840816
           4      1.5404     1.48865    0.736969
           5     1.52301     1.49552    0.662211
           6      1.5376     1.50253    0.607392
           7     1.53612     1.50733    0.564172
           8      1.4659     1.50215    0.525904
           9     1.54351     1.50675    0.497385
          10     1.55399     1.51147    0.473395
          11     1.46042     1.50683    0.449961
          12     1.51432     1.50745    0.430965
          13     1.48355     1.50562    0.413542
          14     1.56447     1.50982    0.399653
          15      1.4888     1.50842    0.385719
          16     1.51875     1.50906    0.373622
          17     1.50789       1.509    0.362436
          18     1.54187     1.51082    0.352654
          19      1.4959     1.51004    0.343058
          20     1.52052     1.51056    0.334472
