           1   -0.538968   -0.538968           0
           2    -0.54324   -0.541104  0.00151038
           3   -0.540072    -0.54076  0.00104536
           4   -0.539832   -0.540528 0.000809355
           5    -0.54372   -0.541166 0.000863296
           6   -0.543352   -0.541531 0.000792547
           7    -0.54088   -0.541438 0.000684755
           8   -0.544832   -0.541862 0.000718686
           9   -0.539896   -0.541644  0.00067121
          10   -0.541424   -0.541622 0.000604448
          11     -0.5396   -0.541438 0.000576761
          12   -0.540152   -0.541331 0.000538559
          13    -0.54136   -0.541333 0.000497136
          14   -0.540768   -0.541293 0.000463261
          15   -0.542288   -0.541359 0.000437104
          16    -0.54392   -0.541519 0.000438114
          17   -0.542464   -0.541575 0.000415854
          18   -0.543352   -0.541673 0.000404305
          19    -0.54352   -0.541771 0.000394535
          20   -0.538088   -0.541586 0.000415558
           1   -0.538968   -0.538968           0
           2    -0.54324   -0.541104  0.00151038
           3   -0.540072    -0.54076  0.00104536
           4   -0.539832   -0.540528 0.000809355
           5    -0.54372   -0.541166 0.000863296
           6   -0.543352   -0.541531 0.000792547
           7    -0.54088   -0.541438 0.000684755
           8   -0.544832   -0.541862 0.000718686
           9   -0.539896   -0.541644  0.00067121
          10   -0.541424   -0.541622 0.000604448
          11     -0.5396   -0.541438 0.000576761
          12   -0.540152   -0.541331 0.000538559
          13    -0.54136   -0.541333 0.000497136
          14   -0.540768   -0.541293 0.000463261
          15   -0.542288   -0.541359 0.000437104
          16    -0.54392   -0.541519 0.000438114
          17   -0.542464   -0.541575 0.000415854
          18   -0.543352   -0.541673 0.000404305
          19    -0.54352   -0.541771 0.000394535
          20   -0.538088   -0.541586 0.000415558
           1     -0.5436     -0.5436           0
           2   -0.541232   -0.542416 0.000837214
           3   -0.542208   -0.542347 0.000561007
           4   -0.538896   -0.541484 0.000857426
           5   -0.543056   -0.541798 0.000741345
           6   -0.537424   -0.541069 0.000908081
           7   -0.543056   -0.541353 0.000821509
           8   -0.543864   -0.541667 0.000776464
           9   -0.541888   -0.541692 0.000690578
          10    -0.53888    -0.54141 0.000676337
          11   -0.543512   -0.541601 0.000641269
          12   -0.539744   -0.541447 0.000606223
          13   -0.539688   -0.541311 0.000574487
          14   -0.544144   -0.541514 0.000567965
          15   -0.543016   -0.541614 0.000538859
          16      -0.541   -0.541575 0.000506544
          17    -0.54476   -0.541763  0.00051021
          18   -0.539672   -0.541647  0.00049491
          19   -0.541832   -0.541656 0.000468959
          20   -0.539576   -0.541552 0.000456902
           1    -0.54564    -0.54564           0
           2   -0.542432   -0.544036   0.0011342
           3    -0.54244   -0.543504  0.00087202
           4   -0.541792   -0.543076 0.000751747
           5   -0.539688   -0.542398 0.000853811
           6   -0.540856   -0.542141 0.000749209
           7   -0.538296   -0.541592 0.000819177
           8   -0.544328   -0.541934 0.000784932
           9   -0.543072    -0.54206 0.000707828
          10   -0.541928   -0.542047 0.000637169
          11     -0.5404   -0.541897 0.000596582
          12   -0.541432   -0.541859 0.000548126
          13   -0.540952   -0.541789  0.00051038
          14   -0.540136   -0.541671 0.000487389
          15   -0.544016   -0.541827 0.000479317
          16   -0.541872    -0.54183 0.000449368
          17   -0.541832    -0.54183 0.000422934
          18    -0.54404   -0.541953 0.000416877
          19   -0.540336   -0.541868 0.000403528
          20   -0.541072   -0.541828 0.000385308
