           1     1.58624     1.58624     1.57128
           2     1.60995      1.5981     1.11947
           3     1.47489     1.55703    0.890723
           4     1.50901     1.54502    0.765209
           5     1.58272     1.55256    0.687749
           6     1.57674     1.55659    0.629449
           7     1.65835     1.57113    0.588393
           8     1.58796     1.57323     0.55111
           9     1.57761     1.57372    0.519717
          10     1.71471     1.58782    0.497719
          11     1.62043     1.59078    0.475439
          12     1.53942      1.5865    0.453942
          13     1.53197     1.58231    0.434947
          14     1.62661     1.58547    0.419963
          15     1.61868     1.58768     0.40627
          16     1.59256     1.58799    0.393423
          17     1.63213     1.59059    0.382307
          18     1.55785     1.58877     0.37109
          19     1.59553     1.58912    0.361261
          20     1.61896     1.59062    0.352445
           1     1.58624     1.58624     1.57128
           2     1.60995      1.5981     1.11947
           3     1.47489     1.55703    0.890723
           4     1.50901     1.54502    0.765209
           5     1.58272     1.55256    0.687749
           6     1.57674     1.55659    0.629449
           7     1.65835     1.57113    0.588393
           8     1.58796     1.57323     0.55111
           9     1.57761     1.57372    0.519717
          10     1.71471     1.58782    0.497719
          11     1.62043     1.59078    0.475439
          12     1.53942      1.5865    0.453942
          13     1.53197     1.58231    0.434947
          14     1.62661     1.58547    0.419963
          15     1.61868     1.58768     0.40627
          16     1.59256     1.58799    0.393423
          17     1.63213     1.59059    0.382307
          18     1.55785     1.58877     0.37109
          19     1.59553     1.58912    0.361261
          20     1.61896     1.59062    0.352445
           1     1.57901     1.57901     1.56265
           2     1.51643     1.54772     1.08333
           3     1.60252     1.56598    0.895288
           4     1.60433     1.57557     0.78024
           5     1.63894     1.58824    0.703684
           6     1.62452     1.59429    0.644821
           7     1.59046     1.59374    0.596727
           8     1.58186     1.59226    0.557657
           9     1.68134     1.60215    0.529152
          10     1.59274     1.60121    0.501691
          11     1.60329      1.6014    0.478393
          12     1.47894      1.5912    0.455155
          13     1.49475     1.58378    0.435259
          14     1.59594     1.58465    0.419643
          15     1.57282     1.58386    0.405197
          16     1.66071     1.58866    0.393551
          17     1.58591      1.5885    0.381754
          18     1.57694     1.58786    0.370835
          19     1.71104     1.59434    0.362499
          20     1.62912     1.59608     0.35371
           1     1.60997     1.60997     1.59453
           2     1.60408     1.60703     1.12514
           3     1.56894     1.59433    0.911556
           4     1.55725     1.58506    0.784795
           5     1.59982     1.58801     0.70335
           6     1.64554      1.5976    0.646084
           7     1.61584     1.60021    0.599125
           8     1.59946     1.60011    0.560369
           9     1.58816     1.59878    0.527879
          10     1.69079     1.60798    0.503797
          11     1.57215     1.60473    0.479371
          12     1.58951     1.60346    0.458593
          13     1.48311      1.5942    0.438097
          14     1.53587     1.59004    0.421039
          15     1.56682     1.58849    0.406352
          16     1.58676     1.58838    0.393412
          17     1.62489     1.59053    0.382188
          18     1.60358     1.59125    0.371589
          19     1.61572     1.59254    0.361967
          20     1.69459     1.59764    0.353994
