           1    0.290168    0.290168           0
           2     0.29132    0.290744 0.000407294
           3    0.293524    0.291671 0.000803867
           4    0.284832    0.289961  0.00159866
           5      0.2901    0.289989  0.00127917
           6    0.291412    0.290226  0.00108774
           7    0.282348    0.289101  0.00139819
           8     0.29046     0.28927   0.0012337
           9     0.27806    0.288025  0.00160678
          10    0.294236    0.288646  0.00156154
          11    0.290288    0.288795   0.0014267
          12    0.293096    0.289154  0.00135207
          13       0.286    0.288911  0.00126964
          14    0.296824    0.289476  0.00129868
          15       0.296    0.289911  0.00128286
          16    0.297392    0.290379  0.00128506
          17    0.299984    0.290944  0.00132789
          18     0.29882    0.291381  0.00132425
          19    0.287968    0.291202  0.00126668
          20     0.28516      0.2909  0.00123884
