           1    0.281876    0.281876           0
           2    0.288906    0.285391  0.00248541
           3    0.284552    0.285111   0.0016726
           4     0.28056    0.283973  0.00159519
           5    0.277403    0.282659  0.00173497
           6    0.278428    0.281954  0.00158262
           7     0.28478    0.282358  0.00140709
           8     0.28881    0.283164  0.00144399
           9    0.280357    0.282852   0.0013168
          10    0.282234    0.282791  0.00118657
          11    0.286716    0.283147  0.00113108
          12    0.282176    0.283067  0.00103971
          13    0.291692     0.28373  0.00115216
          14    0.279879    0.283455  0.00110222
          15    0.275115    0.282899  0.00116052
          16    0.271108    0.282162  0.00130109
          17    0.282369    0.282174  0.00122462
          18    0.285503    0.282359  0.00117046
          19    0.283008    0.282393  0.00110935
          20     0.27541    0.282044  0.00110747
           1    0.281876    0.281876           0
           2    0.288906    0.285391  0.00248541
           3    0.284552    0.285111   0.0016726
           4     0.28056    0.283973  0.00159519
           5    0.277403    0.282659  0.00173497
           6    0.278428    0.281954  0.00158262
           7     0.28478    0.282358  0.00140709
           8     0.28881    0.283164  0.00144399
           9    0.280357    0.282852   0.0013168
          10    0.282234    0.282791  0.00118657
          11    0.286716    0.283147  0.00113108
          12    0.282176    0.283067  0.00103971
          13    0.291692     0.28373  0.00115216
          14    0.279879    0.283455  0.00110222
          15    0.275115    0.282899  0.00116052
          16    0.271108    0.282162  0.00130109
          17    0.282369    0.282174  0.00122462
          18    0.285503    0.282359  0.00117046
          19    0.283008    0.282393  0.00110935
          20     0.27541    0.282044  0.00110747
           1    0.276056    0.276056           0
           2    0.284426    0.280241  0.00295929
           3    0.282062    0.280848  0.00203416
           4    0.281853    0.281099  0.00154104
           5    0.280605       0.281    0.001236
           6    0.277194    0.280366  0.00118165
           7    0.278783     0.28014  0.00103425
           8    0.277552    0.279816 0.000954225
           9    0.287533    0.280674  0.00117172
          10    0.281731    0.280779   0.0010593
          11    0.288682    0.281498  0.00118178
          12    0.285453    0.281827  0.00112833
          13    0.279993    0.281686  0.00105032
          14    0.276913    0.281345  0.00102914
          15    0.279743    0.281239 0.000966062
          16    0.284162    0.281421 0.000922803
          17    0.287501    0.281779 0.000935257
          18    0.281789    0.281779 0.000883298
          19    0.281267    0.281753 0.000837221
          20    0.286156    0.281973   0.0008238
           1    0.275478    0.275478           0
           2    0.274919    0.275199 0.000197893
           3    0.287189    0.279196  0.00326614
           4    0.280483    0.279517  0.00246541
           5     0.28088     0.27979  0.00198732
           6    0.277844    0.279465  0.00168237
           7    0.278256    0.279293  0.00145087
           8    0.279476    0.279316  0.00126969
           9     0.27846     0.27922  0.00113217
          10    0.289291    0.280228  0.00139681
          11    0.282343     0.28042  0.00128299
          12    0.285064    0.280807  0.00123308
          13    0.287288    0.281305   0.0012349
          14    0.279707    0.281191  0.00115196
          15    0.275798    0.280832  0.00112988
          16    0.281664    0.280884  0.00106046
          17    0.283625    0.281045  0.00101027
          18     0.28924      0.2815  0.00105173
          19    0.281252    0.281487 0.000996457
          20     0.28254     0.28154 0.000948024
