           1    0.435898    0.435898           0
           2    0.414959    0.425429  0.00740329
           3    0.430102    0.426986  0.00509679
           4    0.440138    0.430274  0.00476651
           5     0.42414    0.429047  0.00396798
           6    0.437069    0.430384   0.0035247
           7    0.442113     0.43206  0.00339612
           8    0.435864    0.432535  0.00300473
           9    0.454906    0.435021  0.00355319
          10    0.431863    0.434705  0.00321188
          11    0.449258    0.436028  0.00318073
          12    0.431595    0.435659  0.00293704
          13     0.44128    0.436091  0.00274276
          14     0.45566    0.437489  0.00288108
          15    0.416466    0.436087  0.00301064
          16    0.442544    0.436491  0.00284939
          17    0.419911    0.435516   0.0028438
          18     0.42433    0.434894  0.00275287
          19        0.43    0.434637  0.00262001
          20    0.431295    0.434469  0.00249433
           1    0.435898    0.435898           0
           2    0.414959    0.425429  0.00740329
           3    0.430102    0.426986  0.00509679
           4    0.440138    0.430274  0.00476651
           5     0.42414    0.429047  0.00396798
           6    0.437069    0.430384   0.0035247
           7    0.442113     0.43206  0.00339612
           8    0.435864    0.432535  0.00300473
           9    0.454906    0.435021  0.00355319
          10    0.431863    0.434705  0.00321188
          11    0.449258    0.436028  0.00318073
          12    0.431595    0.435659  0.00293704
          13     0.44128    0.436091  0.00274276
          14     0.45566    0.437489  0.00288108
          15    0.416466    0.436087  0.00301064
          16    0.442544    0.436491  0.00284939
          17    0.419911    0.435516   0.0028438
          18     0.42433    0.434894  0.00275287
          19        0.43    0.434637  0.00262001
          20    0.431295    0.434469  0.00249433
           1    0.435898    0.435898           0
           2    0.414959    0.425429  0.00740329
           3    0.430102    0.426986  0.00509679
           4    0.440138    0.430274  0.00476651
           5     0.42414    0.429047  0.00396798
           6    0.437069    0.430384   0.0035247
           7    0.442113     0.43206  0.00339612
           8    0.435864    0.432535  0.00300473
           9    0.454906    0.435021  0.00355319
          10    0.431863    0.434705  0.00321188
          11    0.449258    0.436028  0.00318073
          12    0.431595    0.435659  0.00293704
          13     0.44128    0.436091  0.00274276
          14     0.45566    0.437489  0.00288108
          15    0.416466    0.436087  0.00301064
          16    0.442544    0.436491  0.00284939
          17    0.419911    0.435516   0.0028438
          18     0.42433    0.434894  0.00275287
          19        0.43    0.434637  0.00262001
          20    0.431295    0.434469  0.00249433
           1    0.457423    0.457423           0
           2    0.461682    0.459553  0.00150574
           3    0.469548    0.462885  0.00289977
           4     0.45172    0.460093  0.00325157
           5    0.437697    0.455614  0.00477681
           6    0.447785    0.454309  0.00415508
           7    0.428445    0.450614  0.00493821
           8    0.443416    0.449715  0.00440215
           9    0.432104    0.447758   0.0043261
          10    0.432621    0.446244  0.00414988
          11    0.419085    0.443775  0.00444686
          12    0.428785    0.442526  0.00424813
          13    0.441288    0.442431  0.00392242
          14    0.423703    0.441093  0.00386361
          15    0.438197      0.4409  0.00361086
          16    0.442219    0.440982  0.00338612
          17    0.436272    0.440705  0.00319825
          18    0.450386    0.441243  0.00306545
          19    0.432721    0.440795  0.00293674
          20     0.45104    0.441307  0.00283423
           1    0.447871    0.447871           0
           2    0.453051    0.450461  0.00183122
           3    0.461564    0.454162  0.00325918
           4    0.474945    0.459358  0.00512067
           5    0.455349    0.458556  0.00415883
           6    0.427301    0.453347  0.00588425
           7    0.453473    0.453365  0.00504367
           8     0.43496    0.451064  0.00490994
           9    0.433844    0.449151  0.00472251
          10    0.439953    0.448231   0.0043389
          11    0.431217    0.446684  0.00421113
          12    0.416222    0.444146   0.0045616
          13    0.433077    0.443294  0.00428944
          14     0.43691    0.442838  0.00400722
          15    0.420243    0.441332  0.00401322
          16    0.442508    0.441406  0.00376307
          17    0.434891    0.441022  0.00356117
          18     0.45138    0.441598  0.00340951
          19    0.440771    0.441554  0.00323034
          20    0.428998    0.440926  0.00312923
           1    0.447871    0.447871           0
           2    0.453051    0.450461  0.00183122
           3    0.461564    0.454162  0.00325918
           4    0.474945    0.459358  0.00512067
           5    0.455349    0.458556  0.00415883
           6    0.427301    0.453347  0.00588425
           7    0.453473    0.453365  0.00504367
           8     0.43496    0.451064  0.00490994
           9    0.433844    0.449151  0.00472251
          10    0.439953    0.448231   0.0043389
          11    0.431217    0.446684  0.00421113
          12    0.416222    0.444146   0.0045616
          13    0.433077    0.443294  0.00428944
          14     0.43691    0.442838  0.00400722
          15    0.420243    0.441332  0.00401322
          16    0.442508    0.441406  0.00376307
          17    0.434891    0.441022  0.00356117
          18     0.45138    0.441598  0.00340951
          19    0.440771    0.441554  0.00323034
          20    0.428998    0.440926  0.00312923
