           1   -0.583784   -0.583784           0
           2   -0.580304   -0.582044  0.00123037
           3   -0.582408   -0.582165 0.000826205
           4   -0.586184    -0.58317  0.00106817
           5   -0.583464   -0.583229 0.000856153
           6    -0.58136   -0.582917 0.000768029
           7   -0.583872   -0.583054  0.00067031
           8   -0.584744   -0.583265 0.000618926
           9   -0.579256    -0.58282 0.000692131
          10   -0.581744   -0.582712  0.00063122
          11   -0.581912   -0.582639 0.000578011
          12     -0.5822   -0.582603 0.000531001
          13   -0.579808   -0.582388 0.000531894
          14   -0.580232   -0.582234 0.000515707
          15   -0.585408   -0.582445 0.000522946
          16   -0.582936   -0.582476  0.00049116
          17    -0.58392   -0.582561 0.000469556
          18    -0.58436   -0.582661 0.000453982
          19   -0.583288   -0.582694 0.000431287
          20   -0.581824    -0.58265  0.00041191
           1   -0.583784   -0.583784           0
           2   -0.580304   -0.582044  0.00123037
           3   -0.582408   -0.582165 0.000826205
           4   -0.586184    -0.58317  0.00106817
           5   -0.583464   -0.583229 0.000856153
           6    -0.58136   -0.582917 0.000768029
           7   -0.583872   -0.583054  0.00067031
           8   -0.584744   -0.583265 0.000618926
           9   -0.579256    -0.58282 0.000692131
          10   -0.581744   -0.582712  0.00063122
          11   -0.581912   -0.582639 0.000578011
          12     -0.5822   -0.582603 0.000531001
          13   -0.579808   -0.582388 0.000531894
          14   -0.580232   -0.582234 0.000515707
          15   -0.585408   -0.582445 0.000522946
          16   -0.582936   -0.582476  0.00049116
          17    -0.58392   -0.582561 0.000469556
          18    -0.58436   -0.582661 0.000453982
          19   -0.583288   -0.582694 0.000431287
          20   -0.581824    -0.58265  0.00041191
           1   -0.583784   -0.583784           0
           2   -0.580304   -0.582044  0.00123037
           3   -0.582408   -0.582165 0.000826205
           4   -0.586184    -0.58317  0.00106817
           5   -0.583464   -0.583229 0.000856153
           6    -0.58136   -0.582917 0.000768029
           7   -0.583872   -0.583054  0.00067031
           8   -0.584744   -0.583265 0.000618926
           9   -0.579256    -0.58282 0.000692131
          10   -0.581744   -0.582712  0.00063122
          11   -0.581912   -0.582639 0.000578011
          12     -0.5822   -0.582603 0.000531001
           1   -0.582824   -0.582824           0
           2   -0.585568   -0.584196 0.000970151
           3   -0.582864   -0.583752 0.000741439
           4   -0.580872   -0.583032 0.000835478
           5   -0.581976   -0.582821 0.000694564
           6   -0.581232   -0.582556 0.000627253
           7    -0.57968   -0.582145 0.000658598
           8   -0.583416   -0.582304 0.000595124
           9   -0.581696   -0.582236 0.000532819
          10   -0.584384   -0.582451 0.000521022
          11    -0.57988   -0.582217 0.000523469
          12   -0.582432   -0.582235 0.000480152
          13   -0.586144   -0.582536 0.000529045
          14    -0.58316   -0.582581  0.00049313
          15   -0.581912   -0.582536 0.000462264
          16   -0.583712   -0.582609 0.000439177
          17   -0.584664    -0.58273  0.00042965
          18   -0.579376   -0.582544  0.00044436
          19   -0.581872   -0.582509 0.000422378
          20   -0.581656   -0.582466 0.000403405
           1    -0.58096    -0.58096           0
           2   -0.581904   -0.581432 0.000333754
           3   -0.584368   -0.582411 0.000829478
           4    -0.58472   -0.582988 0.000798125
           5   -0.580624   -0.582515 0.000765842
           6   -0.580576   -0.582192   0.0007031
           7   -0.581176   -0.582047 0.000617457
           8   -0.580328   -0.581832 0.000576446
           9     -0.5838   -0.582051 0.000552316
          10    -0.58332   -0.582178 0.000511462
          11   -0.580832   -0.582055 0.000479371
          12   -0.582056   -0.582055 0.000439423
          13    -0.58268   -0.582103  0.00040824
          14     -0.5864    -0.58241 0.000480794
          15   -0.582752   -0.582433  0.00044928
          16     -0.5832   -0.582481 0.000423749
          17    -0.58172   -0.582436  0.00040118
          18   -0.584464   -0.582549 0.000394392
          19    -0.57956   -0.582392 0.000403791
          20   -0.581664   -0.582355 0.000385237
