           1     3.58948     3.58948      3.5731
           2      3.6482     3.61884     2.54731
           3     3.61958     3.61909     2.08002
           4     3.58129     3.60964     1.79655
           5     3.15652     3.51902     1.56836
           6     3.73195     3.55451     1.44629
           7     3.61247     3.56279     1.34181
           8     3.55902     3.56232      1.2548
           9     3.87863     3.59746     1.19509
          10      3.5223     3.58995     1.13126
          11     3.75891     3.60531     1.08324
          12     3.52323     3.59847     1.03508
          13     3.52144     3.59254    0.992747
          14     3.58049     3.59168    0.956352
          15      3.4907     3.58495    0.922129
          16     3.77089     3.59657    0.895798
          17     3.27725     3.57779     0.86463
          18     3.57004     3.57736    0.840128
          19     3.90849     3.59478    0.821856
          20     3.71359     3.60072    0.802354
           1     3.58948     3.58948      3.5731
           2      3.6482     3.61884     2.54731
           3     3.61958     3.61909     2.08002
           4     3.58129     3.60964     1.79655
           5     3.15652     3.51902     1.56836
           6     3.73195     3.55451     1.44629
           7     3.61247     3.56279     1.34181
           8     3.55902     3.56232      1.2548
           9     3.87863     3.59746     1.19509
          10      3.5223     3.58995     1.13126
          11     3.75891     3.60531     1.08324
          12     3.52323     3.59847     1.03508
          13     3.52144     3.59254    0.992747
          14     3.58049     3.59168    0.956352
          15      3.4907     3.58495    0.922129
          16     3.77089     3.59657    0.895798
          17     3.27725     3.57779     0.86463
          18     3.57004     3.57736    0.840128
          19     3.90849     3.59478    0.821856
          20     3.71359     3.60072    0.802354
           1     3.58948     3.58948      3.5731
           2      3.6482     3.61884     2.54731
           3     3.61958     3.61909     2.08002
           4     3.58129     3.60964     1.79655
           5     3.15652     3.51902     1.56836
           6     3.73195     3.55451     1.44629
           7     3.61247     3.56279     1.34181
           8     3.55902     3.56232      1.2548
           9     3.87863     3.59746     1.19509
          10      3.5223     3.58995     1.13126
          11     3.75891     3.60531     1.08324
          12     3.52323     3.59847     1.03508
          13     3.52144     3.59254    0.992747
          14     3.58049     3.59168    0.956352
          15      3.4907     3.58495    0.922129
          16     3.77089     3.59657    0.895798
          17     3.27725     3.57779     0.86463
          18     3.57004     3.57736    0.840128
          19     3.90849     3.59478    0.821856
          20     3.71359     3.60072    0.802354
           1     3.52353     3.52353     3.50696
           2      3.7259     3.62471     2.55276
           3     3.40784     3.55242     2.04312
           4     3.34701     3.50107     1.74377
           5     3.64659     3.53017     1.57264
           6     3.83015     3.58017     1.45656
           7     3.60966     3.58438     1.34996
           8      3.6554     3.59326     1.26575
           9     3.69839     3.60494      1.1972
          10     3.57556       3.602     1.13474
          11     3.65278     3.60662     1.08325
          12     3.60238     3.60627     1.03697
          13     3.61062      3.6066    0.996318
          14     3.14939     3.57394    0.951812
          15     3.71514     3.58336    0.921955
          16     3.61812     3.58553    0.893139
          17      3.5523     3.58357    0.865942
          18     3.88235     3.60017    0.845568
          19     3.52175     3.59605    0.822028
          20     3.76338     3.60441    0.803087
           1     3.51583     3.51583     3.49984
           2     3.50991     3.51287     2.47255
           3     3.75721     3.59432     2.06705
           4     3.38514     3.54202     1.76428
           5     3.34136     3.50189      1.5601
           6     3.84244     3.55865     1.44809
           7      3.7913     3.59189     1.35332
           8     3.46805     3.57641     1.26034
           9      3.6751     3.58737     1.19178
          10     3.66804     3.59544     1.13305
          11     3.64689     3.60012     1.08163
          12     3.62986     3.60259     1.03622
          13     3.60882     3.60307    0.995626
          14     3.47079     3.59363     0.95684
          15     3.24333     3.57027    0.918587
          16     3.75842     3.58203    0.892381
          17     3.60048     3.58312    0.865924
          18     3.48023      3.5774    0.840136
          19     4.02537     3.60098    0.823417
          20     3.44826     3.59334    0.800835
           1     3.51583     3.51583     3.49984
           2     3.50991     3.51287     2.47255
