           1     7.19667     7.19667      7.1846
           2     7.01418     7.10543     5.01619
           3      7.2072     7.13935     4.11507
           4     6.96153      7.0949     3.54161
           5     7.32518     7.14095      3.1886
           6     6.96282     7.11126     2.89871
           7     7.78441     7.20743     2.72151
           8     6.74402      7.1495     2.52555
           9     6.67551     7.09684     2.36385
          10     7.26582     7.11373     2.24773
          11     7.60751     7.15862     2.15691
          12     7.33694     7.17348     2.06927
          13     7.23028     7.17785     1.98915
          14     7.85522     7.22624     1.93019
          15     7.23773       7.227     1.86481
          16      8.0047     7.27561     1.81825
          17     8.18032     7.32883     1.77749
          18     7.82369     7.35632     1.73394
          19     7.11059     7.34339     1.68462
          20     7.36048     7.34424     1.64202
           1     7.19667     7.19667      7.1846
           2     7.01418     7.10543     5.01619
           3      7.2072     7.13935     4.11507
           4     6.96153      7.0949     3.54161
           5     7.32518     7.14095      3.1886
           6     6.96282     7.11126     2.89871
           7     7.78441     7.20743     2.72151
           8     6.74402      7.1495     2.52555
           9     6.67551     7.09684     2.36385
          10     7.26582     7.11373     2.24773
          11     7.60751     7.15862     2.15691
          12     7.33694     7.17348     2.06927
          13     7.23028     7.17785     1.98915
          14     7.85522     7.22624     1.93019
          15     7.23773       7.227     1.86481
          16      8.0047     7.27561     1.81825
          17     8.18032     7.32883     1.77749
          18     7.82369     7.35632     1.73394
          19     7.11059     7.34339     1.68462
          20     7.36048     7.34424     1.64202
           1     7.19667     7.19667      7.1846
           2     7.01418     7.10543     5.01619
           3      7.2072     7.13935     4.11507
           4     6.96153      7.0949     3.54161
           5     7.32518     7.14095      3.1886
           6     6.96282     7.11126     2.89871
           7     7.78441     7.20743     2.72151
           8     6.74402      7.1495     2.52555
           9     6.67551     7.09684     2.36385
          10     7.26582     7.11373     2.24773
          11     7.60751     7.15862     2.15691
          12     7.33694     7.17348     2.06927
          13     7.23028     7.17785     1.98915
          14     7.85522     7.22624     1.93019
          15     7.23773       7.227     1.86481
          16      8.0047     7.27561     1.81825
          17     8.18032     7.32883     1.77749
          18     7.82369     7.35632     1.73394
          19     7.11059     7.34339     1.68462
          20     7.36048     7.34424     1.64202
           1     6.78795     6.78795     6.77566
           2     7.95194     7.36994     5.21942
           3     8.12083     7.62024     4.40626
           4     7.64696     7.62692      3.8164
           5     7.47729     7.59699     3.39859
           6     6.92991     7.48581     3.05779
           7     7.64886     7.50911     2.83896
           8     7.62906      7.5241     2.66033
           9     7.39534     7.50979       2.503
          10     7.12716     7.47153     2.36239
          11     7.03671       7.432     2.24056
          12     7.26393       7.418     2.14089
          13     6.86356     7.37535     2.04526
          14      7.4113     7.37791     1.97135
          15     6.91994     7.34738     1.89668
          16     7.70019     7.36943     1.84194
          17     6.88938      7.3412     1.78015
          18     6.64815     7.30269     1.72119
          19     7.28234     7.30162      1.6749
          20     7.57669     7.31538     1.63549
           1     7.01754     7.01754     7.00436
           2      7.1553     7.08642     5.00237
           3     7.87872     7.35052     4.24254
           4      8.0387     7.52257     3.76193
           5      7.7409     7.56623     3.38336
           6     7.40972     7.54015     3.07724
           7     7.03141     7.46747     2.82178
           8     7.56344     7.47947     2.64332
           9     7.80219     7.51533     2.50401
          10     7.37045     7.50084      2.3707
          11     7.17584     7.47129     2.25142
          12     6.80285     7.41559     2.13998
          13     7.14974     7.39514     2.05023
          14     6.86239     7.35709     1.96564
          15     7.61172     7.37406     1.90329
          16     7.02215     7.35207     1.83734
          17     7.61641     7.36762      1.7862
          18     6.85667     7.33923     1.72927
          19     6.59823     7.30023     1.67452
          20     7.22086     7.29626     1.63112
           1     7.01754     7.01754     7.00436
           2      7.1553     7.08642     5.00237
           3     7.87872     7.35052     4.24254
           4      8.0387     7.52257     3.76193
           5      7.7409     7.56623     3.38336
           6     7.40972     7.54015     3.07724
           7     7.03141     7.46747     2.82178
           8     7.56344     7.47947     2.64332
           9     7.80219     7.51533     2.50401
          10     7.37045     7.50084      2.3707
          11     7.17584     7.47129     2.25142
          12     6.80285     7.41559     2.13998
          13     7.14974     7.39514     2.05023
          14     6.86239     7.35709     1.96564
          15     7.61172     7.37406     1.90329
          16     7.02215     7.35207     1.83734
          17     7.61641     7.36762      1.7862
          18     6.85667     7.33923     1.72927
          19     6.59823     7.30023     1.67452
          20     7.22086     7.29626     1.63112
