           1   -0.663688   -0.663688           0
           2   -0.664392    -0.66404 0.000248902
           3   -0.665808   -0.664629 0.000508996
           4   -0.664904   -0.664698 0.000386351
           5   -0.664936   -0.664746 0.000311999
           6   -0.665464   -0.664865  0.00028204
           7   -0.663024   -0.664602 0.000343149
           8   -0.669616   -0.665229 0.000658656
           9     -0.6604   -0.664692 0.000773745
          10    -0.66636   -0.664859 0.000714114
          11   -0.664512   -0.664828 0.000649892
          12    -0.66324   -0.664695 0.000609052
          13   -0.661448   -0.664446 0.000611284
          14    -0.66644   -0.664588 0.000583986
          15    -0.66264   -0.664458 0.000559307
          16   -0.665776    -0.66454 0.000530381
          17    -0.66232    -0.66441 0.000515014
          18   -0.665408   -0.664465 0.000489378
          19   -0.663536   -0.664416  0.00046606
          20      -0.665   -0.664446 0.000443669
           1   -0.663688   -0.663688           0
           2   -0.664392    -0.66404 0.000248902
           3   -0.665808   -0.664629 0.000508996
           4   -0.664904   -0.664698 0.000386351
           5   -0.664936   -0.664746 0.000311999
           6   -0.665464   -0.664865  0.00028204
           7   -0.663024   -0.664602 0.000343149
           8   -0.669616   -0.665229 0.000658656
           9     -0.6604   -0.664692 0.000773745
          10    -0.66636   -0.664859 0.000714114
          11   -0.664512   -0.664828 0.000649892
          12    -0.66324   -0.664695 0.000609052
          13   -0.661448   -0.664446 0.000611284
          14    -0.66644   -0.664588 0.000583986
          15    -0.66264   -0.664458 0.000559307
          16   -0.665776    -0.66454 0.000530381
          17    -0.66232    -0.66441 0.000515014
          18   -0.665408   -0.664465 0.000489378
          19   -0.663536   -0.664416  0.00046606
          20      -0.665   -0.664446 0.000443669
           1   -0.663688   -0.663688           0
           2   -0.664392    -0.66404 0.000248902
           3   -0.665808   -0.664629 0.000508996
           4   -0.664904   -0.664698 0.000386351
           5   -0.664936   -0.664746 0.000311999
           6   -0.665464   -0.664865  0.00028204
           7   -0.663024   -0.664602 0.000343149
           8   -0.669616   -0.665229 0.000658656
           9     -0.6604   -0.664692 0.000773745
          10    -0.66636   -0.664859 0.000714114
          11   -0.664512   -0.664828 0.000649892
          12    -0.66324   -0.664695 0.000609052
          13   -0.661448   -0.664446 0.000611284
          14    -0.66644   -0.664588 0.000583986
          15    -0.66264   -0.664458 0.000559307
          16   -0.665776    -0.66454 0.000530381
          17    -0.66232    -0.66441 0.000515014
          18   -0.665408   -0.664465 0.000489378
          19   -0.663536   -0.664416  0.00046606
          20      -0.665   -0.664446 0.000443669
           1   -0.663296   -0.663296           0
           2   -0.662544    -0.66292 0.000265872
           3    -0.66068   -0.662173 0.000634894
           4   -0.664936   -0.662864 0.000764529
           5    -0.66552   -0.663395 0.000774481
           6      -0.664   -0.663496 0.000651928
           7   -0.662016   -0.663285 0.000592088
           8   -0.662904   -0.663237 0.000519984
           9   -0.664408   -0.663367  0.00047821
          10   -0.663272   -0.663358 0.000430483
          11    -0.66464   -0.663474 0.000406828
          12   -0.665832   -0.663671 0.000417688
          13   -0.665272   -0.663794 0.000403312
          14     -0.6646   -0.663851 0.000378593
          15   -0.665008   -0.663929 0.000361119
          16   -0.663464   -0.663899 0.000339715
          17    -0.66996   -0.664256 0.000471004
          18   -0.660192    -0.66403 0.000496007
          19   -0.666128   -0.664141 0.000482033
          20    -0.66476   -0.664172 0.000458926
           1   -0.661832   -0.661832           0
           2   -0.663432   -0.662632 0.000565685
           3    -0.66252   -0.662595 0.000378354
           4   -0.659944   -0.661932 0.000640209
           5    -0.66448   -0.662442 0.000685616
           6   -0.667176   -0.663231 0.000919398
           7   -0.664072   -0.663351 0.000795873
           8   -0.661712   -0.663146 0.000722272
           9   -0.662016    -0.66302 0.000652842
          10   -0.665456   -0.663264 0.000631357
          11   -0.662656   -0.663209 0.000576375
          12   -0.665328   -0.663385 0.000554741
          13   -0.666128   -0.663596 0.000550727
          14   -0.663448   -0.663586 0.000511492
          15   -0.666024   -0.663748 0.000502558
          16    -0.66544   -0.663854 0.000482143
          17   -0.662592    -0.66378 0.000459461
          18   -0.670688   -0.664164 0.000572199
          19   -0.659368   -0.663911 0.000595152
          20    -0.66632   -0.664032 0.000577453
           1   -0.661832   -0.661832           0
           2   -0.663432   -0.662632 0.000565685
           3    -0.66252   -0.662595 0.000378354
           4   -0.659944   -0.661932 0.000640209
           5    -0.66448   -0.662442 0.000685616
           6   -0.667176   -0.663231 0.000919398
           7   -0.664072   -0.663351 0.000795873
           8   -0.661712   -0.663146 0.000722272
           9   -0.662016    -0.66302 0.000652842
          10   -0.665456   -0.663264 0.000631357
          11   -0.662656   -0.663209 0.000576375
          12   -0.665328   -0.663385 0.000554741
          13   -0.666128   -0.663596 0.000550727
          14   -0.663448   -0.663586 0.000511492
          15   -0.666024   -0.663748 0.000502558
          16    -0.66544   -0.663854 0.000482143
          17   -0.662592    -0.66378 0.000459461
          18   -0.670688   -0.664164 0.000572199
          19   -0.659368   -0.663911 0.000595152
          20    -0.66632   -0.664032 0.000577453
