           1    0.210891    0.210891           0
           2    0.213197    0.212044 0.000815111
           3    0.211277    0.211788 0.000582104
           4    0.208394     0.21094 0.000854828
           5    0.216213    0.211994   0.0011651
           6    0.217313    0.212881  0.00126393
           7    0.214657    0.213135  0.00110856
           8    0.215381    0.213415  0.00100493
           9    0.213799    0.213458 0.000894173
          10    0.220467    0.214159  0.00104393
          11    0.214888    0.214225 0.000951125
          12    0.214452    0.214244 0.000872053
          13     0.21537    0.214331 0.000809265
          14    0.214183     0.21432 0.000751529
          15    0.212884    0.214224 0.000707502
          16    0.215349    0.214295 0.000666763
          17    0.213593    0.214253 0.000628818
          18    0.209942    0.214014 0.000637866
          19     0.21963    0.214309 0.000669289
          20    0.210582    0.214123 0.000661261
           1    0.210891    0.210891           0
           2    0.213197    0.212044 0.000815111
           3    0.211277    0.211788 0.000582104
           4    0.208394     0.21094 0.000854828
           5    0.216213    0.211994   0.0011651
           6    0.217313    0.212881  0.00126393
           7    0.214657    0.213135  0.00110856
           8    0.215381    0.213415  0.00100493
           9    0.213799    0.213458 0.000894173
          10    0.220467    0.214159  0.00104393
          11    0.214888    0.214225 0.000951125
          12    0.214452    0.214244 0.000872053
          13     0.21537    0.214331 0.000809265
          14    0.214183     0.21432 0.000751529
          15    0.212884    0.214224 0.000707502
          16    0.215349    0.214295 0.000666763
          17    0.213593    0.214253 0.000628818
          18    0.209942    0.214014 0.000637866
          19     0.21963    0.214309 0.000669289
          20    0.210582    0.214123 0.000661261
           1    0.207959    0.207959           0
           2    0.212642      0.2103  0.00165548
           3    0.213302    0.211301  0.00137306
           4    0.215441    0.212336  0.00136521
           5    0.216214    0.213111  0.00129392
           6    0.209653    0.212535   0.0011998
           7    0.212629    0.212548  0.00102848
           8    0.209351    0.212149 0.000974502
           9    0.209484    0.211853 0.000910102
          10    0.210971    0.211765 0.000823349
          11    0.213551    0.211927 0.000764353
          12    0.211614    0.211901 0.000701102
          13    0.207609    0.211571 0.000720737
          14    0.216779    0.211943 0.000759214
          15     0.21705    0.212283 0.000781227
          16    0.214629     0.21243 0.000746035
          17    0.215476    0.212609  0.00072335
           1    0.211267    0.211267           0
           2    0.207815    0.209541   0.0012206
           3    0.211519      0.2102 0.000975694
           4    0.213588    0.211047  0.00103616
           5    0.215518    0.211941  0.00115181
           6    0.214498    0.212368  0.00103569
           7    0.211596    0.212257 0.000893575
           8    0.210429    0.212029 0.000810593
           9    0.210927    0.211906 0.000729717
          10    0.208091    0.211525 0.000749875
          11    0.211802     0.21155 0.000682126
          12    0.214767    0.211818 0.000675905
          13    0.210494    0.211716 0.000631539
          14    0.209331    0.211546 0.000608971
          15    0.216511    0.211877 0.000652144
          16    0.214576    0.212046 0.000632821
          17    0.215966    0.212276 0.000636227
          18    0.214677     0.21241 0.000614706
          19    0.215487    0.212571 0.000603311
          20    0.221161    0.213001 0.000709723
