           1     0.95106     0.95106           0
           2    0.953164    0.952112 0.000743876
           3    0.956424    0.953549  0.00127406
           4     0.95202    0.953167  0.00101128
           5    0.951984     0.95293 0.000836247
           6    0.953616    0.953045 0.000704636
           7    0.945844    0.952016  0.00112773
           8     0.95282    0.952117 0.000991231
           9    0.953232     0.95224  0.00088881
          10    0.949124    0.951929 0.000852817
          11    0.950956     0.95184  0.00077986
          12    0.951212    0.951788 0.000716627
          13    0.950716    0.951706  0.00066623
          14    0.953708    0.951849  0.00063381
          15    0.949868    0.951717 0.000605153
          16    0.952132    0.951743 0.000567888
          17    0.946152    0.951414 0.000622458
          18    0.953988    0.951557 0.000604084
          19    0.946984    0.951316 0.000618376
          20    0.953096    0.951405 0.000593827
