           1   -0.724064   -0.724064           0
           2   -0.719584   -0.721824  0.00158392
           3   -0.719496   -0.721048  0.00123145
           4   -0.721856    -0.72125  0.00094001
           5   -0.718248    -0.72065 0.000924067
           6   -0.715872   -0.719853  0.00105894
           7   -0.719112   -0.719747 0.000912943
           8   -0.711904   -0.718767  0.00121623
           9   -0.724352   -0.719388  0.00122925
          10    -0.71824   -0.719273  0.00111167
          11     -0.7184   -0.719193  0.00101344
          12   -0.720048   -0.719265 0.000931482
          13   -0.721536   -0.719439 0.000876062
          14   -0.719856   -0.719469 0.000813991
          15   -0.718488   -0.719404 0.000762349
          16   -0.721096   -0.719509 0.000722002
          17   -0.722624   -0.719693  0.00070239
          18   -0.722424   -0.719844 0.000679561
          19    -0.72224   -0.719971 0.000655387
          20   -0.720904   -0.720017 0.000624277
           1   -0.724064   -0.724064           0
           2   -0.719584   -0.721824  0.00158392
           3   -0.719496   -0.721048  0.00123145
           4   -0.721856    -0.72125  0.00094001
           5   -0.718248    -0.72065 0.000924067
           6   -0.715872   -0.719853  0.00105894
           7   -0.719112   -0.719747 0.000912943
           8   -0.711904   -0.718767  0.00121623
           9   -0.724352   -0.719388  0.00122925
          10    -0.71824   -0.719273  0.00111167
          11     -0.7184   -0.719193  0.00101344
          12   -0.720048   -0.719265 0.000931482
          13   -0.721536   -0.719439 0.000876062
          14   -0.719856   -0.719469 0.000813991
          15   -0.718488   -0.719404 0.000762349
          16   -0.721096   -0.719509 0.000722002
          17   -0.722624   -0.719693  0.00070239
          18   -0.722424   -0.719844 0.000679561
          19    -0.72224   -0.719971 0.000655387
          20   -0.720904   -0.720017 0.000624277
           1   -0.724064   -0.724064           0
           2   -0.719584   -0.721824  0.00158392
           3   -0.719496   -0.721048  0.00123145
           4   -0.721856    -0.72125  0.00094001
           5   -0.718248    -0.72065 0.000924067
           6   -0.715872   -0.719853  0.00105894
           7   -0.719112   -0.719747 0.000912943
           8   -0.711904   -0.718767  0.00121623
           9   -0.724352   -0.719388  0.00122925
          10    -0.71824   -0.719273  0.00111167
          11     -0.7184   -0.719193  0.00101344
          12   -0.720048   -0.719265 0.000931482
          13   -0.721536   -0.719439 0.000876062
          14   -0.719856   -0.719469 0.000813991
          15   -0.718488   -0.719404 0.000762349
          16   -0.721096   -0.719509 0.000722002
          17   -0.722624   -0.719693  0.00070239
          18   -0.722424   -0.719844 0.000679561
          19    -0.72224   -0.719971 0.000655387
          20   -0.720904   -0.720017 0.000624277
           1   -0.723848   -0.723848           0
           2   -0.719096   -0.721472  0.00168009
           3   -0.725032   -0.722659  0.00148098
           4   -0.721384    -0.72234  0.00114451
           5   -0.713032   -0.720478  0.00190021
           6   -0.719776   -0.720361  0.00158711
           7   -0.722304   -0.720639  0.00138443
           8   -0.719456   -0.720491  0.00121924
           9   -0.717568   -0.720166   0.0011262
          10   -0.723944   -0.720544  0.00107508
          11    -0.72004   -0.720498 0.000978317
          12     -0.7192    -0.72039 0.000902752
          13    -0.72156    -0.72048 0.000837784
          14   -0.718464   -0.720336 0.000790221
          15   -0.716168   -0.720058 0.000784874
          16   -0.718848   -0.719983 0.000739455
          17   -0.712096   -0.719519 0.000828801
          18     -0.7242   -0.719779 0.000822551
          19   -0.718144   -0.719693 0.000783746
          20    -0.71832   -0.719624 0.000747557
           1    -0.71628    -0.71628           0
           2   -0.724576   -0.720428  0.00293308
           3   -0.719816   -0.720224  0.00196247
           4   -0.722928     -0.7209  0.00158401
           5    -0.72208   -0.721136  0.00128467
           6   -0.712784   -0.719744  0.00166157
           7   -0.721112   -0.719939  0.00143565
           8   -0.721376   -0.720119  0.00126737
           9   -0.719816   -0.720085    0.001127
          10   -0.717112   -0.719788  0.00105279
          11   -0.724656   -0.720231  0.00104597
          12   -0.719848   -0.720199 0.000959291
          13   -0.719376   -0.720135 0.000887584
          14   -0.721768   -0.720252 0.000831811
          15   -0.717152   -0.720045 0.000801619
          16   -0.716536   -0.719826 0.000780948
          17   -0.718672   -0.719758 0.000737954
          18    -0.71336   -0.719403 0.000777866
          19    -0.72364   -0.719626  0.00076823
          20   -0.718304    -0.71956 0.000732656
           1    -0.71628    -0.71628           0
           2   -0.724576   -0.720428  0.00293308
           3   -0.719816   -0.720224  0.00196247
           4   -0.722928     -0.7209  0.00158401
           5    -0.72208   -0.721136  0.00128467
           6   -0.712784   -0.719744  0.00166157
           7   -0.721112   -0.719939  0.00143565
           8   -0.721376   -0.720119  0.00126737
           9   -0.719816   -0.720085    0.001127
          10   -0.717112   -0.719788  0.00105279
          11   -0.724656   -0.720231  0.00104597
          12   -0.719848   -0.720199 0.000959291
          13   -0.719376   -0.720135 0.000887584
          14   -0.721768   -0.720252 0.000831811
          15   -0.717152   -0.720045 0.000801619
          16   -0.716536   -0.719826 0.000780948
          17   -0.718672   -0.719758 0.000737954
          18    -0.71336   -0.719403 0.000777866
          19    -0.72364   -0.719626  0.00076823
          20   -0.718304    -0.71956 0.000732656
