           1    0.892368    0.892368           0
           2     0.89932    0.895844   0.0024579
           3    0.890632    0.894107  0.00216731
           4     0.90148     0.89595  0.00227829
           5    0.907768    0.898314  0.00279128
           6    0.887952    0.896587  0.00280996
           7    0.909264    0.898398  0.00293468
           8    0.907772     0.89957  0.00279201
           9    0.910696    0.900806  0.00274186
          10     0.89526    0.900251  0.00252314
          11    0.900004    0.900229  0.00229386
          12    0.907628    0.900845  0.00218401
          13     0.89734    0.900576  0.00203259
          14    0.912144    0.901402  0.00204849
          15      0.8977    0.901155  0.00192673
          16    0.904132    0.901341  0.00181527
          17    0.907564    0.901707    0.001745
          18    0.902148    0.901732  0.00164823
          19    0.898716    0.901573  0.00156911
          20    0.914364    0.902213  0.00161574
