           1    -0.76396    -0.76396           0
           2   -0.760864   -0.762412   0.0010946
           3   -0.761696   -0.762173 0.000755306
           4    -0.75472    -0.76031  0.00171024
           5   -0.762936   -0.760835  0.00144659
           6    -0.75592   -0.760016  0.00141861
           7   -0.763984   -0.760583  0.00132437
           8    -0.75776    -0.76023  0.00120491
           9   -0.755896   -0.759748  0.00116329
          10   -0.760048   -0.759778  0.00104735
          11    -0.76324   -0.760093 0.000998291
          12   -0.759552   -0.760048 0.000916117
          13   -0.756376   -0.759766 0.000888125
          14   -0.763544   -0.760035 0.000864724
          15   -0.762584   -0.760205 0.000823598
          16   -0.763584   -0.760416 0.000798736
          17   -0.764376   -0.760649 0.000784976
          18   -0.762248   -0.760738 0.000746373
          19    -0.76088   -0.760746 0.000707127
          20    -0.75972   -0.760694 0.000673628
           1    -0.76396    -0.76396           0
           2   -0.760864   -0.762412   0.0010946
           3   -0.761696   -0.762173 0.000755306
           4    -0.75472    -0.76031  0.00171024
           5   -0.762936   -0.760835  0.00144659
           6    -0.75592   -0.760016  0.00141861
           7   -0.763984   -0.760583  0.00132437
           8    -0.75776    -0.76023  0.00120491
           9   -0.755896   -0.759748  0.00116329
          10   -0.760048   -0.759778  0.00104735
          11    -0.76324   -0.760093 0.000998291
          12   -0.759552   -0.760048 0.000916117
          13   -0.756376   -0.759766 0.000888125
          14   -0.763544   -0.760035 0.000864724
          15   -0.762584   -0.760205 0.000823598
          16   -0.763584   -0.760416 0.000798736
          17   -0.764376   -0.760649 0.000784976
          18   -0.762248   -0.760738 0.000746373
          19    -0.76088   -0.760746 0.000707127
          20    -0.75972   -0.760694 0.000673628
           1    -0.76396    -0.76396           0
           2   -0.760864   -0.762412   0.0010946
           3   -0.761696   -0.762173 0.000755306
           4    -0.75472    -0.76031  0.00171024
           5   -0.762936   -0.760835  0.00144659
           6    -0.75592   -0.760016  0.00141861
           7   -0.763984   -0.760583  0.00132437
           8    -0.75776    -0.76023  0.00120491
           9   -0.755896   -0.759748  0.00116329
          10   -0.760048   -0.759778  0.00104735
          11    -0.76324   -0.760093 0.000998291
          12   -0.759552   -0.760048 0.000916117
          13   -0.756376   -0.759766 0.000888125
          14   -0.763544   -0.760035 0.000864724
          15   -0.762584   -0.760205 0.000823598
          16   -0.763584   -0.760416 0.000798736
          17   -0.764376   -0.760649 0.000784976
          18   -0.762248   -0.760738 0.000746373
          19    -0.76088   -0.760746 0.000707127
          20    -0.75972   -0.760694 0.000673628
           1   -0.760912   -0.760912           0
           2   -0.761792   -0.761352 0.000311127
           3      -0.761   -0.761235 0.000228474
           4   -0.762112   -0.761454 0.000255818
           5   -0.762464   -0.761656 0.000272996
           6   -0.758408   -0.761115 0.000544019
           7   -0.759016   -0.760815 0.000542662
           8    -0.76004   -0.760718 0.000483396
           9   -0.762208   -0.760884 0.000457157
          10   -0.763672   -0.761162 0.000489145
          11   -0.761152   -0.761161 0.000444678
          12   -0.761528   -0.761192 0.000408669
          13   -0.754688   -0.760692 0.000611031
          14   -0.763072   -0.760862 0.000590567
          15   -0.755912   -0.760532 0.000636745
          16    -0.76376   -0.760733 0.000628103
          17    -0.75824   -0.760587 0.000608041
          18   -0.755624   -0.760311 0.000633695
          19   -0.760056   -0.760298 0.000600485
          20   -0.763608   -0.760463 0.000592833
           1   -0.760008   -0.760008           0
           2   -0.762528   -0.761268 0.000890955
           3   -0.760592   -0.761043 0.000621812
           4     -0.7614   -0.761132 0.000472732
           5   -0.762136   -0.761333 0.000418666
           6   -0.763264   -0.761655  0.00045613
           7    -0.75644    -0.76091   0.0007928
           8   -0.760864   -0.760904  0.00069372
           9   -0.759296   -0.760725 0.000639234
          10   -0.763072    -0.76096 0.000616882
          11    -0.76316    -0.76116 0.000592337
          12       -0.76   -0.761063 0.000550807
          13   -0.760928   -0.761053 0.000508535
          14   -0.757424   -0.760794 0.000534204
          15   -0.761848   -0.760864 0.000503193
          16   -0.755816   -0.760548 0.000562015
          17   -0.764208   -0.760764 0.000568688
          18   -0.757104    -0.76056 0.000572288
          19   -0.755536   -0.760296 0.000600163
          20   -0.761768    -0.76037  0.00057465
           1   -0.760008   -0.760008           0
           2   -0.762528   -0.761268 0.000890955
           3   -0.760592   -0.761043 0.000621812
           4     -0.7614   -0.761132 0.000472732
           5   -0.762136   -0.761333 0.000418666
           6   -0.763264   -0.761655  0.00045613
           7    -0.75644    -0.76091   0.0007928
           8   -0.760864   -0.760904  0.00069372
           9   -0.759296   -0.760725 0.000639234
          10   -0.763072    -0.76096 0.000616882
          11    -0.76316    -0.76116 0.000592337
          12       -0.76   -0.761063 0.000550807
          13   -0.760928   -0.761053 0.000508535
          14   -0.757424   -0.760794 0.000534204
          15   -0.761848   -0.760864 0.000503193
          16   -0.755816   -0.760548 0.000562015
          17   -0.764208   -0.760764 0.000568688
          18   -0.757104    -0.76056 0.000572288
          19   -0.755536   -0.760296 0.000600163
          20   -0.761768    -0.76037  0.00057465
