           1    0.989196    0.989196           0
           2      0.9909    0.990048 0.000602455
           3    0.991272    0.990456 0.000521812
           4     0.98884    0.990052 0.000524951
           5     0.99066    0.990174 0.000433816
           6    0.989568    0.990073 0.000373071
           7     0.98814    0.989797 0.000409383
           8    0.989476    0.989756 0.000360166
           9    0.989356    0.989712 0.000322885
          10     0.98956    0.989697 0.000290954
          11    0.989492    0.989678 0.000265099
          12    0.992588    0.989921 0.000336083
          13    0.990624    0.989975 0.000314555
          14    0.987644    0.989808 0.000333244
          15    0.988188      0.9897 0.000328068
          16    0.990428    0.989746   0.0003107
          17     0.98598    0.989524 0.000362897
          18    0.989716    0.989535 0.000342892
          19    0.989248     0.98952 0.000325178
          20    0.988912    0.989489 0.000310335
