           1     68.0163     68.0163     68.0151
           2      82.946     75.4812     53.6331
           3     82.5771     77.8465     45.1232
           4     76.0473     77.3967     38.8168
           5     79.6036     77.8381     34.8967
           6     88.9451     79.6892      32.641
           7     83.8241     80.2799      30.433
           8     67.2753     78.6544     27.9251
           9     83.4124      79.183     26.4961
          10     77.4375     79.0085     25.0723
          11     75.2099     78.6631     23.7964
          12     79.7411      78.753      22.803
          13     76.4791     78.5781     21.8556
          14     78.2017     78.5512     21.0492
          15     78.2625     78.5319     20.3269
          16     81.6919     78.7294     19.7286
          17     71.4104     78.2989     19.0373
          18     80.7365     78.4343     18.5307
          19     86.6432     78.8664      18.138
          20     72.2396      78.535     17.6056
           1     68.0163     68.0163     68.0151
           2      82.946     75.4812     53.6331
           3     82.5771     77.8465     45.1232
           4     76.0473     77.3967     38.8168
           5     79.6036     77.8381     34.8967
           6     88.9451     79.6892      32.641
           7     83.8241     80.2799      30.433
           8     67.2753     78.6544     27.9251
           9     83.4124      79.183     26.4961
          10     77.4375     79.0085     25.0723
          11     75.2099     78.6631     23.7964
          12     79.7411      78.753      22.803
          13     76.4791     78.5781     21.8556
          14     78.2017     78.5512     21.0492
          15     78.2625     78.5319     20.3269
          16     81.6919     78.7294     19.7286
          17     71.4104     78.2989     19.0373
          18     80.7365     78.4343     18.5307
          19     86.6432     78.8664      18.138
          20     72.2396      78.535     17.6056
           1     68.0163     68.0163     68.0151
           2      82.946     75.4812     53.6331
           3     82.5771     77.8465     45.1232
           4     76.0473     77.3967     38.8168
           5     79.6036     77.8381     34.8967
           6     88.9451     79.6892      32.641
           7     83.8241     80.2799      30.433
           8     67.2753     78.6544     27.9251
           9     83.4124      79.183     26.4961
          10     77.4375     79.0085     25.0723
          11     75.2099     78.6631     23.7964
          12     79.7411      78.753      22.803
          13     76.4791     78.5781     21.8556
          14     78.2017     78.5512     21.0492
          15     78.2625     78.5319     20.3269
          16     81.6919     78.7294     19.7286
          17     71.4104     78.2989     19.0373
          18     80.7365     78.4343     18.5307
          19     86.6432     78.8664      18.138
          20     72.2396      78.535     17.6056
           1      70.016      70.016     70.0151
           2     70.7201      70.368     49.7576
           3     71.7738     70.8366     40.8991
           4     73.6608     71.5427     35.7774
           5     69.9895      71.232     31.8614
           6     78.8999       72.51     29.6291
           7     74.8026     72.8375      27.553
           8     63.9285     71.7239     25.3987
           9     73.6528     71.9382      24.014
          10     67.2885     71.4732     22.6358
          11      82.946     72.5162     21.9161
          12     82.5771     73.3546     21.2356
          13     76.0473     73.5618     20.4563
          14     79.6957     73.9999     19.8298
          15     88.8546     74.9902     19.4327
          16     83.8225     75.5422     18.9564
          17     68.0859     75.1036     18.2853
          18     82.6018     75.5202     17.8688
          19     77.4375     75.6211      17.412
          20     76.0225     75.6412     16.9725
           1      70.016      70.016     70.0151
           1     69.3295     69.3295     69.3283
           2     68.2679     68.7987     48.6487
           3     71.7171     69.7715     40.2905
           4     67.8142     69.2822     34.6488
           5     78.0206     71.0298     31.8092
           6     68.8923     70.6736     28.8876
           7     75.3018     71.3348     26.9966
           8     73.1064     71.5562      25.328
           9     70.1917     71.4046     23.8263
          10     71.7247     71.4366     22.6114
          11     70.0321     71.3089     21.5191
          12     82.9334     72.2776     20.9015
          13     80.7251     72.9274     20.2683
          14     76.8903     73.2105     19.6055
          15     80.4393     73.6924     19.0681
          16      88.345     74.6082     18.7097
          17     84.1894     75.1718     18.2922
          18     65.1677      74.616     17.6512
          19     86.0718     75.2189      17.325
          20     77.2214     75.3191     16.9055
           1     69.3295     69.3295     69.3283
           2     68.2679     68.7987     48.6487
           3     71.7171     69.7715     40.2905
           4     67.8142     69.2822     34.6488
           5     78.0206     71.0298     31.8092
           6     68.8923     70.6736     28.8876
           7     75.3018     71.3348     26.9966
           8     73.1064     71.5562      25.328
           9     70.1917     71.4046     23.8263
          10     71.7247     71.4366     22.6114
          11     70.0321     71.3089     21.5191
          12     82.9334     72.2776     20.9015
          13     80.7251     72.9274     20.2683
          14     76.8903     73.2105     19.6055
          15     80.4393     73.6924     19.0681
          16      88.345     74.6082     18.7097
          17     84.1894     75.1718     18.2922
          18     65.1677      74.616     17.6512
          19     86.0718     75.2189      17.325
          20     77.2214     75.3191     16.9055
