           1    0.283388    0.283388           0
           2    0.279332     0.28136  0.00143401
           3    0.277152    0.279957  0.00149184
           4    0.268564    0.277109  0.00270863
           5    0.280728    0.277833  0.00226154
           6    0.274532    0.277283  0.00195038
           7    0.278564    0.277466  0.00168032
           8    0.289224    0.278936  0.00201295
           9    0.279668    0.279017  0.00179093
          10     0.27492    0.278607  0.00165804
          11    0.278692    0.278615  0.00150733
          12    0.269284    0.277837  0.00156951
          13    0.266056    0.276931  0.00169029
          14    0.274444    0.276753  0.00157887
          15    0.282396     0.27713  0.00151776
          16    0.292628    0.278098   0.0017042
          17    0.277748    0.278078  0.00160407
          18     0.27728    0.278033  0.00151557
          19    0.286668    0.278488   0.0015024
          20    0.273072    0.278217  0.00145147
