           1    0.462552    0.462552           0
           2     0.44744    0.454996   0.0053429
           3    0.447792    0.452595  0.00406591
           4     0.45642    0.453551   0.0031599
           5    0.451764    0.453194  0.00254805
           6    0.435632    0.450267  0.00341289
           7      0.4342    0.447971  0.00361568
           8    0.448752    0.448069  0.00316503
           9    0.460864    0.449491  0.00311634
          10    0.455368    0.450078  0.00285959
          11    0.452924    0.450337   0.0026113
          12     0.46178    0.451291   0.0025619
          13    0.452304    0.451369  0.00236601
          14    0.446532    0.451023  0.00222209
          15    0.444896    0.450615  0.00211116
          16    0.452236    0.450716  0.00198164
          17    0.449968    0.450672  0.00186557
          18    0.449524    0.450608  0.00176301
          19    0.459572     0.45108   0.0017322
          20    0.464612    0.451757  0.00177281
