           1     19.4533     19.4533     19.4477
           2     18.3274     18.8903     13.3597
           3     19.2922     19.0243     10.9845
           4     20.9832      19.514     9.76619
           5     16.5311     18.9174     8.48336
           6     20.2669     19.1424     7.83468
           7     22.7798      19.662     7.46215
           8     20.9762     19.8263     7.03594
           9     18.4806     19.6767     6.58247
          10     17.7179     19.4809     6.18336
          11     16.7891     19.2362     5.82466
          12      21.249     19.4039     5.62513
          13      18.538     19.3373     5.38457
          14     19.9102     19.3782     5.19817
          15     20.6746     19.4646     5.04352
          16      17.401     19.3357     4.85169
          17     23.0689     19.5553     4.76359
          18     19.9032     19.5746     4.63277
          19     17.7126     19.4766     4.48679
          20     20.8387     19.5447     4.38789
           1     19.4533     19.4533     19.4477
           2     18.3274     18.8903     13.3597
           3     19.2922     19.0243     10.9845
           4     20.9832      19.514     9.76619
           5     16.5311     18.9174     8.48336
           6     20.2669     19.1424     7.83468
           7     22.7798      19.662     7.46215
           8     20.9762     19.8263     7.03594
           9     18.4806     19.6767     6.58247
          10     17.7179     19.4809     6.18336
          11     16.7891     19.2362     5.82466
          12      21.249     19.4039     5.62513
          13      18.538     19.3373     5.38457
          14     19.9102     19.3782     5.19817
          15     20.6746     19.4646     5.04352
          16      17.401     19.3357     4.85169
          17     23.0689     19.5553     4.76359
          18     19.9032     19.5746     4.63277
          19     17.7126     19.4766     4.48679
          20     20.8387     19.5447     4.38789
           1     19.4533     19.4533     19.4477
           2     18.3274     18.8903     13.3597
           3     19.2922     19.0243     10.9845
           4     20.9832      19.514     9.76619
           5     16.5311     18.9174     8.48336
           6     20.2669     19.1424     7.83468
           7     22.7798      19.662     7.46215
           8     20.9762     19.8263     7.03594
           9     18.4806     19.6767     6.58247
          10     17.7179     19.4809     6.18336
          11     16.7891     19.2362     5.82466
          12      21.249     19.4039     5.62513
          13      18.538     19.3373     5.38457
          14     19.9102     19.3782     5.19817
          15     20.6746     19.4646     5.04352
          16      17.401     19.3357     4.85169
          17     23.0689     19.5553     4.76359
          18     19.9032     19.5746     4.63277
          19     17.7126     19.4766     4.48679
          20     20.8387     19.5447     4.38789
           1     21.0349     21.0349     21.0298
           2     19.3361     20.1855     14.2821
           3     16.3706     18.9139     10.9733
           4     15.5099     18.0629     9.09715
           5     19.1613     18.2826     8.22454
           6     18.7722     18.3642     7.53377
           7     17.6238     18.2584     6.93069
           8     17.8015     18.2013     6.45944
           9     18.7807     18.2657     6.10895
          10      19.569      18.396     5.83575
          11     18.3995     18.3963     5.56254
          12     18.9101     18.4391     5.33683
          13      21.389     18.6661     5.19369
          14       16.24     18.4928     4.96019
          15     20.6593     18.6372     4.82996
          16     22.6015      18.885     4.74323
          17     20.8192     18.9988     4.62907
          18     18.7492     18.9849     4.49422
          19     17.6843     18.9164     4.35817
          20     16.8638     18.8138     4.22521
           1     21.4814     21.4814      21.477
           2     21.9658     21.7236     15.3585
           3     19.4247     20.9573     12.1135
           4     16.0444     19.7291     9.93061
           5     14.9048     18.7642     8.48498
           6     20.6861     19.0845     7.86619
           7     17.3082     18.8308     7.18127
           8     17.8317     18.7059       6.667
           9     18.2415     18.6543     6.26303
          10     18.4186     18.6307     5.92985
          11     19.2239     18.6846     5.66682
          12      19.548     18.7566      5.4439
          13     18.9859     18.7742     5.23296
          14     20.7716     18.9169     5.08056
          15     15.5033     18.6893     4.85312
          16      21.167     18.8442     4.73816
          17     22.8835     19.0818     4.65811
          18     20.9778     19.1871       4.551
          19     18.7227     19.1627      4.4226
          20     17.0241     19.0557     4.28678
           1     21.4814     21.4814      21.477
           2     21.9658     21.7236     15.3585
           3     19.4247     20.9573     12.1135
           4     16.0444     19.7291     9.93061
           5     14.9048     18.7642     8.48498
           6     20.6861     19.0845     7.86619
           7     17.3082     18.8308     7.18127
           8     17.8317     18.7059       6.667
           9     18.2415     18.6543     6.26303
          10     18.4186     18.6307     5.92985
          11     19.2239     18.6846     5.66682
          12      19.548     18.7566      5.4439
          13     18.9859     18.7742     5.23296
          14     20.7716     18.9169     5.08056
          15     15.5033     18.6893     4.85312
          16      21.167     18.8442     4.73816
          17     22.8835     19.0818     4.65811
          18     20.9778     19.1871       4.551
          19     18.7227     19.1627      4.4226
          20     17.0241     19.0557     4.28678
