           1     36.1039     36.1039      36.101
           2      29.499     32.8015     23.3094
           3     31.8495     32.4841     18.8193
           4     35.6186     33.2678     16.6883
           5     29.8801     32.5902     14.6269
           6     31.0061     32.3262     13.2391
           7     24.6857     31.2347      11.883
           8     31.5927     31.2795     11.1222
           9     32.4037     31.4044     10.5215
          10     29.2971     31.1936     9.91211
          11     28.7994      30.976     9.38358
          12     39.1461     31.6568     9.19936
          13     39.8192     32.2847     9.02718
          14     31.3111     32.2152     8.67557
          15     32.0748     32.2058     8.37474
          16     29.2051     32.0183     8.06066
          17     30.8432     31.9491     7.80039
          18     21.6871      31.379     7.46488
          19     28.6466     31.2352      7.2309
          20     37.2446     31.5357     7.11726
           1     36.1039     36.1039      36.101
           2      29.499     32.8015     23.3094
           3     31.8495     32.4841     18.8193
           4     35.6186     33.2678     16.6883
           5     29.8801     32.5902     14.6269
           6     31.0061     32.3262     13.2391
           7     24.6857     31.2347      11.883
           8     31.5927     31.2795     11.1222
           9     32.4037     31.4044     10.5215
          10     29.2971     31.1936     9.91211
          11     28.7994      30.976     9.38358
          12     39.1461     31.6568     9.19936
          13     39.8192     32.2847     9.02718
          14     31.3111     32.2152     8.67557
          15     32.0748     32.2058     8.37474
          16     29.2051     32.0183     8.06066
          17     30.8432     31.9491     7.80039
          18     21.6871      31.379     7.46488
          19     28.6466     31.2352      7.2309
          20     37.2446     31.5357     7.11726
           1     36.1039     36.1039      36.101
           2      29.499     32.8015     23.3094
           3     31.8495     32.4841     18.8193
           4     35.6186     33.2678     16.6883
           5     29.8801     32.5902     14.6269
           6     31.0061     32.3262     13.2391
           7     24.6857     31.2347      11.883
           8     31.5927     31.2795     11.1222
           9     32.4037     31.4044     10.5215
          10     29.2971     31.1936     9.91211
          11     28.7994      30.976     9.38358
          12     39.1461     31.6568     9.19936
          13     39.8192     32.2847     9.02718
          14     31.3111     32.2152     8.67557
          15     32.0748     32.2058     8.37474
          16     29.2051     32.0183     8.06066
          17     30.8432     31.9491     7.80039
          18     21.6871      31.379     7.46488
          19     28.6466     31.2352      7.2309
          20     37.2446     31.5357     7.11726
           1     37.6906     37.6906      37.688
           2     29.8153      33.753      24.027
           3     34.8322     34.1127     19.7829
           4     41.7554     36.0234     18.1411
           5     33.5486     35.5284     15.9886
           6     31.5728     34.8691     14.3251
           7     31.9018     34.4452      13.097
           8     31.1625     34.0349     12.1037
           9     38.9747     34.5838     11.5976
          10     35.9656     34.7219       11.04
          11     29.6337     34.2594     10.3916
          12     31.8506     34.0587     9.88841
          13     35.2962     34.1538     9.52295
          14     30.2374     33.8741     9.10264
          15     30.8683     33.6737     8.74144
          16     24.7983      33.119     8.34034
          17     31.1624     33.0039     8.06088
          18     32.6831     32.9861     7.82655
          19     29.0792     32.7805     7.57091
          20     29.1424     32.5986     7.33845
           1     26.0905     26.0905     26.0875
           2     39.2118     32.6512     23.5475
           3     30.5766     31.9596     18.7164
           4     35.0301     32.7273     16.5446
           5     42.0466     34.5911      15.681
           6     34.4938     34.5749      14.276
           7     30.1959     33.9493     12.9745
           8     32.7326     33.7972     12.0674
           9     30.1984     33.3974      11.239
          10      40.261     34.0837     10.8868
          11     32.5079     33.9405     10.3288
          12     30.4194     33.6471     9.80152
          13     33.5006     33.6358     9.40733
          14     34.4309     33.6926     9.07493
          15     29.9485      33.443     8.70203
          16      30.296     33.2463     8.37497
          17     25.5484     32.7935     8.02428
          18     32.5366     32.7792     7.79104
          19     32.7913     32.7798     7.58004
          20     27.0357     32.4926     7.32679
           1     26.0905     26.0905     26.0875
           2     39.2118     32.6512     23.5475
           3     30.5766     31.9596     18.7164
           4     35.0301     32.7273     16.5446
           5     42.0466     34.5911      15.681
           6     34.4938     34.5749      14.276
           7     30.1959     33.9493     12.9745
           8     32.7326     33.7972     12.0674
           9     30.1984     33.3974      11.239
          10      40.261     34.0837     10.8868
          11     32.5079     33.9405     10.3288
          12     30.4194     33.6471     9.80152
          13     33.5006     33.6358     9.40733
          14     34.4309     33.6926     9.07493
          15     29.9485      33.443     8.70203
          16      30.296     33.2463     8.37497
          17     25.5484     32.7935     8.02428
          18     32.5366     32.7792     7.79104
          19     32.7913     32.7798     7.58004
          20     27.0357     32.4926     7.32679
