           1    0.366844    0.366844           0
           2    0.353116     0.35998  0.00485358
           3     0.34894      0.3563  0.00441567
           4    0.362168    0.357767  0.00354708
           5    0.367904    0.359794  0.00336758
           6    0.356156    0.359188   0.0028604
           7     0.35072    0.357978  0.00269546
           8    0.354552     0.35755  0.00239231
           9    0.349716     0.35668  0.00227936
          10    0.348084     0.35582  0.00220756
          11     0.35562    0.355802  0.00200694
          12    0.354784    0.355717  0.00184149
          13    0.357324    0.355841  0.00170398
          14     0.36314    0.356362  0.00166012
          15    0.361388    0.356697   0.0015829
          16    0.353408    0.356491  0.00149725
          17    0.357036    0.356524  0.00140952
          18     0.36042     0.35674  0.00134774
          19    0.358728    0.356845  0.00128086
          20     0.34772    0.356388  0.00129552
