           1    -0.77692    -0.77692           0
           2    -0.78252    -0.77972   0.0019799
           3   -0.778888   -0.779443  0.00133922
           4    -0.78272   -0.780262  0.00122977
           5   -0.782104    -0.78063  0.00103753
           6   -0.783952   -0.781184  0.00100147
           7   -0.781936   -0.781291 0.000864143
           8   -0.786896   -0.781992  0.00100059
           9   -0.781448   -0.781932 0.000891235
          10    -0.78396   -0.782134 0.000824872
          11   -0.782264   -0.782146 0.000749968
          12   -0.782712   -0.782193 0.000688951
          13   -0.783744   -0.782313 0.000646199
          14   -0.780872    -0.78221 0.000608179
          15     -0.7808   -0.782116  0.00057485
          16   -0.783072   -0.782176  0.00054202
          17   -0.776384   -0.781835 0.000607842
          18    -0.77924   -0.781691  0.00059092
          19     -0.7812   -0.781665 0.000560383
          20     -0.7816   -0.781662 0.000532373
           1    -0.77692    -0.77692           0
           2    -0.78252    -0.77972   0.0019799
           3   -0.778888   -0.779443  0.00133922
           4    -0.78272   -0.780262  0.00122977
           5   -0.782104    -0.78063  0.00103753
           6   -0.783952   -0.781184  0.00100147
           7   -0.781936   -0.781291 0.000864143
           8   -0.786896   -0.781992  0.00100059
           9   -0.781448   -0.781932 0.000891235
          10    -0.78396   -0.782134 0.000824872
          11   -0.782264   -0.782146 0.000749968
          12   -0.782712   -0.782193 0.000688951
          13   -0.783744   -0.782313 0.000646199
          14   -0.780872    -0.78221 0.000608179
          15     -0.7808   -0.782116  0.00057485
          16   -0.783072   -0.782176  0.00054202
          17   -0.776384   -0.781835 0.000607842
          18    -0.77924   -0.781691  0.00059092
          19     -0.7812   -0.781665 0.000560383
          20     -0.7816   -0.781662 0.000532373
           1    -0.77692    -0.77692           0
           2    -0.78252    -0.77972   0.0019799
           3   -0.778888   -0.779443  0.00133922
           4    -0.78272   -0.780262  0.00122977
           5   -0.782104    -0.78063  0.00103753
           6   -0.783952   -0.781184  0.00100147
           7   -0.781936   -0.781291 0.000864143
           8   -0.786896   -0.781992  0.00100059
           9   -0.781448   -0.781932 0.000891235
          10    -0.78396   -0.782134 0.000824872
          11   -0.782264   -0.782146 0.000749968
          12   -0.782712   -0.782193 0.000688951
          13   -0.783744   -0.782313 0.000646199
          14   -0.780872    -0.78221 0.000608179
          15     -0.7808   -0.782116  0.00057485
          16   -0.783072   -0.782176  0.00054202
          17   -0.776384   -0.781835 0.000607842
          18    -0.77924   -0.781691  0.00059092
          19     -0.7812   -0.781665 0.000560383
          20     -0.7816   -0.781662 0.000532373
           1   -0.787512   -0.787512           0
           2    -0.77852   -0.783016  0.00317915
           3   -0.782928   -0.782987  0.00211957
           4    -0.78412    -0.78327   0.0016085
           5   -0.783728   -0.783362  0.00128941
           6   -0.785712   -0.783753  0.00113245
           7      -0.789   -0.784503   0.0011932
           8   -0.784496   -0.784502  0.00104405
           9   -0.791352   -0.785263  0.00117311
          10   -0.776568   -0.784394  0.00133984
          11   -0.783024   -0.784269  0.00122381
          12   -0.778448   -0.783784  0.00121416
          13   -0.782976   -0.783722  0.00112235
          14   -0.781888   -0.783591   0.0010498
          15   -0.783824   -0.783606  0.00097993
          16    -0.78264   -0.783546 0.000920544
          17   -0.786288   -0.783707 0.000880412
          18   -0.781696   -0.783596 0.000838561
          19   -0.784304   -0.783633 0.000795254
          20   -0.781776    -0.78354 0.000760892
           1   -0.785416   -0.785416           0
           2   -0.785768   -0.785592 0.000124451
           3    -0.77864   -0.783275  0.00189391
           4     -0.7826   -0.783106  0.00142793
           5    -0.78404   -0.783293  0.00115449
           6   -0.783568   -0.783339 0.000962989
           7     -0.7866   -0.783805  0.00093133
           8    -0.78832   -0.784369    0.000971
           9   -0.785392   -0.784483 0.000869739
          10   -0.790296   -0.785064 0.000957536
          11   -0.777864   -0.784409  0.00107109
          12   -0.781016   -0.784127  0.00101848
          13   -0.780152   -0.783821 0.000984956
          14   -0.780144   -0.783558 0.000948972
          15   -0.784448   -0.783618 0.000887559
          16    -0.78416   -0.783651 0.000832734
          17     -0.7814   -0.783519 0.000794212
          18   -0.787784   -0.783756 0.000784637
          19    -0.78028   -0.783573 0.000764371
          20   -0.783176   -0.783553  0.00072641
           1   -0.785416   -0.785416           0
           2   -0.785768   -0.785592 0.000124451
           3    -0.77864   -0.783275  0.00189391
           4     -0.7826   -0.783106  0.00142793
           5    -0.78404   -0.783293  0.00115449
           6   -0.783568   -0.783339 0.000962989
           7     -0.7866   -0.783805  0.00093133
           8    -0.78832   -0.784369    0.000971
           9   -0.785392   -0.784483 0.000869739
          10   -0.790296   -0.785064 0.000957536
          11   -0.777864   -0.784409  0.00107109
          12   -0.781016   -0.784127  0.00101848
          13   -0.780152   -0.783821 0.000984956
          14   -0.780144   -0.783558 0.000948972
          15   -0.784448   -0.783618 0.000887559
          16    -0.78416   -0.783651 0.000832734
          17     -0.7814   -0.783519 0.000794212
          18   -0.787784   -0.783756 0.000784637
          19    -0.78028   -0.783573 0.000764371
          20   -0.783176   -0.783553  0.00072641
