           1    0.401336    0.401336           0
           2    0.283084     0.34221   0.0418082
           3    0.310871    0.331764   0.0291481
           4    0.412815    0.352027   0.0280329
           5    0.339202    0.349462   0.0225434
           6    0.224942    0.328708   0.0266803
           7    0.272434    0.320669   0.0240495
           8    0.385531    0.328777   0.0223683
           9    0.266413    0.321847   0.0209287
          10    0.335781    0.323241   0.0188821
          11    0.365946    0.327123   0.0175602
          12    0.318254    0.326384   0.0161124
          13    0.356493      0.3287   0.0150385
          14     0.32186    0.328212   0.0139723
          15    0.314684     0.32731   0.0130698
          16    0.359634     0.32933   0.0124081
          17    0.355222    0.330853   0.0117714
          18    0.295286    0.328877    0.011282
          19    0.312349    0.328007   0.0107217
          20    0.342399    0.328727   0.0102097
           1    0.401336    0.401336           0
           2    0.283084     0.34221   0.0418082
           3    0.310871    0.331764   0.0291481
           4    0.412815    0.352027   0.0280329
           5    0.339202    0.349462   0.0225434
           6    0.224942    0.328708   0.0266803
           7    0.272434    0.320669   0.0240495
           8    0.385531    0.328777   0.0223683
           9    0.266413    0.321847   0.0209287
          10    0.335781    0.323241   0.0188821
          11    0.365946    0.327123   0.0175602
          12    0.318254    0.326384   0.0161124
          13    0.356493      0.3287   0.0150385
          14     0.32186    0.328212   0.0139723
          15    0.314684     0.32731   0.0130698
          16    0.359634     0.32933   0.0124081
          17    0.355222    0.330853   0.0117714
          18    0.295286    0.328877    0.011282
          19    0.312349    0.328007   0.0107217
          20    0.342399    0.328727   0.0102097
           1    0.401336    0.401336           0
           2    0.283084     0.34221   0.0418082
           3    0.310871    0.331764   0.0291481
           4    0.412815    0.352027   0.0280329
           5    0.339202    0.349462   0.0225434
           6    0.224942    0.328708   0.0266803
           7    0.272434    0.320669   0.0240495
           8    0.385531    0.328777   0.0223683
           9    0.266413    0.321847   0.0209287
          10    0.335781    0.323241   0.0188821
          11    0.365946    0.327123   0.0175602
          12    0.318254    0.326384   0.0161124
          13    0.356493      0.3287   0.0150385
          14     0.32186    0.328212   0.0139723
          15    0.314684     0.32731   0.0130698
          16    0.359634     0.32933   0.0124081
          17    0.355222    0.330853   0.0117714
          18    0.295286    0.328877    0.011282
          19    0.312349    0.328007   0.0107217
          20    0.342399    0.328727   0.0102097
           1    0.352935    0.352935           0
           2    0.414631    0.383783    0.021813
           3    0.350688    0.372751   0.0171057
           4    0.375384    0.373409   0.0128419
           5    0.382094    0.375146   0.0103903
           6    0.289536    0.360878   0.0156406
           7    0.378519    0.363398   0.0136077
           8     0.39424    0.367253   0.0124409
           9    0.368022    0.367339   0.0110589
          10    0.402505    0.370855   0.0104972
          11    0.283084    0.362876   0.0122044
          12    0.310871    0.358542    0.011932
          13    0.412815    0.362717   0.0117218
          14    0.337909    0.360945   0.0110177
          15     0.22725    0.352032   0.0134123
          16    0.272564    0.347065   0.0134623
          17    0.384628    0.349275   0.0128504
          18    0.272159    0.344991   0.0128308
          19    0.335781    0.344506   0.0121647
          20     0.35692    0.345127   0.0115722
           1    0.352935    0.352935           0
           1    0.412821    0.412821           0
           2    0.369238    0.391029   0.0154089
           3    0.402232    0.394764   0.0107156
           4    0.363744    0.387009   0.0104734
           5    0.353216     0.38025   0.0103317
           6    0.382293    0.380591  0.00861538
           7     0.34686    0.375772  0.00862755
           8    0.355379    0.373223  0.00791675
           9    0.386536    0.374702  0.00717398
          10    0.377029    0.374935  0.00646035
          11    0.391147    0.376409  0.00603882
          12    0.283883    0.368698  0.00922715
          13    0.327854    0.365556  0.00903646
          14    0.422224    0.369604  0.00925324
          15    0.319447     0.36626  0.00922076
          16    0.241592    0.358469   0.0114736
          17    0.262453    0.352821   0.0121093
          18    0.390021    0.354887   0.0116116
          19    0.237453    0.348706    0.012538
          20    0.336896    0.348116    0.011925
           1    0.412821    0.412821           0
           2    0.369238    0.391029   0.0154089
           3    0.402232    0.394764   0.0107156
           4    0.363744    0.387009   0.0104734
           5    0.353216     0.38025   0.0103317
           6    0.382293    0.380591  0.00861538
           7     0.34686    0.375772  0.00862755
           8    0.355379    0.373223  0.00791675
           9    0.386536    0.374702  0.00717398
          10    0.377029    0.374935  0.00646035
          11    0.391147    0.376409  0.00603882
          12    0.283883    0.368698  0.00922715
          13    0.327854    0.365556  0.00903646
          14    0.422224    0.369604  0.00925324
          15    0.319447     0.36626  0.00922076
          16    0.241592    0.358469   0.0114736
          17    0.262453    0.352821   0.0121093
          18    0.390021    0.354887   0.0116116
          19    0.237453    0.348706    0.012538
          20    0.336896    0.348116    0.011925
