           1    0.217337    0.217337           0
           2    0.219112    0.218224 0.000627533
           3    0.218324    0.218257 0.000419237
           4    0.221099    0.218968 0.000690987
           5    0.220781    0.219331 0.000640872
           6    0.218245     0.21915 0.000559007
           7    0.222459    0.219622  0.00064901
           8    0.217866    0.219403 0.000603878
           9    0.220281      0.2195 0.000544598
          10    0.215369    0.219087 0.000627588
          11    0.217076    0.218904 0.000596574
          12    0.218713    0.218888 0.000547073
          13    0.220662    0.219025 0.000521715
          14    0.221127    0.219175 0.000505594
          15    0.225872    0.219621 0.000639326
          16    0.222794     0.21982 0.000629371
          17    0.219185    0.219782 0.000593457
          18    0.222361    0.219926 0.000577522
          19    0.221368    0.220002 0.000552091
          20    0.219195    0.219961 0.000525957
           1    0.217337    0.217337           0
           2    0.219112    0.218224 0.000627533
           3    0.218324    0.218257 0.000419237
           4    0.221099    0.218968 0.000690987
           5    0.220781    0.219331 0.000640872
           6    0.218245     0.21915 0.000559007
           7    0.222459    0.219622  0.00064901
           8    0.217866    0.219403 0.000603878
           9    0.220281      0.2195 0.000544598
          10    0.215369    0.219087 0.000627588
          11    0.217076    0.218904 0.000596574
          12    0.218713    0.218888 0.000547073
          13    0.220662    0.219025 0.000521715
          14    0.221127    0.219175 0.000505594
          15    0.225872    0.219621 0.000639326
          16    0.222794     0.21982 0.000629371
          17    0.219185    0.219782 0.000593457
          18    0.222361    0.219926 0.000577522
          19    0.221368    0.220002 0.000552091
          20    0.219195    0.219961 0.000525957
           1    0.226697    0.226697           0
           2    0.216967    0.221832  0.00344028
           3    0.220465    0.221376  0.00232349
           4    0.217582    0.220428  0.00192657
           5    0.217357    0.219814  0.00163618
           6    0.223025    0.220349   0.0014484
           7    0.223768    0.220837  0.00132128
           8    0.218071    0.220492  0.00120051
           9    0.222614    0.220727  0.00109003
          10    0.218292    0.220484  0.00100787
          11    0.218698    0.220321 0.000929224
          12    0.217907     0.22012 0.000873299
          13    0.221555    0.220231  0.00081307
          14    0.220004    0.220214 0.000755155
          15    0.218805     0.22012 0.000710631
          16    0.222934    0.220296 0.000687627
          17    0.217362    0.220124 0.000668487
          18    0.220117    0.220123 0.000631349
          19    0.215362    0.219873 0.000645942
          20    0.216843    0.219721 0.000631158
           1    0.222428    0.222428           0
           2    0.227662    0.225045  0.00185045
           3      0.2168    0.222297  0.00256085
           4    0.221325    0.222054  0.00193212
           5    0.215403    0.220724  0.00195049
           6     0.21913    0.220458  0.00164338
           7    0.222843    0.220799  0.00144351
           8    0.223509    0.221138  0.00130223
           9    0.219018    0.220902  0.00117864
          10    0.220955    0.220907  0.00106079
          11    0.217661    0.220612  0.00100458
          12    0.218233    0.220414  0.00094022
          13    0.219146    0.220316 0.000872942
          14    0.221925    0.220431 0.000818115
          15     0.21913    0.220345 0.000768158
          16    0.219831    0.220312 0.000720819
          17     0.22039    0.220317 0.000678432
          18     0.21853    0.220218 0.000647967
          19    0.222723     0.22035 0.000627132
          20    0.212623    0.219963 0.000704793
