           1     0.97266     0.97266           0
           2    0.968976    0.970818  0.00130249
           3    0.966472    0.969369  0.00146734
           4    0.966868    0.968744  0.00122654
           5    0.969092    0.968814 0.000983201
           6    0.970228    0.969049 0.000847123
           7    0.971436     0.96939 0.000791752
           8    0.972488    0.969778 0.000781755
           9    0.970268    0.969832 0.000696791
          10    0.968088    0.969658  0.00064857
          11    0.971296    0.969807 0.000606471
          12     0.96588    0.969479 0.000638126
          13     0.96496    0.969132 0.000677145
          14    0.967488    0.969014 0.000638875
          15    0.963532    0.968649 0.000692985
          16    0.966992    0.968545 0.000657364
          17    0.970984    0.968689 0.000634156
          18    0.969196    0.968717 0.000599551
          19    0.964464    0.968493 0.000608346
          20    0.970656    0.968601 0.000587463
