           1    0.323324    0.323324           0
           2    0.334027    0.328676  0.00378428
           3    0.334749      0.3307  0.00301608
           4    0.336077    0.332044  0.00254404
           5    0.328437    0.331323  0.00213509
           6     0.34015    0.332794  0.00222919
           7    0.343497    0.334323  0.00237799
           8    0.327886    0.333518  0.00221268
           9    0.320948    0.332122  0.00236692
          10    0.331574    0.332067  0.00213086
          11    0.336259    0.332448  0.00197093
          12     0.32387    0.331733  0.00193197
          13    0.328314     0.33147  0.00180116
          14    0.321489    0.330757   0.0018081
          15     0.32502    0.330375  0.00172755
          16    0.323876    0.329969  0.00166664
          17    0.335715    0.330307  0.00160251
          18    0.323807    0.329945  0.00155363
          19    0.321836    0.329519  0.00152937
          20    0.322433    0.329164  0.00149337
           1    0.323324    0.323324           0
           2    0.334027    0.328676  0.00378428
           3    0.334749      0.3307  0.00301608
           4    0.336077    0.332044  0.00254404
           5    0.328437    0.331323  0.00213509
           6     0.34015    0.332794  0.00222919
           7    0.343497    0.334323  0.00237799
           8    0.327886    0.333518  0.00221268
           9    0.320948    0.332122  0.00236692
          10    0.331574    0.332067  0.00213086
          11    0.336259    0.332448  0.00197093
          12     0.32387    0.331733  0.00193197
          13    0.328314     0.33147  0.00180116
          14    0.321489    0.330757   0.0018081
          15     0.32502    0.330375  0.00172755
          16    0.323876    0.329969  0.00166664
          17    0.335715    0.330307  0.00160251
          18    0.323807    0.329945  0.00155363
          19    0.321836    0.329519  0.00152937
          20    0.322433    0.329164  0.00149337
           1    0.323324    0.323324           0
           2    0.334027    0.328676  0.00378428
           3    0.334749      0.3307  0.00301608
           4    0.336077    0.332044  0.00254404
           5    0.328437    0.331323  0.00213509
           6     0.34015    0.332794  0.00222919
           7    0.343497    0.334323  0.00237799
           8    0.327886    0.333518  0.00221268
           9    0.320948    0.332122  0.00236692
          10    0.331574    0.332067  0.00213086
          11    0.336259    0.332448  0.00197093
          12     0.32387    0.331733  0.00193197
          13    0.328314     0.33147  0.00180116
          14    0.321489    0.330757   0.0018081
          15     0.32502    0.330375  0.00172755
          16    0.323876    0.329969  0.00166664
          17    0.335715    0.330307  0.00160251
          18    0.323807    0.329945  0.00155363
          19    0.321836    0.329519  0.00152937
          20    0.322433    0.329164  0.00149337
           1    0.328748    0.328748           0
           2     0.33326    0.331004  0.00159526
           3    0.324052    0.328687  0.00217051
           4    0.343383    0.332361  0.00357405
           5    0.325608     0.33101  0.00310395
           6      0.3295    0.330759  0.00259682
           7    0.327039    0.330227  0.00227957
           8    0.334505    0.330762  0.00205639
           9    0.329942    0.330671  0.00182992
          10    0.322785    0.329882  0.00180889
          11    0.333395    0.330202   0.0016724
          12    0.335556    0.330648  0.00159144
          13    0.336205    0.331075  0.00152535
          14    0.328116    0.330864  0.00143096
          15    0.340655    0.331517  0.00147696
          16    0.342644    0.332212  0.00153971
          17    0.327597    0.331941  0.00147287
          18    0.320794    0.331321  0.00151565
          19    0.332528    0.331385  0.00143721
          20    0.336645    0.331648  0.00138921
           1    0.327963    0.327963           0
           2    0.328585    0.328274  0.00021992
           3      0.3305    0.329016 0.000623255
           4    0.323442    0.327623  0.00129417
           5    0.346617    0.331421  0.00355204
           6    0.322917    0.330004  0.00323047
           7    0.330934    0.330137   0.0027717
           8    0.331549    0.330313  0.00243086
           9    0.330296    0.330311  0.00216076
          10    0.330183    0.330299  0.00194472
          11    0.320221    0.329382  0.00197196
          12    0.335654    0.329905  0.00187561
          13    0.334078    0.330226  0.00175859
          14    0.336924    0.330705   0.0016968
          15    0.329779    0.330643   0.0015848
          16    0.341306    0.331309  0.00161982
          17    0.340531    0.331852  0.00161281
          18    0.329968    0.331747   0.0015266
          19    0.318591    0.331055  0.00159557
          20    0.334508    0.331227   0.0015251
