           1   -0.632256   -0.632256           0
           2   -0.628024    -0.63014  0.00149624
           3   -0.630704   -0.630328  0.00100923
           4   -0.628704   -0.629922 0.000834603
           5    -0.62796    -0.62953 0.000754309
           6   -0.632104   -0.629959 0.000740636
           7   -0.628552   -0.629758 0.000661531
           8   -0.630744   -0.629881 0.000590216
           9   -0.626928   -0.629553 0.000609047
          10   -0.629824    -0.62958 0.000548745
          11     -0.6312   -0.629727 0.000518245
          12   -0.628336   -0.629611 0.000487855
          13   -0.631784   -0.629778 0.000478098
          14   -0.632488   -0.629972 0.000481531
          15    -0.63228   -0.630126 0.000473374
          16   -0.626184   -0.629879 0.000503836
          17    -0.62792   -0.629764 0.000487205
          18   -0.624944   -0.629496 0.000528635
          19   -0.632144   -0.629636 0.000518852
          20    -0.62896   -0.629602 0.000494009
           1   -0.632256   -0.632256           0
           2   -0.628024    -0.63014  0.00149624
           3   -0.630704   -0.630328  0.00100923
           4   -0.628704   -0.629922 0.000834603
           5    -0.62796    -0.62953 0.000754309
           6   -0.632104   -0.629959 0.000740636
           7   -0.628552   -0.629758 0.000661531
           8   -0.630744   -0.629881 0.000590216
           9   -0.626928   -0.629553 0.000609047
          10   -0.629824    -0.62958 0.000548745
          11     -0.6312   -0.629727 0.000518245
          12   -0.628336   -0.629611 0.000487855
          13   -0.631784   -0.629778 0.000478098
          14   -0.632488   -0.629972 0.000481531
          15    -0.63228   -0.630126 0.000473374
          16   -0.626184   -0.629879 0.000503836
          17    -0.62792   -0.629764 0.000487205
          18   -0.624944   -0.629496 0.000528635
          19   -0.632144   -0.629636 0.000518852
          20    -0.62896   -0.629602 0.000494009
           1   -0.632256   -0.632256           0
           2   -0.628024    -0.63014  0.00149624
           3   -0.630704   -0.630328  0.00100923
           4   -0.628704   -0.629922 0.000834603
           5    -0.62796    -0.62953 0.000754309
           6   -0.632104   -0.629959 0.000740636
           7   -0.628552   -0.629758 0.000661531
           8   -0.630744   -0.629881 0.000590216
           9   -0.626928   -0.629553 0.000609047
          10   -0.629824    -0.62958 0.000548745
          11     -0.6312   -0.629727 0.000518245
          12   -0.628336   -0.629611 0.000487855
          13   -0.631784   -0.629778 0.000478098
          14   -0.632488   -0.629972 0.000481531
          15    -0.63228   -0.630126 0.000473374
          16   -0.626184   -0.629879 0.000503836
          17    -0.62792   -0.629764 0.000487205
          18   -0.624944   -0.629496 0.000528635
          19   -0.632144   -0.629636 0.000518852
          20    -0.62896   -0.629602 0.000494009
           1    -0.62992    -0.62992           0
           2   -0.630144   -0.630032  7.9196e-05
           3   -0.631912   -0.630659 0.000514388
           4   -0.630096   -0.630518 0.000404568
           5   -0.631936   -0.630802 0.000411212
           6   -0.621376   -0.629231  0.00147443
           7   -0.629504    -0.62927  0.00126432
           8   -0.630304   -0.629399  0.00111287
           9   -0.629424   -0.629402 0.000989219
          10   -0.631984    -0.62966 0.000923385
          11    -0.62824   -0.629531 0.000848417
          12   -0.630432   -0.629606 0.000781031
          13   -0.628912   -0.629553 0.000722774
          14   -0.628168   -0.629454  0.00067788
          15   -0.632136   -0.629633  0.00065585
          16   -0.628536   -0.629564 0.000618429
          17   -0.630192   -0.629601 0.000583154
          18   -0.627056    -0.62946 0.000567637
          19    -0.62996   -0.629486 0.000538372
          20   -0.631128   -0.629568 0.000517676
           1   -0.630552   -0.630552           0
           2   -0.629088    -0.62982 0.000517602
           3   -0.629976   -0.629872  0.00034767
           4   -0.633552   -0.630792 0.000838327
           5   -0.629536   -0.630541 0.000707296
           6   -0.631352   -0.630676 0.000602197
           7   -0.622504   -0.629509  0.00119776
           8    -0.62732   -0.629235  0.00107883
           9   -0.631976    -0.62954  0.00100102
          10     -0.6286   -0.629446 0.000905319
          11    -0.63348   -0.629812 0.000894229
          12   -0.625568   -0.629459 0.000886905
          13    -0.63112   -0.629586 0.000827837
          14   -0.630496   -0.629651 0.000771251
          15      -0.627   -0.629475 0.000739813
          16   -0.632344   -0.629654  0.00071498
          17    -0.62904   -0.629618 0.000673834
          18   -0.628936    -0.62958 0.000637463
          19   -0.627888   -0.629491 0.000610101
          20   -0.630376   -0.629535 0.000581198
