           1     7.29441     7.29441     7.28324
           2     8.35123     7.82282     5.53604
           3     7.83246     7.82604     4.51866
           4     8.92944     8.10189     4.05676
           5     8.36187     8.15388     3.64994
           6     8.84402     8.26891     3.37913
           7     8.43736     8.29297     3.13666
           8     9.40516     8.43199     2.98534
           9     8.69013     8.46068     2.82347
          10     9.05193      8.5198     2.69719
          11     8.09317     8.48102      2.5597
          12     8.38871     8.47332     2.44807
          13     8.67699     8.48899     2.35605
          14     9.23385      8.5422     2.28481
          15     8.88035     8.56474     2.21295
          16     8.88783     8.58493     2.14755
          17     8.46771     8.57804     2.08153
          18     9.25751     8.61578      2.0319
          19      8.8544     8.62834     1.98043
          20     8.31597     8.61272      1.9267
           1     7.29441     7.29441     7.28324
           2     8.35123     7.82282     5.53604
           3     7.83246     7.82604     4.51866
           4     8.92944     8.10189     4.05676
           5     8.36187     8.15388     3.64994
           6     8.84402     8.26891     3.37913
           7     8.43736     8.29297     3.13666
           8     9.40516     8.43199     2.98534
           9     8.69013     8.46068     2.82347
          10     9.05193      8.5198     2.69719
          11     8.09317     8.48102      2.5597
          12     8.38871     8.47332     2.44807
          13     8.67699     8.48899     2.35605
          14     9.23385      8.5422     2.28481
          15     8.88035     8.56474     2.21295
          16     8.88783     8.58493     2.14755
          17     8.46771     8.57804     2.08153
          18     9.25751     8.61578      2.0319
          19      8.8544     8.62834     1.98043
          20     8.31597     8.61272      1.9267
           1     7.29441     7.29441     7.28324
           2     8.35123     7.82282     5.53604
           3     7.83246     7.82604     4.51866
           4     8.92944     8.10189     4.05676
           5     8.36187     8.15388     3.64994
           6     8.84402     8.26891     3.37913
           7     8.43736     8.29297     3.13666
           8     9.40516     8.43199     2.98534
           9     8.69013     8.46068     2.82347
          10     9.05193      8.5198     2.69719
          11     8.09317     8.48102      2.5597
          12     8.38871     8.47332     2.44807
          13     8.67699     8.48899     2.35605
          14     9.23385      8.5422     2.28481
          15     8.88035     8.56474     2.21295
          16     8.88783     8.58493     2.14755
          17     8.46771     8.57804     2.08153
          18     9.25751     8.61578      2.0319
          19      8.8544     8.62834     1.98043
          20     8.31597     8.61272      1.9267
           1     9.31964     9.31964     9.31022
           2     8.28428     8.80196     6.22745
           3     8.95135     8.85176     5.11052
           4     9.22477     8.94501     4.47194
           5     9.31792     9.01959     4.03284
           6     9.47195     9.09498     3.71231
           7      9.4639     9.14769     3.45676
           8     9.09912     9.14162     3.23102
           9     10.0576     9.24339     3.08141
          10     7.17475     9.03653      2.8643
          11     8.40877     8.97946     2.71349
          12     7.84651     8.88505     2.57164
          13     8.94578     8.88972     2.47133
          14     8.28401     8.84645     2.36967
          15      8.8117     8.84414     2.28818
          16     8.56595     8.82675     2.21082
          17      9.3392     8.85689     2.15194
          18     8.76048     8.85154     2.08972
          19     9.03857     8.86138     2.03597
          20     8.05231     8.82093     1.97551
           1     9.20093     9.20093     9.19082
           2     9.23003     9.21548     6.50933
           3     8.45178     8.96092     5.17183
           4      8.6797     8.89061     4.44324
           5     9.18904      8.9503     4.00066
           6     9.42802     9.02992     3.68487
           7     9.26248     9.06314     3.42389
           8     9.59357     9.12944     3.22656
           9     9.15913     9.13274      3.0429
          10     9.83687     9.20315     2.90962
          11     7.24676      9.0253     2.72565
          12     8.43274     8.97592      2.5952
          13     7.91303     8.89416     2.47148
          14     8.55762     8.87012     2.37476
          15     8.75831     8.86267     2.29188
          16     8.64495     8.84906     2.21536
          17     8.63033     8.83619     2.14582
          18     9.61809     8.87963     2.09574
          19     8.40279     8.85453     2.03398
          20     9.03938     8.86378     1.98432
           1     9.20093     9.20093     9.19082
           2     9.23003     9.21548     6.50933
           3     8.45178     8.96092     5.17183
           4      8.6797     8.89061     4.44324
           5     9.18904      8.9503     4.00066
           6     9.42802     9.02992     3.68487
           7     9.26248     9.06314     3.42389
           8     9.59357     9.12944     3.22656
           9     9.15913     9.13274      3.0429
          10     9.83687     9.20315     2.90962
          11     7.24676      9.0253     2.72565
          12     8.43274     8.97592      2.5952
          13     7.91303     8.89416     2.47148
          14     8.55762     8.87012     2.37476
          15     8.75831     8.86267     2.29188
          16     8.64495     8.84906     2.21536
          17     8.63033     8.83619     2.14582
          18     9.61809     8.87963     2.09574
          19     8.40279     8.85453     2.03398
          20     9.03938     8.86378     1.98432
