           1   -0.739544   -0.739544           0
           2    -0.74332   -0.741432  0.00133502
           3   -0.739168   -0.740677   0.0010825
           4   -0.737784   -0.739954  0.00102545
           5   -0.739472   -0.739858 0.000824878
           6   -0.740552   -0.739973  0.00069547
           7   -0.739464   -0.739901 0.000599912
           8   -0.737432   -0.739592 0.000599048
           9    -0.74192   -0.739851 0.000585676
          10   -0.742584   -0.740124 0.000587438
          11   -0.736904   -0.739831 0.000602571
          12   -0.745512   -0.740305  0.00071451
          13   -0.738832   -0.740191 0.000668468
          14   -0.745824   -0.740594 0.000731847
          15   -0.741272   -0.740639 0.000684453
          16   -0.734544   -0.740258 0.000740127
          17   -0.738248    -0.74014 0.000705971
          18   -0.745448   -0.740435 0.000725735
          19   -0.741104    -0.74047 0.000688393
          20   -0.740296   -0.740461 0.000654028
           1   -0.739544   -0.739544           0
           2    -0.74332   -0.741432  0.00133502
           3   -0.739168   -0.740677   0.0010825
           4   -0.737784   -0.739954  0.00102545
           5   -0.739472   -0.739858 0.000824878
           6   -0.740552   -0.739973  0.00069547
           7   -0.739464   -0.739901 0.000599912
           8   -0.737432   -0.739592 0.000599048
           9    -0.74192   -0.739851 0.000585676
          10   -0.742584   -0.740124 0.000587438
          11   -0.736904   -0.739831 0.000602571
          12   -0.745512   -0.740305  0.00071451
          13   -0.738832   -0.740191 0.000668468
          14   -0.745824   -0.740594 0.000731847
          15   -0.741272   -0.740639 0.000684453
          16   -0.734544   -0.740258 0.000740127
          17   -0.738248    -0.74014 0.000705971
          18   -0.745448   -0.740435 0.000725735
          19   -0.741104    -0.74047 0.000688393
          20   -0.740296   -0.740461 0.000654028
           1   -0.739544   -0.739544           0
           2    -0.74332   -0.741432  0.00133502
           3   -0.739168   -0.740677   0.0010825
           4   -0.737784   -0.739954  0.00102545
           5   -0.739472   -0.739858 0.000824878
           6   -0.740552   -0.739973  0.00069547
           7   -0.739464   -0.739901 0.000599912
           8   -0.737432   -0.739592 0.000599048
           9    -0.74192   -0.739851 0.000585676
          10   -0.742584   -0.740124 0.000587438
          11   -0.736904   -0.739831 0.000602571
          12   -0.745512   -0.740305  0.00071451
          13   -0.738832   -0.740191 0.000668468
          14   -0.745824   -0.740594 0.000731847
          15   -0.741272   -0.740639 0.000684453
          16   -0.734544   -0.740258 0.000740127
          17   -0.738248    -0.74014 0.000705971
          18   -0.745448   -0.740435 0.000725735
          19   -0.741104    -0.74047 0.000688393
          20   -0.740296   -0.740461 0.000654028
           1   -0.741696   -0.741696           0
           2   -0.733416   -0.737556  0.00292742
           3    -0.74052   -0.738544  0.00211177
           4   -0.740952   -0.739146  0.00166743
           5   -0.742096   -0.739736  0.00143453
           6   -0.742544   -0.740204  0.00126949
           7   -0.741088    -0.74033   0.0010944
           8   -0.739608    -0.74024 0.000961314
           9    -0.73924   -0.740129 0.000860898
          10   -0.739616   -0.740078 0.000776335
          11   -0.744016   -0.740436 0.000783985
          12    -0.73876   -0.740296 0.000730982
          13   -0.737712   -0.740097 0.000701257
          14   -0.739672   -0.740067 0.000651825
          15    -0.74016   -0.740073 0.000608399
          16    -0.73968   -0.740049  0.00057087
          17   -0.736928   -0.739865 0.000566032
          18    -0.74224   -0.739997  0.00054975
          19   -0.742336    -0.74012 0.000534422
          20   -0.737656   -0.739997 0.000521709
           1   -0.742504   -0.742504           0
           2   -0.740816    -0.74166 0.000596798
           3   -0.733352   -0.738891  0.00229589
           4   -0.740928     -0.7394  0.00177752
           5    -0.74212   -0.739944  0.00150295
           6   -0.739696   -0.739903  0.00125303
           7   -0.741648   -0.740152  0.00109855
           8   -0.743184   -0.740531  0.00102453
           9   -0.739656   -0.740434 0.000915291
          10   -0.739416   -0.740332 0.000829402
          11   -0.741024   -0.740395 0.000756383
          12     -0.7426   -0.740579 0.000715325
          13   -0.739216   -0.740474 0.000667935
          14      -0.737   -0.740226 0.000664719
          15   -0.739136   -0.740153 0.000624362
          16    -0.74076   -0.740191  0.00058649
          17   -0.738384   -0.740085 0.000561541
          18   -0.738472   -0.739995 0.000537444
          19   -0.742256   -0.740114 0.000522164
          20   -0.742736   -0.740245 0.000512248
           1   -0.742504   -0.742504           0
           2   -0.740816    -0.74166 0.000596798
           3   -0.733352   -0.738891  0.00229589
           4   -0.740928     -0.7394  0.00177752
           5    -0.74212   -0.739944  0.00150295
           6   -0.739696   -0.739903  0.00125303
           7   -0.741648   -0.740152  0.00109855
           8   -0.743184   -0.740531  0.00102453
           9   -0.739656   -0.740434 0.000915291
          10   -0.739416   -0.740332 0.000829402
          11   -0.741024   -0.740395 0.000756383
          12     -0.7426   -0.740579 0.000715325
          13   -0.739216   -0.740474 0.000667935
          14      -0.737   -0.740226 0.000664719
          15   -0.739136   -0.740153 0.000624362
          16    -0.74076   -0.740191  0.00058649
          17   -0.738384   -0.740085 0.000561541
          18   -0.738472   -0.739995 0.000537444
          19   -0.742256   -0.740114 0.000522164
          20   -0.742736   -0.740245 0.000512248
