           1     0.50134     0.50134           0
           2     0.51604     0.50869  0.00519723
           3    0.506952    0.508111  0.00349696
           4    0.520072    0.511101  0.00368582
           5    0.526144     0.51411  0.00399198
           6    0.520272    0.515137  0.00345625
           7    0.514276    0.515014  0.00296468
           8    0.513124    0.514777  0.00260349
           9    0.517816    0.515115    0.002336
          10    0.507444    0.514348  0.00222479
          11    0.519652     0.51483  0.00207413
          12    0.505308    0.514037  0.00204746
          13    0.521516    0.514612  0.00196914
          14    0.507472    0.514102  0.00189338
          15    0.505632    0.513537  0.00184944
          16    0.531668     0.51467  0.00205184
          17    0.517944    0.514863  0.00194016
          18     0.49778    0.513914   0.0020514
          19    0.510788    0.513749  0.00195002
          20     0.51948    0.514036  0.00187345
