           1    0.791312    0.791312           0
           2    0.794356    0.792834  0.00107622
           3    0.792192     0.79262 0.000738448
           4    0.800592    0.794613  0.00181267
           5    0.787024    0.793095  0.00198642
           6    0.779544    0.790837  0.00264405
           7    0.779332    0.789193  0.00272975
           8    0.785912    0.788783  0.00241915
           9    0.803548    0.790424  0.00264885
          10    0.789788     0.79036  0.00238472
          11    0.794128    0.790703   0.0021924
          12     0.78604    0.790314  0.00204384
          13     0.79532    0.790699  0.00192255
          14    0.779664    0.789911  0.00194009
          15    0.796472    0.790348   0.0018594
          16    0.799716    0.790934  0.00183305
          17    0.792212    0.791009  0.00172677
          18    0.780808    0.790442  0.00172132
          19    0.795552    0.790711   0.0016516
          20    0.786592    0.790505  0.00158181
