           1    0.407771    0.407771           0
           2    0.367845    0.387808    0.014116
           3    0.375213     0.38361   0.0100155
           4    0.406597    0.389356  0.00901083
           5     0.45056    0.401597   0.0131085
           6    0.375198    0.397197   0.0116387
           7    0.393464    0.396664  0.00998824
           8    0.381367    0.394752  0.00892086
           9    0.377959    0.392886  0.00812244
          10    0.354585    0.389056  0.00816344
          11    0.408044    0.390782  0.00760163
          12     0.37529    0.389491  0.00707694
          13    0.385736    0.389202  0.00653845
          14    0.481415    0.395789  0.00878334
          15    0.394609     0.39571  0.00819813
          16    0.370388    0.394128  0.00783702
          17    0.373664    0.392924   0.0074679
          18    0.408495    0.393789  0.00710294
          19    0.361379    0.392083   0.0069309
          20    0.408039    0.392881  0.00663011
           1    0.407771    0.407771           0
           2    0.367845    0.387808    0.014116
           3    0.375213     0.38361   0.0100155
           4    0.406597    0.389356  0.00901083
           5     0.45056    0.401597   0.0131085
           6    0.375198    0.397197   0.0116387
           7    0.393464    0.396664  0.00998824
           8    0.381367    0.394752  0.00892086
           9    0.377959    0.392886  0.00812244
          10    0.354585    0.389056  0.00816344
          11    0.408044    0.390782  0.00760163
          12     0.37529    0.389491  0.00707694
          13    0.385736    0.389202  0.00653845
          14    0.481415    0.395789  0.00878334
          15    0.394609     0.39571  0.00819813
          16    0.370388    0.394128  0.00783702
          17    0.373664    0.392924   0.0074679
          18    0.408495    0.393789  0.00710294
          19    0.361379    0.392083   0.0069309
          20    0.408039    0.392881  0.00663011
           1    0.407771    0.407771           0
           2    0.367845    0.387808    0.014116
           3    0.375213     0.38361   0.0100155
           4    0.406597    0.389356  0.00901083
           5     0.45056    0.401597   0.0131085
           6    0.375198    0.397197   0.0116387
           7    0.393464    0.396664  0.00998824
           8    0.381367    0.394752  0.00892086
           9    0.377959    0.392886  0.00812244
          10    0.354585    0.389056  0.00816344
          11    0.408044    0.390782  0.00760163
          12     0.37529    0.389491  0.00707694
          13    0.385736    0.389202  0.00653845
          14    0.481415    0.395789  0.00878334
          15    0.394609     0.39571  0.00819813
          16    0.370388    0.394128  0.00783702
          17    0.373664    0.392924   0.0074679
          18    0.408495    0.393789  0.00710294
          19    0.361379    0.392083   0.0069309
          20    0.408039    0.392881  0.00663011
           1    0.381959    0.381959           0
           2    0.429318    0.405639   0.0167437
           3    0.390532    0.400603   0.0118956
           4    0.336579    0.384597   0.0164845
           5    0.375686    0.382815   0.0132836
           6    0.403875    0.386325   0.0115241
           7    0.358251    0.382314   0.0105526
           8    0.382632    0.382354  0.00923361
           9    0.394617    0.383717  0.00830758
          10    0.410302    0.386375  0.00789076
          11    0.361476    0.384112  0.00749105
          12    0.379715    0.383745  0.00687575
          13    0.406543    0.385499  0.00656667
          14     0.45056    0.390146  0.00756537
          15    0.373921    0.389064  0.00713792
          16    0.393406    0.389336  0.00669696
          17    0.380782    0.388833  0.00632189
          18    0.379838    0.388333  0.00599039
          19     0.35506    0.386582  0.00592555
          20    0.407959    0.387651  0.00572486
           1    0.363353    0.363353           0
           2    0.378328    0.370841  0.00529438
           3    0.430413    0.390698   0.0165933
           4    0.387317    0.389853   0.0124665
           5    0.355936     0.38307   0.0116737
           6    0.354448    0.378299   0.0106583
           7    0.405758    0.382222  0.00983106
           8    0.392753    0.383538  0.00868985
           9    0.375897    0.382689  0.00776569
          10    0.389748    0.383395  0.00702112
          11    0.424651    0.387146   0.0073163
          12     0.34673    0.383778  0.00744155
          13    0.362504    0.382141  0.00704676
          14    0.444285     0.38658  0.00781743
          15    0.409509    0.388109  0.00744421
          16    0.376902    0.387408  0.00701182
          17    0.407777    0.388606  0.00670095
          18    0.372385    0.387705  0.00638899
          19    0.374475    0.387009  0.00609055
          20    0.352643    0.385291  0.00602353
           1    0.363353    0.363353           0
           2    0.378328    0.370841  0.00529438
           3    0.430413    0.390698   0.0165933
           4    0.387317    0.389853   0.0124665
           5    0.355936     0.38307   0.0116737
           6    0.354448    0.378299   0.0106583
           7    0.405758    0.382222  0.00983106
           8    0.392753    0.383538  0.00868985
           9    0.375897    0.382689  0.00776569
          10    0.389748    0.383395  0.00702112
          11    0.424651    0.387146   0.0073163
          12     0.34673    0.383778  0.00744155
          13    0.362504    0.382141  0.00704676
          14    0.444285     0.38658  0.00781743
          15    0.409509    0.388109  0.00744421
          16    0.376902    0.387408  0.00701182
          17    0.407777    0.388606  0.00670095
          18    0.372385    0.387705  0.00638899
          19    0.374475    0.387009  0.00609055
          20    0.352643    0.385291  0.00602353
