           1   -0.469968   -0.469968           0
           2   -0.470984   -0.470476  0.00035921
           3   -0.472176   -0.471043 0.000520981
           4    -0.47196   -0.471272 0.000438315
           5   -0.474272   -0.471872 0.000641059
           6   -0.470176   -0.471589 0.000593271
           7   -0.474248   -0.471969 0.000618254
           8   -0.475136   -0.472365 0.000655565
           9    -0.47108   -0.472222 0.000598071
          10   -0.471432   -0.472143 0.000543459
          11   -0.472808   -0.472204 0.000497403
          12   -0.476128   -0.472531 0.000553109
          13   -0.468792   -0.472243 0.000580533
          14   -0.474048   -0.472372 0.000553197
          15   -0.472136   -0.472356 0.000516541
          16   -0.472504   -0.472365  0.00048434
          17   -0.469296   -0.472185 0.000488346
          18   -0.474184   -0.472296 0.000473676
          19   -0.477272   -0.472558 0.000516093
          20   -0.470368   -0.472448 0.000501769
           1   -0.469968   -0.469968           0
           2   -0.470984   -0.470476  0.00035921
           3   -0.472176   -0.471043 0.000520981
           4    -0.47196   -0.471272 0.000438315
           5   -0.474272   -0.471872 0.000641059
           6   -0.470176   -0.471589 0.000593271
           7   -0.474248   -0.471969 0.000618254
           8   -0.475136   -0.472365 0.000655565
           9    -0.47108   -0.472222 0.000598071
          10   -0.471432   -0.472143 0.000543459
          11   -0.472808   -0.472204 0.000497403
          12   -0.476128   -0.472531 0.000553109
          13   -0.468792   -0.472243 0.000580533
          14   -0.474048   -0.472372 0.000553197
          15   -0.472136   -0.472356 0.000516541
          16   -0.472504   -0.472365  0.00048434
          17   -0.469296   -0.472185 0.000488346
          18   -0.474184   -0.472296 0.000473676
          19   -0.477272   -0.472558 0.000516093
          20   -0.470368   -0.472448 0.000501769
           1   -0.471976   -0.471976           0
           2   -0.473008   -0.472492 0.000364867
           3    -0.47144   -0.472141 0.000375694
           4   -0.470472   -0.471724 0.000458279
           5   -0.470704    -0.47152 0.000409519
           6    -0.47292   -0.471753 0.000402284
           7     -0.4708   -0.471617 0.000367145
           8    -0.47216   -0.471685 0.000327463
           9   -0.471328   -0.471645 0.000293471
          10   -0.473976   -0.471878 0.000344455
          11   -0.469824   -0.471692 0.000360232
          12   -0.471176   -0.471649 0.000332765
          13   -0.472056    -0.47168  0.00030864
          14   -0.472392   -0.471731 0.000290754
          15   -0.474768   -0.471933 0.000334523
          16   -0.469816   -0.471801  0.00033878
          17   -0.474096   -0.471936 0.000344702
          18   -0.474136   -0.472058 0.000346543
          19   -0.472392   -0.472076 0.000328749
          20   -0.471448   -0.472044 0.000313807
