           1    0.306776    0.306776           0
           2      0.3138    0.310288  0.00248336
           3     0.30014    0.306905  0.00322013
           4     0.31042    0.307784  0.00253214
           5    0.307296    0.307686  0.00202759
           6    0.307292    0.307621  0.00169072
           7    0.310304    0.308004  0.00149202
           8    0.306652    0.307835  0.00131505
           9    0.307028    0.307745  0.00117199
          10    0.299416    0.306912  0.00131794
          11    0.308632    0.307069  0.00120737
          12     0.29712     0.30624  0.00136197
          13     0.30828    0.306397  0.00126621
          14    0.293888    0.305503   0.0014573
          15    0.316164    0.306214  0.00152363
          16    0.298792     0.30575  0.00149735
          17      0.2978    0.305282   0.0014805
          18    0.307632    0.305413  0.00140399
          19    0.309268    0.305616  0.00134468
          20    0.290168    0.304843  0.00148277
