           1    0.304543    0.304543           0
           2    0.301772    0.303157 0.000979783
           3    0.304425     0.30358 0.000738651
           4    0.305537    0.304069 0.000697543
           5     0.30348    0.303951 0.000567896
           6    0.317521    0.306213  0.00211807
           7    0.305555    0.306119  0.00181757
           8    0.312049     0.30686  0.00173496
           9    0.304563    0.306605  0.00156086
          10    0.298987    0.305843  0.00157976
          11    0.296273    0.304973  0.00165849
          12    0.300593    0.304608  0.00155994
          13    0.296096    0.303953  0.00157138
          14    0.300162    0.303683  0.00148229
          15    0.316527    0.304539  0.00161193
          16    0.297577    0.304104   0.0015688
          17    0.299176    0.303814  0.00150307
          18     0.31465    0.304416   0.0015354
          19    0.307043    0.304554   0.0014608
          20    0.314612    0.305057  0.00147177
           1    0.304543    0.304543           0
           2    0.301772    0.303157 0.000979783
           3    0.304425     0.30358 0.000738651
           4    0.305537    0.304069 0.000697543
           5     0.30348    0.303951 0.000567896
           6    0.317521    0.306213  0.00211807
           7    0.305555    0.306119  0.00181757
           8    0.312049     0.30686  0.00173496
           9    0.304563    0.306605  0.00156086
          10    0.298987    0.305843  0.00157976
          11    0.296273    0.304973  0.00165849
          12    0.300593    0.304608  0.00155994
          13    0.296096    0.303953  0.00157138
          14    0.300162    0.303683  0.00148229
          15    0.316527    0.304539  0.00161193
          16    0.297577    0.304104   0.0015688
          17    0.299176    0.303814  0.00150307
          18     0.31465    0.304416   0.0015354
          19    0.307043    0.304554   0.0014608
          20    0.314612    0.305057  0.00147177
           1    0.304543    0.304543           0
           2    0.301772    0.303157 0.000979783
           3    0.304425     0.30358 0.000738651
           4    0.305537    0.304069 0.000697543
           5     0.30348    0.303951 0.000567896
           6    0.317521    0.306213  0.00211807
           7    0.305555    0.306119  0.00181757
           8    0.312049     0.30686  0.00173496
           9    0.304563    0.306605  0.00156086
          10    0.298987    0.305843  0.00157976
          11    0.296273    0.304973  0.00165849
          12    0.300593    0.304608  0.00155994
          13    0.296096    0.303953  0.00157138
          14    0.300162    0.303683  0.00148229
          15    0.316527    0.304539  0.00161193
          16    0.297577    0.304104   0.0015688
          17    0.299176    0.303814  0.00150307
          18     0.31465    0.304416   0.0015354
          19    0.307043    0.304554   0.0014608
          20    0.314612    0.305057  0.00147177
           1    0.301079    0.301079           0
           2    0.303635    0.302357 0.000903894
           3    0.304576    0.303097 0.000853193
           4    0.312622    0.305478  0.00215936
           5    0.306743    0.305731  0.00174225
           6    0.311964     0.30677  0.00173412
           7    0.304443    0.306437  0.00151792
           8     0.30779    0.306607  0.00133756
           9    0.306574    0.306603  0.00118895
          10    0.305786    0.306521  0.00107285
          11    0.301916    0.306103  0.00105386
          12    0.304516     0.30597 0.000974295
          13     0.30377    0.305801 0.000913929
          14    0.305216    0.305759 0.000849604
          15    0.317402    0.306536  0.00109134
          16     0.30595    0.306499  0.00102375
          17     0.31089    0.306757 0.000995572
          18    0.305035    0.306662 0.000944848
          19     0.29879    0.306247  0.00098175
          20    0.296984    0.305784  0.00103617
           1    0.301856    0.301856           0
           2    0.301179    0.301518 0.000239279
           3    0.303704    0.302246 0.000616117
           4    0.305826    0.303141 0.000902397
           5     0.30833    0.304179  0.00117592
           6    0.311614    0.305418  0.00149658
           7    0.309424    0.305991  0.00138787
           8    0.304676    0.305826  0.00122407
           9    0.308003    0.306068   0.0011117
          10    0.306627    0.306124  0.00100194
          11    0.301235     0.30568  0.00100459
          12     0.30557     0.30567 0.000920917
          13    0.306093    0.305703  0.00085065
          14     0.30442    0.305611 0.000794812
          15    0.303239    0.305453 0.000757395
          16    0.316114    0.306119 0.000959392
          17    0.307756    0.306216 0.000907774
          18    0.310128    0.306433 0.000882983
          19    0.306115    0.306416 0.000836669
          20    0.299209    0.306056 0.000868993
