           1    0.230379    0.230379           0
           2    0.236531    0.233455  0.00217503
           3    0.224877    0.230595  0.00274821
           4    0.230078    0.230466  0.00206419
           5    0.227084     0.22979  0.00175867
           6     0.23362    0.230428  0.00157716
           7    0.225642    0.229744  0.00149273
           8    0.237552     0.23072  0.00159353
           9    0.225197    0.230107  0.00153011
          10    0.234538     0.23055  0.00143983
          11    0.229137    0.230421  0.00131465
          12    0.234807    0.230787  0.00125486
          13    0.228868    0.230639  0.00116698
          14    0.229151    0.230533  0.00108846
          15    0.223644    0.230074  0.00110856
          16    0.226983     0.22988  0.00105597
          17    0.227889    0.229763  0.00100033
          18    0.231198    0.229843 0.000947927
          19    0.228038    0.229748 0.000902782
          20    0.229839    0.229753 0.000857654
           1    0.230379    0.230379           0
           2    0.236531    0.233455  0.00217503
           3    0.224877    0.230595  0.00274821
           4    0.230078    0.230466  0.00206419
           5    0.227084     0.22979  0.00175867
           6     0.23362    0.230428  0.00157716
           7    0.225642    0.229744  0.00149273
           8    0.237552     0.23072  0.00159353
           9    0.225197    0.230107  0.00153011
          10    0.234538     0.23055  0.00143983
          11    0.229137    0.230421  0.00131465
          12    0.234807    0.230787  0.00125486
          13    0.228868    0.230639  0.00116698
          14    0.229151    0.230533  0.00108846
          15    0.223644    0.230074  0.00110856
          16    0.226983     0.22988  0.00105597
          17    0.227889    0.229763  0.00100033
          18    0.231198    0.229843 0.000947927
          19    0.228038    0.229748 0.000902782
          20    0.229839    0.229753 0.000857654
           1    0.232419    0.232419           0
           2    0.230223    0.231321 0.000776362
           3    0.229502    0.230715 0.000716316
           4    0.225942    0.229521  0.00116467
           5    0.235433    0.230704   0.0014094
           6    0.232012    0.230922  0.00119124
           7     0.23235    0.231126  0.00103839
           8    0.233326    0.231401 0.000944308
           9    0.225257    0.230718  0.00105773
          10    0.230539      0.2307 0.000952109
          11    0.235079    0.231098 0.000945116
          12    0.226209    0.230691 0.000950142
          13    0.229686    0.230614 0.000880189
          14    0.227615    0.230399 0.000842975
          15    0.233629    0.230615 0.000813812
          16    0.225031    0.230266  0.00083442
          17    0.238089    0.230726 0.000903381
          18    0.225106    0.230414 0.000905541
          19    0.234079    0.230607 0.000878188
          20    0.229543    0.230553 0.000835886
           1    0.232821    0.232821           0
           2    0.229785    0.231303  0.00107344
           3    0.230827    0.231144 0.000727292
           4    0.227688     0.23028 0.000925986
           5    0.231456    0.230515 0.000770062
           6    0.231987    0.230761 0.000679672
           7    0.234141    0.231244 0.000734343
           8    0.230891      0.2312 0.000643869
           9    0.233346    0.231438 0.000614894
          10    0.223059      0.2306 0.000968561
          11    0.230706     0.23061 0.000880558
          12    0.235906    0.231051 0.000911094
          13    0.226982    0.230738 0.000893158
          14    0.229407    0.230643  0.00083441
          15    0.228092    0.230473 0.000795928
          16    0.232409    0.230594 0.000755327
          17    0.226796    0.230371   0.0007432
          18    0.236719    0.230723 0.000781117
          19    0.226144    0.230482 0.000776291
          20    0.234307    0.230673 0.000760669
