           1    0.465707    0.465707           0
           2    0.425673     0.44569   0.0141541
           3     0.42405    0.438476   0.0111233
           4    0.418678    0.433527  0.00937928
           5    0.386899    0.424201   0.0112194
           6    0.414157    0.422527  0.00947355
           7    0.429015    0.423454  0.00816539
           8    0.457953    0.427766  0.00820482
           9    0.422559    0.427188  0.00731354
          10    0.414392    0.425908  0.00669319
          11    0.382719    0.421982  0.00714411
          12    0.429442    0.422603  0.00657576
          13    0.454908    0.425088  0.00652258
          14    0.460661    0.427629  0.00653287
          15    0.441725    0.428569  0.00616456
          16    0.448449    0.429812  0.00590316
          17    0.459717    0.431571  0.00581213
          18    0.443774    0.432249  0.00552863
          19    0.441916    0.432757  0.00526101
          20    0.467129    0.434476  0.00527118
           1    0.465707    0.465707           0
           2    0.425673     0.44569   0.0141541
           3     0.42405    0.438476   0.0111233
           4    0.418678    0.433527  0.00937928
           5    0.386899    0.424201   0.0112194
           6    0.414157    0.422527  0.00947355
           7    0.429015    0.423454  0.00816539
           8    0.457953    0.427766  0.00820482
           9    0.422559    0.427188  0.00731354
          10    0.414392    0.425908  0.00669319
          11    0.382719    0.421982  0.00714411
          12    0.429442    0.422603  0.00657576
          13    0.454908    0.425088  0.00652258
          14    0.460661    0.427629  0.00653287
          15    0.441725    0.428569  0.00616456
          16    0.448449    0.429812  0.00590316
          17    0.459717    0.431571  0.00581213
          18    0.443774    0.432249  0.00552863
          19    0.441916    0.432757  0.00526101
          20    0.467129    0.434476  0.00527118
           1    0.465707    0.465707           0
           2    0.425673     0.44569   0.0141541
           3     0.42405    0.438476   0.0111233
           4    0.418678    0.433527  0.00937928
           5    0.386899    0.424201   0.0112194
           6    0.414157    0.422527  0.00947355
           7    0.429015    0.423454  0.00816539
           8    0.457953    0.427766  0.00820482
           9    0.422559    0.427188  0.00731354
          10    0.414392    0.425908  0.00669319
          11    0.382719    0.421982  0.00714411
          12    0.429442    0.422603  0.00657576
          13    0.454908    0.425088  0.00652258
          14    0.460661    0.427629  0.00653287
          15    0.441725    0.428569  0.00616456
          16    0.448449    0.429812  0.00590316
          17    0.459717    0.431571  0.00581213
          18    0.443774    0.432249  0.00552863
          19    0.441916    0.432757  0.00526101
          20    0.467129    0.434476  0.00527118
           1    0.460426    0.460426           0
           2    0.470579    0.465502  0.00358951
           3    0.432954    0.454653  0.00917609
           4    0.400872    0.441208   0.0135256
           5    0.456153    0.444197   0.0111458
           6     0.43969    0.443446  0.00931346
           7    0.437497    0.442596  0.00802164
           8    0.470258    0.446054  0.00772834
           9    0.459027    0.447495  0.00700277
          10    0.467754    0.449521  0.00658904
          11    0.417324    0.446594  0.00660825
          12    0.427421    0.444996  0.00624773
          13    0.422774    0.443287  0.00599643
          14    0.384602    0.439095  0.00687894
          15    0.414235    0.437438  0.00661699
          16    0.428147    0.436857  0.00622885
          17    0.457895    0.438095  0.00598411
          18    0.423204    0.437267  0.00570856
          19     0.41526    0.436109  0.00552436
          20    0.384266    0.433517  0.00582463
           1    0.435851    0.435851           0
           2    0.466923    0.451387   0.0109857
           3    0.464836     0.45587  0.00818755
           4    0.437506    0.451279  0.00731545
           5    0.396042    0.440231   0.0114841
           6    0.465459    0.444436   0.0103111
           7    0.427181    0.441971  0.00912797
           8     0.45327    0.443384  0.00809551
           9    0.461573    0.445405  0.00744402
          10    0.450564    0.445921  0.00671747
          11    0.466976    0.447835  0.00637367
          12    0.427198    0.446115   0.0060701
          13    0.421372    0.444212  0.00589402
          14    0.422081    0.442631  0.00568105
          15    0.378226    0.438337  0.00673207
          16    0.424067    0.437445  0.00637013
          17    0.417314    0.436261   0.0061045
          18    0.464494     0.43783  0.00596346
          19    0.428155     0.43732  0.00567129
          20    0.412602    0.436085  0.00552075
           1    0.435851    0.435851           0
           2    0.466923    0.451387   0.0109857
           3    0.464836     0.45587  0.00818755
           4    0.437506    0.451279  0.00731545
           5    0.396042    0.440231   0.0114841
           6    0.465459    0.444436   0.0103111
           7    0.427181    0.441971  0.00912797
           8     0.45327    0.443384  0.00809551
           9    0.461573    0.445405  0.00744402
          10    0.450564    0.445921  0.00671747
          11    0.466976    0.447835  0.00637367
          12    0.427198    0.446115   0.0060701
          13    0.421372    0.444212  0.00589402
          14    0.422081    0.442631  0.00568105
          15    0.378226    0.438337  0.00673207
          16    0.424067    0.437445  0.00637013
          17    0.417314    0.436261   0.0061045
          18    0.464494     0.43783  0.00596346
          19    0.428155     0.43732  0.00567129
          20    0.412602    0.436085  0.00552075
