           1     -0.7006     -0.7006           0
           2   -0.699896   -0.700248 0.000248902
           3   -0.704976   -0.701824  0.00129745
           4   -0.700528     -0.7015  0.00101274
           5    -0.69596   -0.700392  0.00128005
           6    -0.70536    -0.70122  0.00130736
           7   -0.699568   -0.700984   0.0011417
           8   -0.701176   -0.701008 0.000999238
           9   -0.701616   -0.701076 0.000890492
          10   -0.701584   -0.701126 0.000802893
          11   -0.701592   -0.701169 0.000731018
          12   -0.699216   -0.701006 0.000687973
          13   -0.702272   -0.701103 0.000641907
          14   -0.701728   -0.701148 0.000597605
          15   -0.698136   -0.700947 0.000590537
          16   -0.700192     -0.7009 0.000555512
          17    -0.69784    -0.70072 0.000551226
          18   -0.703136   -0.700854 0.000536695
          19   -0.701624   -0.700895 0.000509975
          20    -0.70368   -0.701034 0.000503132
           1     -0.7006     -0.7006           0
           2   -0.699896   -0.700248 0.000248902
           3   -0.704976   -0.701824  0.00129745
           4   -0.700528     -0.7015  0.00101274
           5    -0.69596   -0.700392  0.00128005
           6    -0.70536    -0.70122  0.00130736
           7   -0.699568   -0.700984   0.0011417
           8   -0.701176   -0.701008 0.000999238
           9   -0.701616   -0.701076 0.000890492
          10   -0.701584   -0.701126 0.000802893
          11   -0.701592   -0.701169 0.000731018
          12   -0.699216   -0.701006 0.000687973
          13   -0.702272   -0.701103 0.000641907
          14   -0.701728   -0.701148 0.000597605
          15   -0.698136   -0.700947 0.000590537
          16   -0.700192     -0.7009 0.000555512
          17    -0.69784    -0.70072 0.000551226
          18   -0.703136   -0.700854 0.000536695
          19   -0.701624   -0.700895 0.000509975
          20    -0.70368   -0.701034 0.000503132
           1     -0.7006     -0.7006           0
           2   -0.699896   -0.700248 0.000248902
           3   -0.704976   -0.701824  0.00129745
           4   -0.700528     -0.7015  0.00101274
           5    -0.69596   -0.700392  0.00128005
           6    -0.70536    -0.70122  0.00130736
           7   -0.699568   -0.700984   0.0011417
           8   -0.701176   -0.701008 0.000999238
           9   -0.701616   -0.701076 0.000890492
          10   -0.701584   -0.701126 0.000802893
          11   -0.701592   -0.701169 0.000731018
          12   -0.699216   -0.701006 0.000687973
          13   -0.702272   -0.701103 0.000641907
          14   -0.701728   -0.701148 0.000597605
          15   -0.698136   -0.700947 0.000590537
          16   -0.700192     -0.7009 0.000555512
          17    -0.69784    -0.70072 0.000551226
          18   -0.703136   -0.700854 0.000536695
          19   -0.701624   -0.700895 0.000509975
          20    -0.70368   -0.701034 0.000503132
           1   -0.700704   -0.700704           0
           2   -0.702968   -0.701836 0.000800445
           3   -0.699872   -0.701181 0.000755306
           4    -0.70124   -0.701196 0.000566622
           5   -0.700784   -0.701114  0.00045925
           6   -0.704344   -0.701652 0.000622919
           7    -0.70148   -0.701627 0.000534415
           8   -0.703168    -0.70182 0.000501109
           9   -0.702048   -0.701845  0.00044607
          10   -0.700832   -0.701744 0.000412812
          11    -0.69992   -0.701578 0.000407227
          12   -0.704896   -0.701855 0.000457625
          13   -0.700448   -0.701746 0.000435027
          14   -0.696176   -0.701349 0.000556944
          15   -0.705128   -0.701601 0.000573986
          16   -0.699544   -0.701472 0.000552316
          17   -0.701376   -0.701466 0.000519855
          18   -0.701472   -0.701467 0.000490975
          19   -0.701752   -0.701482 0.000465363
          20   -0.701608   -0.701488 0.000442138
           1   -0.701944   -0.701944           0
           2   -0.700432   -0.701188 0.000534573
           3    -0.70176   -0.701379 0.000388901
           4   -0.700272   -0.701102 0.000377469
           5   -0.701312   -0.701144 0.000304303
           6   -0.701264   -0.701164 0.000254242
           7   -0.704504   -0.701641 0.000492577
           8   -0.701544   -0.701629 0.000431154
           9    -0.70228   -0.701701 0.000389268
          10   -0.702896   -0.701821 0.000368218
          11   -0.701328   -0.701776 0.000337458
          12   -0.698504   -0.701503 0.000404772
          13   -0.705704   -0.701826 0.000485782
          14   -0.700184   -0.701709 0.000465034
          15   -0.696992   -0.701395 0.000529798
          16   -0.703408   -0.701521 0.000511411
          17   -0.700888   -0.701483 0.000482679
          18   -0.701712   -0.701496 0.000456031
          19   -0.700472   -0.701442 0.000435202
          20   -0.701872   -0.701464 0.000413973
           1   -0.701944   -0.701944           0
           2   -0.700432   -0.701188 0.000534573
           3    -0.70176   -0.701379 0.000388901
           4   -0.700272   -0.701102 0.000377469
           5   -0.701312   -0.701144 0.000304303
           6   -0.701264   -0.701164 0.000254242
           7   -0.704504   -0.701641 0.000492577
           8   -0.701544   -0.701629 0.000431154
           9    -0.70228   -0.701701 0.000389268
          10   -0.702896   -0.701821 0.000368218
          11   -0.701328   -0.701776 0.000337458
          12   -0.698504   -0.701503 0.000404772
          13   -0.705704   -0.701826 0.000485782
          14   -0.700184   -0.701709 0.000465034
          15   -0.696992   -0.701395 0.000529798
          16   -0.703408   -0.701521 0.000511411
          17   -0.700888   -0.701483 0.000482679
          18   -0.701712   -0.701496 0.000456031
          19   -0.700472   -0.701442 0.000435202
          20   -0.701872   -0.701464 0.000413973
