           1     0.40349     0.40349           0
           2    0.445716    0.424603   0.0149291
           3    0.416605    0.421937    0.010188
           4    0.427451    0.423315  0.00773366
           5    0.431285    0.424909  0.00634906
           6    0.450078    0.429104   0.0065312
           7    0.405492    0.425731  0.00641031
           8    0.407887      0.4235  0.00598449
           9    0.414643    0.422516  0.00539987
          10    0.426123    0.422877  0.00487191
          11    0.431884    0.423696   0.0044973
          12    0.408288    0.422412   0.0043019
          13    0.425382     0.42264  0.00397705
          14     0.43436    0.423477  0.00378005
          15    0.432151    0.424056    0.003572
          16     0.43528    0.424757  0.00341694
          17    0.450254    0.426257  0.00352979
          18    0.445078    0.427303  0.00348512
          19    0.427178    0.427296   0.0033017
          20    0.424244    0.427143  0.00314014
           1     0.40349     0.40349           0
           2    0.445716    0.424603   0.0149291
           3    0.416605    0.421937    0.010188
           4    0.427451    0.423315  0.00773366
           5    0.431285    0.424909  0.00634906
           6    0.450078    0.429104   0.0065312
           7    0.405492    0.425731  0.00641031
           8    0.407887      0.4235  0.00598449
           9    0.414643    0.422516  0.00539987
          10    0.426123    0.422877  0.00487191
          11    0.431884    0.423696   0.0044973
          12    0.408288    0.422412   0.0043019
          13    0.425382     0.42264  0.00397705
          14     0.43436    0.423477  0.00378005
          15    0.432151    0.424056    0.003572
          16     0.43528    0.424757  0.00341694
          17    0.450254    0.426257  0.00352979
          18    0.445078    0.427303  0.00348512
          19    0.427178    0.427296   0.0033017
          20    0.424244    0.427143  0.00314014
           1     0.40349     0.40349           0
           2    0.445716    0.424603   0.0149291
           3    0.416605    0.421937    0.010188
           4    0.427451    0.423315  0.00773366
           5    0.431285    0.424909  0.00634906
           6    0.450078    0.429104   0.0065312
           7    0.405492    0.425731  0.00641031
           8    0.407887      0.4235  0.00598449
           9    0.414643    0.422516  0.00539987
          10    0.426123    0.422877  0.00487191
          11    0.431884    0.423696   0.0044973
          12    0.408288    0.422412   0.0043019
          13    0.425382     0.42264  0.00397705
          14     0.43436    0.423477  0.00378005
          15    0.432151    0.424056    0.003572
          16     0.43528    0.424757  0.00341694
          17    0.450254    0.426257  0.00352979
          18    0.445078    0.427303  0.00348512
          19    0.427178    0.427296   0.0033017
          20    0.424244    0.427143  0.00314014
           1     0.41883     0.41883           0
           2    0.430416    0.424623  0.00409612
           3    0.441178    0.430142  0.00526861
           4    0.425839    0.429066   0.0040598
           5    0.447265    0.432706  0.00459867
           6    0.434882    0.433068   0.0038465
           7      0.4241    0.431787  0.00350389
           8    0.421812     0.43054  0.00328027
           9    0.422476    0.429644  0.00303571
          10    0.401732    0.426853  0.00380479
          11    0.445472    0.428546  0.00381689
          12    0.416629    0.427553   0.0036257
          13    0.428504    0.427626  0.00334754
          14    0.429578    0.427765  0.00311133
          15      0.4507    0.429294  0.00325801
          16    0.405881    0.427831  0.00336702
          17    0.408473    0.426692  0.00335598
          18    0.415433    0.426067  0.00322731
          19    0.425451    0.426034  0.00305761
          20    0.430912    0.426278  0.00291444
           1    0.431359    0.431359           0
           2    0.423057    0.427208  0.00293531
           3    0.433183    0.429199  0.00254441
           4    0.435375    0.430743   0.0023301
           5     0.42974    0.430543  0.00187271
           6    0.449387    0.433683  0.00326426
           7    0.427805    0.432843  0.00290394
           8    0.425373     0.43191  0.00268691
           9    0.420187    0.430607   0.0026856
          10    0.416864    0.429233  0.00274627
          11    0.414152    0.427862  0.00281812
          12    0.440975    0.428955  0.00278712
          13    0.416141    0.427969  0.00274149
          14     0.43066    0.428161   0.0025524
          15     0.43187    0.428408  0.00239419
          16    0.444843    0.429436  0.00245502
          17    0.408445    0.428201  0.00260264
          18    0.412395    0.427323  0.00260197
          19    0.421172    0.426999  0.00248508
          20    0.422497    0.426774    0.002371
           1    0.431359    0.431359           0
           2    0.423057    0.427208  0.00293531
           3    0.433183    0.429199  0.00254441
           4    0.435375    0.430743   0.0023301
           5     0.42974    0.430543  0.00187271
           6    0.449387    0.433683  0.00326426
           7    0.427805    0.432843  0.00290394
           8    0.425373     0.43191  0.00268691
           9    0.420187    0.430607   0.0026856
          10    0.416864    0.429233  0.00274627
          11    0.414152    0.427862  0.00281812
          12    0.440975    0.428955  0.00278712
          13    0.416141    0.427969  0.00274149
          14     0.43066    0.428161   0.0025524
          15     0.43187    0.428408  0.00239419
          16    0.444843    0.429436  0.00245502
          17    0.408445    0.428201  0.00260264
          18    0.412395    0.427323  0.00260197
          19    0.421172    0.426999  0.00248508
          20    0.422497    0.426774    0.002371
