           1    0.996824    0.996824           0
           2    0.996652    0.996738 6.08112e-05
           3    0.997532    0.997003 0.000219869
           4    0.997408    0.997104 0.000186799
           5    0.997116    0.997106 0.000149455
           6    0.996636    0.997028 0.000143645
           7    0.997516    0.997098 0.000139015
           8    0.997572    0.997157 0.000133684
           9      0.9982    0.997273 0.000161427
          10    0.996352    0.997181 0.000169528
          11    0.997716    0.997229 0.000160947
          12    0.998076      0.9973  0.00016226
          13    0.997232    0.997295 0.000149863
          14    0.997756    0.997328 0.000142734
          15    0.997148    0.997316  0.00013372
          16      0.9978    0.997346 0.000128742
          17    0.997372    0.997348 0.000121178
          18    0.997184    0.997338 0.000114786
          19     0.99838    0.997393  0.00012113
          20    0.997208    0.997384 0.000115427
