           1    0.708616    0.708616           0
           2    0.703204     0.70591  0.00191343
           3    0.717408    0.709743  0.00337936
           4    0.692016    0.705311   0.0045993
           5    0.722628    0.708774  0.00480982
           6    0.712652    0.709421  0.00405137
           7    0.716432    0.710422  0.00359429
           8    0.698636    0.708949   0.0034337
           9     0.70008    0.707964  0.00319045
          10    0.691928     0.70636   0.0032495
          11     0.71072    0.706756  0.00297816
          12    0.705424    0.706645  0.00273205
          13    0.676468    0.704324   0.0033666
          14    0.708004    0.704587  0.00313638
          15    0.700676    0.704326   0.0029381
          16    0.701356    0.704141  0.00276033
          17    0.710192    0.704496  0.00262081
          18    0.707052    0.704638  0.00247905
          19    0.698904    0.704337  0.00236688
          20    0.700616    0.704151  0.00225583
