           1    0.407895    0.407895           0
           2    0.448425     0.42816   0.0143293
           3    0.432852    0.429724  0.00963784
           4      0.4506    0.434943  0.00852513
           5    0.459972    0.439949  0.00815843
           6    0.432172    0.438653  0.00690087
           7    0.407307    0.434175   0.0072232
           8    0.421638    0.432608  0.00648807
           9    0.452424     0.43481  0.00612942
          10    0.406539    0.431982   0.0061339
          11    0.446793    0.433329  0.00572213
          12    0.475153    0.436814   0.0062168
          13    0.446266    0.437541  0.00578095
          14    0.415753    0.435985  0.00557357
          15    0.426677    0.435365  0.00523642
          16    0.418723    0.434324  0.00501138
          17    0.384469    0.431392  0.00550827
          18    0.432652    0.431462   0.0052027
          19    0.442523    0.432044  0.00496134
          20    0.452105    0.433047   0.0048136
           1    0.407895    0.407895           0
           2    0.448425     0.42816   0.0143293
           3    0.432852    0.429724  0.00963784
           4      0.4506    0.434943  0.00852513
           5    0.459972    0.439949  0.00815843
           6    0.432172    0.438653  0.00690087
           7    0.407307    0.434175   0.0072232
           8    0.421638    0.432608  0.00648807
           9    0.452424     0.43481  0.00612942
          10    0.406539    0.431982   0.0061339
          11    0.446793    0.433329  0.00572213
          12    0.475153    0.436814   0.0062168
          13    0.446266    0.437541  0.00578095
          14    0.415753    0.435985  0.00557357
          15    0.426677    0.435365  0.00523642
          16    0.418723    0.434324  0.00501138
          17    0.384469    0.431392  0.00550827
          18    0.432652    0.431462   0.0052027
          19    0.442523    0.432044  0.00496134
          20    0.452105    0.433047   0.0048136
           1    0.407895    0.407895           0
           2    0.448425     0.42816   0.0143293
           3    0.432852    0.429724  0.00963784
           4      0.4506    0.434943  0.00852513
           5    0.459972    0.439949  0.00815843
           6    0.432172    0.438653  0.00690087
           7    0.407307    0.434175   0.0072232
           8    0.421638    0.432608  0.00648807
           9    0.452424     0.43481  0.00612942
          10    0.406539    0.431982   0.0061339
          11    0.446793    0.433329  0.00572213
          12    0.475153    0.436814   0.0062168
          13    0.446266    0.437541  0.00578095
          14    0.415753    0.435985  0.00557357
          15    0.426677    0.435365  0.00523642
          16    0.418723    0.434324  0.00501138
          17    0.384469    0.431392  0.00550827
          18    0.432652    0.431462   0.0052027
          19    0.442523    0.432044  0.00496134
          20    0.452105    0.433047   0.0048136
           1    0.459561    0.459561           0
           2    0.472161    0.465861  0.00445475
           3    0.393383    0.441701   0.0199482
           4    0.421566    0.436668   0.0155834
           5    0.441398    0.437614   0.0124954
           6    0.444822    0.438815   0.0104704
           7    0.401455    0.433478    0.010245
           8    0.441106    0.434432  0.00900865
           9    0.425479    0.433437  0.00806242
          10    0.398343    0.429927   0.0079835
          11    0.450376    0.431786  0.00747103
          12    0.433427    0.431923  0.00684969
          13    0.450515    0.433353  0.00647037
          14    0.458572    0.435155  0.00625392
          15    0.429908    0.434805  0.00584677
          16    0.409168    0.433203  0.00569668
          17    0.420432    0.432451  0.00541088
          18    0.453287    0.433609  0.00523263
          19    0.409222    0.432325  0.00511222
          20    0.445623     0.43299  0.00489965
           1    0.393994    0.393994           0
           2    0.458164    0.426079   0.0226875
           3    0.452175    0.434778   0.0167096
           4    0.397627     0.42549   0.0148913
           5    0.413682    0.423129   0.0120989
           6    0.463496    0.429857   0.0118057
           7    0.439642    0.431254   0.0102016
           8    0.406373    0.428144  0.00938852
           9     0.43096    0.428457  0.00835056
          10    0.421438    0.427755  0.00754495
          11    0.418002    0.426869  0.00691095
          12    0.433472    0.427419  0.00635691
          13    0.422185    0.427016  0.00588065
          14    0.479069    0.430734  0.00653105
          15    0.433311    0.430906   0.0060979
          16     0.43782    0.431338  0.00573207
          17    0.411404    0.430166  0.00551353
          18    0.450847    0.431315  0.00532559
          19    0.413676    0.430386  0.00512558
          20    0.414762    0.429605  0.00492847
           1    0.393994    0.393994           0
           2    0.458164    0.426079   0.0226875
           3    0.452175    0.434778   0.0167096
           4    0.397627     0.42549   0.0148913
           5    0.413682    0.423129   0.0120989
           6    0.463496    0.429857   0.0118057
           7    0.439642    0.431254   0.0102016
           8    0.406373    0.428144  0.00938852
           9     0.43096    0.428457  0.00835056
          10    0.421438    0.427755  0.00754495
          11    0.418002    0.426869  0.00691095
          12    0.433472    0.427419  0.00635691
          13    0.422185    0.427016  0.00588065
          14    0.479069    0.430734  0.00653105
          15    0.433311    0.430906   0.0060979
          16     0.43782    0.431338  0.00573207
          17    0.411404    0.430166  0.00551353
          18    0.450847    0.431315  0.00532559
          19    0.413676    0.430386  0.00512558
          20    0.414762    0.429605  0.00492847
