           1     5.96789     5.96789      5.9539
           2     5.44573     5.70681     4.02953
           3      5.8514     5.75501     3.31721
           4     5.45436     5.67985     2.83537
           5     5.71597     5.68707     2.53877
           6     5.68548      5.6868     2.31717
           7     6.00401     5.73212     2.16267
           8     5.40769     5.69157      2.0088
           9     5.70159     5.69268     1.89413
          10     4.89508     5.61292     1.77317
          11       5.801     5.63002     1.69567
          12     5.57323     5.62529     1.62191
          13     5.54091     5.61879     1.55633
          14     5.90214     5.63903     1.50512
          15     5.70659     5.64354     1.45514
          16     5.96961     5.66392     1.41408
          17     6.03293     5.68562      1.3772
          18     6.04759     5.70573      1.3432
          19      5.2234     5.68035     1.30171
          20     5.62656     5.67766     1.26806
           1     5.96789     5.96789      5.9539
           2     5.44573     5.70681     4.02953
           3      5.8514     5.75501     3.31721
           4     5.45436     5.67985     2.83537
           5     5.71597     5.68707     2.53877
           6     5.68548      5.6868     2.31717
           7     6.00401     5.73212     2.16267
           8     5.40769     5.69157      2.0088
           9     5.70159     5.69268     1.89413
          10     4.89508     5.61292     1.77317
          11       5.801     5.63002     1.69567
          12     5.57323     5.62529     1.62191
          13     5.54091     5.61879     1.55633
          14     5.90214     5.63903     1.50512
          15     5.70659     5.64354     1.45514
          16     5.96961     5.66392     1.41408
          17     6.03293     5.68562      1.3772
          18     6.04759     5.70573      1.3432
          19      5.2234     5.68035     1.30171
          20     5.62656     5.67766     1.26806
           1     5.96789     5.96789      5.9539
           2     5.44573     5.70681     4.02953
           3      5.8514     5.75501     3.31721
           4     5.45436     5.67985     2.83537
           5     5.71597     5.68707     2.53877
           6     5.68548      5.6868     2.31717
           7     6.00401     5.73212     2.16267
           8     5.40769     5.69157      2.0088
           9     5.70159     5.69268     1.89413
          10     4.89508     5.61292     1.77317
          11       5.801     5.63002     1.69567
          12     5.57323     5.62529     1.62191
          13     5.54091     5.61879     1.55633
          14     5.90214     5.63903     1.50512
          15     5.70659     5.64354     1.45514
          16     5.96961     5.66392     1.41408
          17     6.03293     5.68562      1.3772
          18     6.04759     5.70573      1.3432
          19      5.2234     5.68035     1.30171
          20     5.62656     5.67766     1.26806
           1      5.8582      5.8582     5.84464
           2     5.90672     5.88246     4.15011
           3     5.93024     5.89839     3.39791
           4      5.5298     5.80624     2.89756
           5      4.8987     5.62473     2.51534
           6      5.9096     5.67221     2.31502
           7     5.89222     5.70364     2.15472
           8     5.43444     5.66999      2.0034
           9     5.66919      5.6699     1.88844
          10     5.92585      5.6955     1.79947
          11     5.50441     5.67812     1.71033
          12     5.85273     5.69268     1.64159
          13     5.35279     5.66653     1.56997
          14     5.81015     5.67679     1.51547
          15     5.65967     5.67565     1.46365
          16     6.02038     5.69719      1.4226
          17     5.42016      5.6809     1.37615
          18     5.69977     5.68195     1.33753
          19     4.88708     5.64011     1.29281
          20     5.81985      5.6491     1.26202
           1     4.83704     4.83704     4.82188
           2     5.88223     5.35964     3.79773
           3     5.81287     5.51071     3.18545
           4     5.91431     5.61161     2.80795
           5     5.44087     5.57746     2.49478
           6     5.16229     5.50827     2.24902
           7     5.76551     5.54502     2.09553
           8     6.02863     5.60547     1.98179
           9      5.3437     5.57638     1.85841
          10      5.8578     5.60453     1.77176
          11      5.7251     5.61549      1.6923
          12     5.62428     5.61622     1.62019
          13     5.94345     5.64139      1.5636
          14     5.25429     5.61374     1.49936
          15     5.88317      5.6317     1.45308
          16     5.53983     5.62596     1.40535
          17     5.95127      5.6451     1.36802
          18     5.33324     5.62777     1.32535
          19     5.75811     5.63463     1.29149
          20     5.04898     5.60535     1.25246
           1     4.83704     4.83704     4.82188
           2     5.88223     5.35964     3.79773
           3     5.81287     5.51071     3.18545
           4     5.91431     5.61161     2.80795
           5     5.44087     5.57746     2.49478
           6     5.16229     5.50827     2.24902
           7     5.76551     5.54502     2.09553
           8     6.02863     5.60547     1.98179
           9      5.3437     5.57638     1.85841
          10      5.8578     5.60453     1.77176
          11      5.7251     5.61549      1.6923
          12     5.62428     5.61622     1.62019
          13     5.94345     5.64139      1.5636
          14     5.25429     5.61374     1.49936
          15     5.88317      5.6317     1.45308
          16     5.53983     5.62596     1.40535
          17     5.95127      5.6451     1.36802
          18     5.33324     5.62777     1.32535
          19     5.75811     5.63463     1.29149
          20     5.04898     5.60535     1.25246
