           1   -0.518296   -0.518296           0
           2   -0.516528   -0.517412 0.000625082
           3   -0.517824   -0.517549 0.000431544
           4    -0.51572   -0.517092 0.000511488
           5   -0.517296   -0.517133 0.000410814
           6   -0.517216   -0.517147 0.000342579
           7   -0.516184   -0.517009 0.000320055
           8   -0.514456    -0.51669 0.000409326
           9   -0.516088   -0.516623  0.00036927
          10   -0.514168   -0.516378 0.000405832
          11   -0.519256   -0.516639  0.00044538
          12   -0.517056   -0.516674 0.000409617
          13   -0.517536    -0.51674 0.000383437
          14   -0.521256   -0.517063 0.000472628
          15   -0.518912   -0.517186 0.000456914
          16   -0.515288   -0.517068 0.000443491
          17   -0.517192   -0.517075 0.000417463
          18   -0.516752   -0.517057 0.000394656
          19   -0.514008   -0.516896 0.000405197
          20   -0.513288   -0.516716 0.000423203
           1   -0.518296   -0.518296           0
           2   -0.516528   -0.517412 0.000625082
           3   -0.517824   -0.517549 0.000431544
           4    -0.51572   -0.517092 0.000511488
           5   -0.517296   -0.517133 0.000410814
           6   -0.517216   -0.517147 0.000342579
           7   -0.516184   -0.517009 0.000320055
           8   -0.514456    -0.51669 0.000409326
           9   -0.516088   -0.516623  0.00036927
          10   -0.514168   -0.516378 0.000405832
          11   -0.519256   -0.516639  0.00044538
          12   -0.517056   -0.516674 0.000409617
          13   -0.517536    -0.51674 0.000383437
          14   -0.521256   -0.517063 0.000472628
          15   -0.518912   -0.517186 0.000456914
          16   -0.515288   -0.517068 0.000443491
          17   -0.517192   -0.517075 0.000417463
          18   -0.516752   -0.517057 0.000394656
          19   -0.514008   -0.516896 0.000405197
          20   -0.513288   -0.516716 0.000423203
           1     -0.5138     -0.5138           0
           2   -0.515312   -0.514556 0.000534573
           3   -0.518304   -0.515805  0.00108054
           4   -0.515264    -0.51567 0.000818835
           5   -0.517312   -0.515998 0.000717908
           6   -0.521296   -0.516881  0.00100377
           7   -0.518552    -0.51712 0.000888295
           8   -0.515968   -0.516976 0.000788843
           9   -0.513264   -0.516564   0.0008018
          10   -0.518624    -0.51677 0.000747625
          11   -0.516128   -0.516711 0.000681931
          12   -0.517792   -0.516801 0.000631022
          13   -0.516104   -0.516748 0.000584758
          14   -0.516904   -0.516759 0.000543096
          15   -0.517544   -0.516811 0.000509406
          16     -0.5162   -0.516773 0.000478998
          17   -0.514608   -0.516646 0.000467445
          18   -0.516096   -0.516615 0.000442472
          19    -0.51404    -0.51648 0.000439451
          20   -0.519272   -0.516619 0.000439099
           1   -0.510496   -0.510496           0
           2   -0.514232   -0.512364  0.00132088
           3   -0.516072     -0.5136  0.00133936
           4   -0.518208   -0.514752  0.00141577
           5    -0.51448   -0.514698  0.00113366
           6   -0.517856   -0.515224  0.00105991
           7    -0.52104   -0.516055   0.0011904
           8   -0.518352   -0.516342  0.00107568
           9   -0.515408   -0.516238 0.000961151
          10    -0.51384   -0.515998 0.000894455
          11    -0.51896   -0.516268   0.0008527
          12   -0.515696    -0.51622 0.000782971
          13    -0.51844   -0.516391 0.000741131
          14   -0.516072   -0.516368 0.000688543
          15   -0.516288   -0.516363 0.000642661
          16   -0.517456   -0.516431 0.000606116
          17   -0.515728    -0.51639 0.000571871
          18   -0.515976   -0.516367 0.000540562
          19   -0.514088   -0.516247 0.000525247
          20   -0.517088   -0.516289 0.000500666
