           1    -0.88716    -0.88716           0
           2   -0.893752   -0.890456  0.00233062
           3   -0.890672   -0.890528  0.00155486
           4   -0.889336    -0.89023  0.00119436
           5   -0.896832    -0.89155  0.00151912
           6    -0.88848   -0.891039  0.00134937
           7   -0.892056   -0.891184  0.00116441
           8   -0.884208   -0.890312  0.00130515
           9      -0.894   -0.890722  0.00122277
          10   -0.894552   -0.891105  0.00115893
          11   -0.897536   -0.891689  0.00119196
          12   -0.901912   -0.892541  0.00136347
          13   -0.888928   -0.892263  0.00128661
          14   -0.892336   -0.892269  0.00119472
          15    -0.89204   -0.892253  0.00111517
          16   -0.882568   -0.891648  0.00119855
          17   -0.887368   -0.891396  0.00115419
          18   -0.892264   -0.891444  0.00109108
          19   -0.887584   -0.891241   0.0010524
          20   -0.885608    -0.89096  0.00103679
           1    -0.88716    -0.88716           0
           2   -0.893752   -0.890456  0.00233062
           3   -0.890672   -0.890528  0.00155486
           4   -0.889336    -0.89023  0.00119436
           5   -0.896832    -0.89155  0.00151912
           6    -0.88848   -0.891039  0.00134937
           7   -0.892056   -0.891184  0.00116441
           8   -0.884208   -0.890312  0.00130515
           9      -0.894   -0.890722  0.00122277
          10   -0.894552   -0.891105  0.00115893
          11   -0.897536   -0.891689  0.00119196
          12   -0.901912   -0.892541  0.00136347
          13   -0.888928   -0.892263  0.00128661
          14   -0.892336   -0.892269  0.00119472
          15    -0.89204   -0.892253  0.00111517
          16   -0.882568   -0.891648  0.00119855
          17   -0.887368   -0.891396  0.00115419
          18   -0.892264   -0.891444  0.00109108
          19   -0.887584   -0.891241   0.0010524
          20   -0.885608    -0.89096  0.00103679
           1    -0.88716    -0.88716           0
           2   -0.893752   -0.890456  0.00233062
           3   -0.890672   -0.890528  0.00155486
           4   -0.889336    -0.89023  0.00119436
           5   -0.896832    -0.89155  0.00151912
           6    -0.88848   -0.891039  0.00134937
           7   -0.892056   -0.891184  0.00116441
           8   -0.884208   -0.890312  0.00130515
           9      -0.894   -0.890722  0.00122277
          10   -0.894552   -0.891105  0.00115893
          11   -0.897536   -0.891689  0.00119196
          12   -0.901912   -0.892541  0.00136347
          13   -0.888928   -0.892263  0.00128661
          14   -0.892336   -0.892269  0.00119472
          15    -0.89204   -0.892253  0.00111517
          16   -0.882568   -0.891648  0.00119855
          17   -0.887368   -0.891396  0.00115419
          18   -0.892264   -0.891444  0.00109108
          19   -0.887584   -0.891241   0.0010524
          20   -0.885608    -0.89096  0.00103679
           1   -0.896336   -0.896336           0
           2   -0.888392   -0.892364  0.00280863
           3    -0.88892   -0.891216  0.00209393
           4   -0.888864   -0.890628  0.00165095
           5   -0.888432   -0.890189  0.00137794
           6   -0.882064   -0.888835  0.00168719
           7    -0.89468    -0.88967  0.00163984
           8   -0.889176   -0.889608  0.00143602
           9   -0.887104    -0.88933  0.00130314
          10   -0.886112   -0.889008   0.0012119
          11    -0.89352   -0.889418  0.00116908
          12   -0.890648   -0.889521  0.00107614
          13   -0.889312   -0.889505 0.000993483
          14   -0.897048   -0.890043   0.0010586
          15   -0.888728   -0.889956 0.000991648
          16    -0.89172   -0.890066 0.000935781
          17   -0.884392   -0.889732 0.000938371
          18   -0.893648    -0.88995 0.000911107
          19   -0.894528   -0.890191 0.000894449
          20   -0.897824   -0.890572 0.000927588
           1   -0.893552   -0.893552           0
           2   -0.894408    -0.89398 0.000302642
           3   -0.886096   -0.891352  0.00215522
           4   -0.888288   -0.890586  0.00174724
           5   -0.891128   -0.890694  0.00140115
           6   -0.886632   -0.890017  0.00132112
           7   -0.885656   -0.889394  0.00127084
           8   -0.892984   -0.889843  0.00118857
           9   -0.888576   -0.889702  0.00106481
          10   -0.886632   -0.889395  0.00100161
          11   -0.885144   -0.889009 0.000982293
          12   -0.895104   -0.889517  0.00102337
          13   -0.890592   -0.889599 0.000947986
          14   -0.893488   -0.889877 0.000920065
          15   -0.893168   -0.890097 0.000884497
          16   -0.888904   -0.890022 0.000832351
          17   -0.891096   -0.890085 0.000785783
          18    -0.88324   -0.889705 0.000829059
          19   -0.895128    -0.88999  0.00083311
          20   -0.897176    -0.89035 0.000865466
           1   -0.893552   -0.893552           0
           2   -0.894408    -0.89398 0.000302642
           3   -0.886096   -0.891352  0.00215522
           4   -0.888288   -0.890586  0.00174724
           5   -0.891128   -0.890694  0.00140115
           6   -0.886632   -0.890017  0.00132112
           7   -0.885656   -0.889394  0.00127084
           8   -0.892984   -0.889843  0.00118857
           9   -0.888576   -0.889702  0.00106481
          10   -0.886632   -0.889395  0.00100161
          11   -0.885144   -0.889009 0.000982293
          12   -0.895104   -0.889517  0.00102337
          13   -0.890592   -0.889599 0.000947986
          14   -0.893488   -0.889877 0.000920065
          15   -0.893168   -0.890097 0.000884497
          16   -0.888904   -0.890022 0.000832351
          17   -0.891096   -0.890085 0.000785783
          18    -0.88324   -0.889705 0.000829059
          19   -0.895128    -0.88999  0.00083311
          20   -0.897176    -0.89035 0.000865466
