           1   -0.490648   -0.490648           0
           2   -0.496768   -0.493708  0.00216375
           3    -0.49072   -0.492712  0.00165594
           4    -0.49532   -0.493364  0.00136429
           5    -0.49292   -0.493275  0.00109432
           6      -0.496   -0.493729  0.00100174
           7   -0.491064   -0.493349 0.000928181
           8   -0.492304   -0.493218 0.000821291
           9    -0.49044   -0.492909 0.000785902
          10   -0.496888   -0.493307 0.000801722
          11    -0.49184   -0.493174 0.000739851
          12   -0.493096   -0.493167 0.000678225
          13     -0.4918   -0.493062 0.000634157
          14   -0.494528   -0.493167 0.000597441
          15   -0.493816    -0.49321 0.000559177
          16   -0.493936   -0.493256 0.000526065
          17   -0.494784   -0.493345 0.000502745
          18   -0.491136   -0.493223  0.00048957
          19   -0.493048   -0.493213 0.000463889
          20   -0.491984   -0.493152 0.000444749
           1   -0.490648   -0.490648           0
           2   -0.496768   -0.493708  0.00216375
           3    -0.49072   -0.492712  0.00165594
           4    -0.49532   -0.493364  0.00136429
           5    -0.49292   -0.493275  0.00109432
           6      -0.496   -0.493729  0.00100174
           7   -0.491064   -0.493349 0.000928181
           8   -0.492304   -0.493218 0.000821291
           9    -0.49044   -0.492909 0.000785902
          10   -0.496888   -0.493307 0.000801722
          11    -0.49184   -0.493174 0.000739851
          12   -0.493096   -0.493167 0.000678225
          13     -0.4918   -0.493062 0.000634157
          14   -0.494528   -0.493167 0.000597441
          15   -0.493816    -0.49321 0.000559177
          16   -0.493936   -0.493256 0.000526065
          17   -0.494784   -0.493345 0.000502745
          18   -0.491136   -0.493223  0.00048957
          19   -0.493048   -0.493213 0.000463889
          20   -0.491984   -0.493152 0.000444749
           1   -0.494752   -0.494752           0
           2   -0.490016   -0.492384  0.00167443
           3   -0.493448   -0.492739  0.00115324
           4    -0.49088   -0.492274 0.000953958
           5   -0.495696   -0.492958 0.000978338
           6   -0.492968    -0.49296 0.000815283
           7   -0.496576   -0.493477 0.000846798
           8   -0.492512   -0.493356 0.000749482
           9   -0.490992   -0.493093 0.000710745
          10   -0.490704   -0.492854 0.000678645
          11   -0.496696   -0.493204 0.000701075
          12   -0.491032   -0.493023 0.000665599
          13   -0.495136   -0.493185  0.00063394
          14   -0.493384   -0.493199 0.000588818
          15   -0.495432   -0.493348 0.000568063
          16   -0.491272   -0.493219  0.00054718
          17   -0.492456   -0.493174 0.000516828
          18    -0.49024   -0.493011  0.00051317
          19   -0.496864   -0.493213 0.000524708
          20   -0.491592   -0.493132 0.000504697
           1   -0.490632   -0.490632           0
           2   -0.494856   -0.492744  0.00149341
           3   -0.490264   -0.491917  0.00120284
           4   -0.493544   -0.492324 0.000968436
           5   -0.491312   -0.492122 0.000795618
           6    -0.49508   -0.492615 0.000801364
           7   -0.493392   -0.492726 0.000694535
           8   -0.496336   -0.493177 0.000739948
           9   -0.491464   -0.492987 0.000681771
          10   -0.492704   -0.492958  0.00061418
          11   -0.490136   -0.492702 0.000609589
          12   -0.497256   -0.493081  0.00066654
          13   -0.490664   -0.492895  0.00064068
          14   -0.494976   -0.493044 0.000611912
          15   -0.493608   -0.493082 0.000572271
          16    -0.49476   -0.493186 0.000546034
          17   -0.490928   -0.493054  0.00052983
          18     -0.4938   -0.493095 0.000502015
          19    -0.49028   -0.492947 0.000496977
          20   -0.495744   -0.493087 0.000491412
