           1     -0.9626     -0.9626           0
           2    -0.97924    -0.97092  0.00588313
           3    -0.97892   -0.973587  0.00448592
           4   -0.968424   -0.972296  0.00354525
           5   -0.972496   -0.972336  0.00283643
           6   -0.984168   -0.974308  0.00297114
           7   -0.980264   -0.975159  0.00266574
           8   -0.962776   -0.973611  0.00274537
           9   -0.980312   -0.974356  0.00253929
          10   -0.973016   -0.974222  0.00228889
          11   -0.969832   -0.973823  0.00211531
          12    -0.97264   -0.973724  0.00194133
          13   -0.969496   -0.973399  0.00181903
          14   -0.972936   -0.973366   0.0016894
          15   -0.972888   -0.973334  0.00157707
          16   -0.974408   -0.973401  0.00147994
          17   -0.967872   -0.973076  0.00142817
          18   -0.975576   -0.973215  0.00135557
          19   -0.980704   -0.973609  0.00134031
          20   -0.969432     -0.9734  0.00128946
           1     -0.9626     -0.9626           0
           2    -0.97924    -0.97092  0.00588313
           3    -0.97892   -0.973587  0.00448592
           4   -0.968424   -0.972296  0.00354525
           5   -0.972496   -0.972336  0.00283643
           6   -0.984168   -0.974308  0.00297114
           7   -0.980264   -0.975159  0.00266574
           8   -0.962776   -0.973611  0.00274537
           9   -0.980312   -0.974356  0.00253929
          10   -0.973016   -0.974222  0.00228889
          11   -0.969832   -0.973823  0.00211531
          12    -0.97264   -0.973724  0.00194133
          13   -0.969496   -0.973399  0.00181903
          14   -0.972936   -0.973366   0.0016894
          15   -0.972888   -0.973334  0.00157707
          16   -0.974408   -0.973401  0.00147994
          17   -0.967872   -0.973076  0.00142817
          18   -0.975576   -0.973215  0.00135557
          19   -0.980704   -0.973609  0.00134031
          20   -0.969432     -0.9734  0.00128946
           1     -0.9626     -0.9626           0
           2    -0.97924    -0.97092  0.00588313
           3    -0.97892   -0.973587  0.00448592
           4   -0.968424   -0.972296  0.00354525
           5   -0.972496   -0.972336  0.00283643
           6   -0.984168   -0.974308  0.00297114
           7   -0.980264   -0.975159  0.00266574
           8   -0.962776   -0.973611  0.00274537
           9   -0.980312   -0.974356  0.00253929
          10   -0.973016   -0.974222  0.00228889
          11   -0.969832   -0.973823  0.00211531
          12    -0.97264   -0.973724  0.00194133
          13   -0.969496   -0.973399  0.00181903
          14   -0.972936   -0.973366   0.0016894
          15   -0.972888   -0.973334  0.00157707
          16   -0.974408   -0.973401  0.00147994
          17   -0.967872   -0.973076  0.00142817
          18   -0.975576   -0.973215  0.00135557
          19   -0.980704   -0.973609  0.00134031
          20   -0.969432     -0.9734  0.00128946
           1   -0.965696   -0.965696           0
           2   -0.964432   -0.965064 0.000446891
           3   -0.966312    -0.96548 0.000451809
           4   -0.967728   -0.966042 0.000593049
           5    -0.96536   -0.965906 0.000489874
           6    -0.97596   -0.967581  0.00158326
           7    -0.96908   -0.967795  0.00137148
           8     -0.9584   -0.966621  0.00162695
           9   -0.967872    -0.96676  0.00145211
          10   -0.961864    -0.96627  0.00138698
          11    -0.97924   -0.967449  0.00168927
          12    -0.97892   -0.968405  0.00179873
          13   -0.968424   -0.968407  0.00166036
          14   -0.972752   -0.968717  0.00157051
          15   -0.983928   -0.969731  0.00176305
          16   -0.980248   -0.970389  0.00177115
          17   -0.963496   -0.969983  0.00171274
          18   -0.979592   -0.970517  0.00169875
          19   -0.973016   -0.970648  0.00161443
          20    -0.97072   -0.970652  0.00153371
           1   -0.965696   -0.965696           0
           1   -0.964296   -0.964296           0
           2   -0.963864    -0.96408 0.000152735
           3    -0.96528    -0.96448 0.000342103
           4     -0.9628    -0.96406  0.00044512
           5   -0.971496   -0.965547  0.00137703
           6   -0.964888   -0.965437   0.0011519
           7   -0.971816   -0.966349  0.00129868
           8   -0.967984   -0.966553  0.00115233
           9   -0.963768   -0.966244  0.00106503
          10   -0.965904    -0.96621 0.000959067
          11   -0.965552    -0.96615  0.00087374
          12   -0.979136   -0.967232  0.00130958
          13    -0.97664   -0.967956  0.00139454
          14   -0.969512   -0.968067  0.00129936
          15   -0.973584   -0.968435  0.00126372
          16      -0.983   -0.969345  0.00147666
          17   -0.981008   -0.970031  0.00154095
          18   -0.960784   -0.969517  0.00153859
          19   -0.983088   -0.970232  0.00161491
          20     -0.9728    -0.97036  0.00153926
           1   -0.964296   -0.964296           0
           2   -0.963864    -0.96408 0.000152735
           3    -0.96528    -0.96448 0.000342103
           4     -0.9628    -0.96406  0.00044512
           5   -0.971496   -0.965547  0.00137703
           6   -0.964888   -0.965437   0.0011519
           7   -0.971816   -0.966349  0.00129868
           8   -0.967984   -0.966553  0.00115233
           9   -0.963768   -0.966244  0.00106503
          10   -0.965904    -0.96621 0.000959067
          11   -0.965552    -0.96615  0.00087374
          12   -0.979136   -0.967232  0.00130958
          13    -0.97664   -0.967956  0.00139454
          14   -0.969512   -0.968067  0.00129936
          15   -0.973584   -0.968435  0.00126372
          16      -0.983   -0.969345  0.00147666
          17   -0.981008   -0.970031  0.00154095
          18   -0.960784   -0.969517  0.00153859
          19   -0.983088   -0.970232  0.00161491
          20     -0.9728    -0.97036  0.00153926
