           1    0.260124    0.260124           0
           2    0.252651    0.256387  0.00264189
           3    0.263211    0.258662  0.00255947
           4    0.245638    0.255406  0.00341108
           5    0.255716    0.255468  0.00272943
           6    0.260572    0.256319  0.00240341
           7    0.258243    0.256594  0.00207572
           8    0.256805     0.25662  0.00181642
           9    0.259837    0.256978   0.0016494
          10    0.255563    0.256836  0.00149051
          11    0.256397    0.256796  0.00135555
          12    0.260002    0.257063  0.00126863
          13    0.256812    0.257044  0.00117119
          14     0.25814    0.257122  0.00109015
          15    0.261217    0.257395  0.00105109
          16     0.25372    0.257166  0.00101019
          17    0.255924    0.257092 0.000953404
          18    0.254648    0.256957  0.00091006
          19    0.267232    0.257497  0.00101016
          20      0.2662    0.257933  0.00104919
           1    0.260124    0.260124           0
           2    0.252651    0.256387  0.00264189
           3    0.263211    0.258662  0.00255947
           4    0.245638    0.255406  0.00341108
           5    0.255716    0.255468  0.00272943
           6    0.260572    0.256319  0.00240341
           7    0.258243    0.256594  0.00207572
           8    0.256805     0.25662  0.00181642
           9    0.259837    0.256978   0.0016494
          10    0.255563    0.256836  0.00149051
          11    0.256397    0.256796  0.00135555
          12    0.260002    0.257063  0.00126863
          13    0.256812    0.257044  0.00117119
          14     0.25814    0.257122  0.00109015
          15    0.261217    0.257395  0.00105109
          16     0.25372    0.257166  0.00101019
          17    0.255924    0.257092 0.000953404
          18    0.254648    0.256957  0.00091006
          19    0.267232    0.257497  0.00101016
          20      0.2662    0.257933  0.00104919
           1    0.255245    0.255245           0
           2    0.261567    0.258406  0.00223522
           3    0.260506    0.259106  0.00159603
           4    0.266509    0.260957  0.00200047
           5    0.255523     0.25987  0.00187245
           6    0.255784    0.259189  0.00167965
           7    0.259895     0.25929  0.00144273
           8    0.263795    0.259853  0.00136788
           9    0.256628    0.259495  0.00126195
          10    0.260502    0.259595  0.00113977
          11    0.253523    0.259043   0.0011622
          12    0.261676    0.259263  0.00108586
          13    0.247247    0.258339   0.0013391
          14    0.254862     0.25809  0.00126627
          15    0.261304    0.258304  0.00119985
          16     0.25788    0.258278  0.00112515
          17    0.257282    0.258219  0.00106049
          18    0.258919    0.258258  0.00100228
          19    0.255932    0.258136 0.000956976
          20    0.256214     0.25804 0.000913938
           1    0.254705    0.254705           0
           2    0.255786    0.255245 0.000382156
           3    0.261832    0.257441   0.0018108
           4    0.261477     0.25845  0.00161496
           5    0.264267    0.259613  0.00165893
           6    0.256792    0.259143  0.00144756
           7    0.255906    0.258681  0.00131258
           8    0.262138    0.259113  0.00121759
           9    0.262468    0.259486  0.00113793
          10    0.255879    0.259125  0.00107978
          11    0.258818    0.259097 0.000981982
          12    0.253265    0.258611  0.00101331
          13    0.263371    0.258977 0.000999321
          14    0.243676    0.257884  0.00140368
          15    0.261557    0.258129  0.00133129
          16    0.258804    0.258171  0.00124875
          17     0.25873    0.258204  0.00117572
          18     0.25553    0.258055  0.00111975
          19    0.260065    0.258161   0.0010658
          20    0.256473    0.258077  0.00101585
