           1   -0.846272   -0.846272           0
           2   -0.841944   -0.844108  0.00153018
           3   -0.852864   -0.847027  0.00259224
           4     -0.8444    -0.84637  0.00202565
           5    -0.84948   -0.846992  0.00171336
           6   -0.846384   -0.846891  0.00143079
           7   -0.848912   -0.847179  0.00125519
           8    -0.84912   -0.847422  0.00112149
           9   -0.849344   -0.847636  0.00101701
          10   -0.852496   -0.848122  0.00102489
          11   -0.855008   -0.848748  0.00110652
          12   -0.847344   -0.848631  0.00102048
          13    -0.84788   -0.848573  0.00094361
          14   -0.848016   -0.848533 0.000877048
          15    -0.84748   -0.848463 0.000821383
          16   -0.842904   -0.848116  0.00084032
          17   -0.851528   -0.848316 0.000814512
          18   -0.847768   -0.848286 0.000769831
          19   -0.840512   -0.847877 0.000830956
          20   -0.853152    -0.84814 0.000830217
           1   -0.846272   -0.846272           0
           2   -0.841944   -0.844108  0.00153018
           3   -0.852864   -0.847027  0.00259224
           4     -0.8444    -0.84637  0.00202565
           5    -0.84948   -0.846992  0.00171336
           6   -0.846384   -0.846891  0.00143079
           7   -0.848912   -0.847179  0.00125519
           8    -0.84912   -0.847422  0.00112149
           9   -0.849344   -0.847636  0.00101701
          10   -0.852496   -0.848122  0.00102489
          11   -0.855008   -0.848748  0.00110652
          12   -0.847344   -0.848631  0.00102048
          13    -0.84788   -0.848573  0.00094361
          14   -0.848016   -0.848533 0.000877048
          15    -0.84748   -0.848463 0.000821383
          16   -0.842904   -0.848116  0.00084032
          17   -0.851528   -0.848316 0.000814512
          18   -0.847768   -0.848286 0.000769831
          19   -0.840512   -0.847877 0.000830956
          20   -0.853152    -0.84814 0.000830217
           1   -0.846272   -0.846272           0
           2   -0.841944   -0.844108  0.00153018
           3   -0.852864   -0.847027  0.00259224
           4     -0.8444    -0.84637  0.00202565
           5    -0.84948   -0.846992  0.00171336
           6   -0.846384   -0.846891  0.00143079
           7   -0.848912   -0.847179  0.00125519
           8    -0.84912   -0.847422  0.00112149
           9   -0.849344   -0.847636  0.00101701
          10   -0.852496   -0.848122  0.00102489
          11   -0.855008   -0.848748  0.00110652
          12   -0.847344   -0.848631  0.00102048
          13    -0.84788   -0.848573  0.00094361
          14   -0.848016   -0.848533 0.000877048
          15    -0.84748   -0.848463 0.000821383
          16   -0.842904   -0.848116  0.00084032
          17   -0.851528   -0.848316 0.000814512
          18   -0.847768   -0.848286 0.000769831
          19   -0.840512   -0.847877 0.000830956
          20   -0.853152    -0.84814 0.000830217
           1    -0.85056    -0.85056           0
           2    -0.84868    -0.84962  0.00066468
           3   -0.853312   -0.850851   0.0010982
           4   -0.844552   -0.849276  0.00159314
           5   -0.843408   -0.848102  0.00165113
           6   -0.853032   -0.848924  0.00156708
           7   -0.852504   -0.849435  0.00142422
           8   -0.847384   -0.849179  0.00126907
           9   -0.848544   -0.849108  0.00113002
          10   -0.846512   -0.848849  0.00104642
          11   -0.842432   -0.848265  0.00110196
          12    -0.85208   -0.848583  0.00105498
          13    -0.84464    -0.84828   0.0010165
          14   -0.849696   -0.848381 0.000948915
          15   -0.846272   -0.848241 0.000896012
          16   -0.848368   -0.848249 0.000840046
          17   -0.849392   -0.848316  0.00079332
          18    -0.84936   -0.848374 0.000751365
          19     -0.8526   -0.848596 0.000744016
          20   -0.854968   -0.848915 0.000772018
           1   -0.851784   -0.851784           0
           2   -0.850768   -0.851276  0.00035921
           3   -0.848304   -0.850285  0.00084358
           4   -0.851448   -0.850576 0.000680923
           5   -0.847024   -0.849866 0.000836943
           6   -0.842328   -0.848609  0.00134224
           7   -0.853872   -0.849361  0.00134466
           8    -0.85304   -0.849821  0.00125274
           9     -0.8496   -0.849796  0.00111379
          10   -0.846944   -0.849511  0.00103829
          11     -0.8434   -0.848956  0.00108238
          12   -0.844848   -0.848613  0.00104491
          13   -0.854136   -0.849038  0.00104733
          14   -0.843088   -0.848613  0.00105524
          15    -0.85016   -0.848716 0.000989919
          16   -0.845248     -0.8485 0.000951486
          17   -0.852208   -0.848718 0.000920184
          18    -0.84624    -0.84858 0.000879297
          19   -0.851976   -0.848759 0.000850991
          20   -0.849536   -0.848798 0.000809328
           1   -0.851784   -0.851784           0
           2   -0.850768   -0.851276  0.00035921
           3   -0.848304   -0.850285  0.00084358
           4   -0.851448   -0.850576 0.000680923
           5   -0.847024   -0.849866 0.000836943
           6   -0.842328   -0.848609  0.00134224
           7   -0.853872   -0.849361  0.00134466
           8    -0.85304   -0.849821  0.00125274
           9     -0.8496   -0.849796  0.00111379
          10   -0.846944   -0.849511  0.00103829
          11     -0.8434   -0.848956  0.00108238
          12   -0.844848   -0.848613  0.00104491
          13   -0.854136   -0.849038  0.00104733
          14   -0.843088   -0.848613  0.00105524
          15    -0.85016   -0.848716 0.000989919
          16   -0.845248     -0.8485 0.000951486
          17   -0.852208   -0.848718 0.000920184
          18    -0.84624    -0.84858 0.000879297
          19   -0.851976   -0.848759 0.000850991
          20   -0.849536   -0.848798 0.000809328
