           1   -0.503216   -0.503216           0
           2   -0.505616   -0.504416 0.000848528
           3    -0.50488   -0.504571  0.00057961
           4      -0.505   -0.504678 0.000444535
           5    -0.50764    -0.50527 0.000638139
           6   -0.502712   -0.504844 0.000659019
           7   -0.507032   -0.505157 0.000634686
           8   -0.503568   -0.504958  0.00058559
           9   -0.501568   -0.504581 0.000630126
          10   -0.505936   -0.504717 0.000581493
          11   -0.501464   -0.504421 0.000599119
          12   -0.506264   -0.504575 0.000568536
          13   -0.502416   -0.504409 0.000548516
          14   -0.504112   -0.504387 0.000509745
          15   -0.503352   -0.504318 0.000480413
          16     -0.5056   -0.504398 0.000457016
          17   -0.503464   -0.504344 0.000433426
          18    -0.50868   -0.504584 0.000471572
          19   -0.502784    -0.50449 0.000456174
          20   -0.502976   -0.504414 0.000439599
           1   -0.503216   -0.503216           0
           2   -0.505616   -0.504416 0.000848528
           3    -0.50488   -0.504571  0.00057961
           4      -0.505   -0.504678 0.000444535
           5    -0.50764    -0.50527 0.000638139
           6   -0.502712   -0.504844 0.000659019
           7   -0.507032   -0.505157 0.000634686
           8   -0.503568   -0.504958  0.00058559
           9   -0.501568   -0.504581 0.000630126
          10   -0.505936   -0.504717 0.000581493
          11   -0.501464   -0.504421 0.000599119
          12   -0.506264   -0.504575 0.000568536
          13   -0.502416   -0.504409 0.000548516
          14   -0.504112   -0.504387 0.000509745
          15   -0.503352   -0.504318 0.000480413
          16     -0.5056   -0.504398 0.000457016
          17   -0.503464   -0.504344 0.000433426
          18    -0.50868   -0.504584 0.000471572
          19   -0.502784    -0.50449 0.000456174
          20   -0.502976   -0.504414 0.000439599
           1   -0.504704   -0.504704           0
           2   -0.506192   -0.505448 0.000526087
           3   -0.509032   -0.506643  0.00103658
           4    -0.50724   -0.506792 0.000788117
           5   -0.504376   -0.506309   0.0007644
           6    -0.50472   -0.506044 0.000681324
           7      -0.505   -0.505895 0.000600093
           8   -0.502368   -0.505454 0.000667661
           9   -0.502496   -0.505125 0.000669503
          10   -0.502824   -0.504895 0.000640886
          11   -0.505528   -0.504953   0.0005852
          12   -0.504792   -0.504939 0.000536586
          13   -0.505528   -0.504985 0.000497217
          14   -0.507504   -0.505165 0.000493193
          15   -0.502472   -0.504985 0.000491897
          16   -0.506816     -0.5051 0.000474277
          17   -0.503832   -0.505025 0.000452201
          18    -0.50188    -0.50485 0.000459595
          19   -0.505216   -0.504869 0.000435808
          20   -0.502296   -0.504741 0.000432597
           1    -0.50576    -0.50576           0
           2     -0.5036    -0.50468 0.000763675
           3    -0.50872   -0.506027   0.0012117
           4   -0.507136   -0.506304 0.000939974
           5   -0.507656   -0.506574 0.000789915
           6   -0.503776   -0.506108 0.000783954
           7   -0.505864   -0.506073 0.000672735
           8     -0.5044   -0.505864 0.000620302
           9   -0.501552   -0.505385 0.000712784
          10   -0.503176   -0.505164 0.000674865
          11   -0.502472   -0.504919 0.000656388
          12    -0.50588   -0.504999 0.000606552
          13   -0.504968   -0.504997 0.000559899
          14   -0.504872   -0.504988 0.000519977
          15    -0.50764   -0.505165 0.000514492
          16   -0.503304   -0.505049 0.000495307
          17   -0.506616   -0.505141 0.000474676
          18   -0.502856   -0.505014 0.000464966
          19   -0.502384   -0.504875 0.000460634
          20   -0.505928   -0.504928 0.000440599
