           1    0.250774    0.250774           0
           2    0.250335    0.250554 0.000155064
           3    0.248925    0.250011 0.000455421
           4    0.251637    0.250418 0.000490507
           5    0.248763    0.250087 0.000491577
           6    0.250003    0.250073 0.000409843
           7    0.248457    0.249842 0.000411172
           8    0.246331    0.249403 0.000545901
           9    0.249786    0.249446 0.000486898
          10    0.239657    0.248467  0.00102686
          11    0.247488    0.248378 0.000937358
          12    0.249745    0.248492 0.000866139
          13    0.254285    0.248937 0.000906924
          14    0.248714    0.248921 0.000842284
          15    0.252841    0.249183 0.000825665
          16    0.244515    0.248891 0.000823981
          17    0.245721    0.248704 0.000796336
          18    0.250206    0.248788 0.000756453
          19     0.24158    0.248408  0.00080617
          20    0.247658    0.248371 0.000766735
           1    0.250774    0.250774           0
           2    0.250335    0.250554 0.000155064
           3    0.248925    0.250011 0.000455421
           4    0.251637    0.250418 0.000490507
           5    0.248763    0.250087 0.000491577
           6    0.250003    0.250073 0.000409843
           7    0.248457    0.249842 0.000411172
           8    0.246331    0.249403 0.000545901
           9    0.249786    0.249446 0.000486898
          10    0.239657    0.248467  0.00102686
          11    0.247488    0.248378 0.000937358
          12    0.249745    0.248492 0.000866139
          13    0.254285    0.248937 0.000906924
          14    0.248714    0.248921 0.000842284
          15    0.252841    0.249183 0.000825665
          16    0.244515    0.248891 0.000823981
          17    0.245721    0.248704 0.000796336
          18    0.250206    0.248788 0.000756453
          19     0.24158    0.248408  0.00080617
          20    0.247658    0.248371 0.000766735
           1    0.252538    0.252538           0
           2    0.245125    0.248832  0.00262095
           3    0.249197    0.248954  0.00175013
           4    0.251659     0.24963  0.00143739
           5    0.244987    0.248701  0.00141855
           6    0.243161    0.247778  0.00145186
           7    0.246167    0.247548  0.00126255
           8    0.257902    0.248842  0.00163892
           9    0.256104    0.249649  0.00164349
          10    0.250843    0.249768  0.00148347
          11    0.250376    0.249824  0.00134964
          12    0.248903    0.249747  0.00123935
          13    0.251936    0.249915  0.00115539
          14    0.248529    0.249816   0.0010771
          15    0.250008    0.249829  0.00100537
          16    0.248546    0.249749 0.000945729
          17    0.246355    0.249549 0.000910921
          18    0.249604    0.249552  0.00086032
          19     0.23947    0.249022 0.000964923
          20    0.247683    0.248955 0.000918994
           1    0.251557    0.251557           0
           2    0.250386    0.250971 0.000413888
           3    0.244121    0.248688  0.00188465
           4    0.250613    0.249169  0.00147366
           5    0.249064    0.249148  0.00117908
           6    0.243228    0.248162  0.00133301
           7    0.243995    0.247566  0.00126852
           8     0.25201    0.248122  0.00122554
           9    0.254303    0.248809  0.00126728
          10    0.258435    0.249771   0.0014611
          11    0.249579    0.249754  0.00132838
          12    0.247475    0.249564  0.00123118
          13    0.251982     0.24975  0.00115044
          14    0.249008    0.249697  0.00106948
          15    0.251988     0.24985  0.00100903
          16    0.249062      0.2498 0.000947168
          17    0.247269    0.249651 0.000903085
          18    0.247693    0.249543 0.000859445
          19    0.248309    0.249478 0.000816659
          20    0.239103    0.248959 0.000926039
