           1     4.50608     4.50608     4.49104
           2     4.47882     4.49245     3.16605
           3     4.32373     4.43621     2.55301
           4     4.45537       4.441     2.21319
           5     4.69551      4.4919     2.00267
           6     4.64525     4.51746     1.83863
           7     4.58969     4.52778     1.70608
           8     4.27169     4.49577     1.58473
           9     4.55215     4.50203     1.49616
          10     4.51657     4.50349      1.4198
          11     4.24829     4.48029     1.34685
          12     4.68293     4.49717     1.29444
          13     4.39694     4.48946     1.24146
          14     4.54466     4.49341     1.19734
          15     4.31567     4.48156     1.15367
          16     4.62384     4.49045     1.11927
          17     4.40615     4.48549     1.08463
          18     4.16021     4.46742     1.04992
          19     4.31831     4.45957      1.0201
          20     4.43037     4.45811    0.993916
           1     4.50608     4.50608     4.49104
           2     4.47882     4.49245     3.16605
           3     4.32373     4.43621     2.55301
           4     4.45537       4.441     2.21319
           5     4.69551      4.4919     2.00267
           6     4.64525     4.51746     1.83863
           7     4.58969     4.52778     1.70608
           8     4.27169     4.49577     1.58473
           9     4.55215     4.50203     1.49616
          10     4.51657     4.50349      1.4198
          11     4.24829     4.48029     1.34685
          12     4.68293     4.49717     1.29444
          13     4.39694     4.48946     1.24146
          14     4.54466     4.49341     1.19734
          15     4.31567     4.48156     1.15367
          16     4.62384     4.49045     1.11927
          17     4.40615     4.48549     1.08463
          18     4.16021     4.46742     1.04992
          19     4.31831     4.45957      1.0201
          20     4.43037     4.45811    0.993916
           1     4.50608     4.50608     4.49104
           2     4.47882     4.49245     3.16605
           3     4.32373     4.43621     2.55301
           4     4.45537       4.441     2.21319
           5     4.69551      4.4919     2.00267
           6     4.64525     4.51746     1.83863
           7     4.58969     4.52778     1.70608
           8     4.27169     4.49577     1.58473
           9     4.55215     4.50203     1.49616
          10     4.51657     4.50349      1.4198
          11     4.24829     4.48029     1.34685
          12     4.68293     4.49717     1.29444
          13     4.39694     4.48946     1.24146
          14     4.54466     4.49341     1.19734
          15     4.31567     4.48156     1.15367
          16     4.62384     4.49045     1.11927
          17     4.40615     4.48549     1.08463
          18     4.16021     4.46742     1.04992
          19     4.31831     4.45957      1.0201
          20     4.43037     4.45811    0.993916
           1     4.18631     4.18631     4.17016
           2     4.45335     4.31983     3.04462
           3     4.29743     4.31236     2.48119
           4     4.05116     4.24706     2.11662
           5     4.87687     4.37302     1.95272
           6     4.45035     4.38591     1.78728
           7     4.36505     4.38293     1.65316
           8     4.68635     4.42086     1.55992
           9     4.08898     4.38398     1.45862
          10     4.49188     4.39477     1.38699
          11     4.49392     4.40379     1.32502
          12     4.34727     4.39908     1.26712
          13     4.44816     4.40285     1.21833
          14     4.70311      4.4243     1.17981
          15     4.62101     4.43741     1.14315
          16     4.57959      4.4463     1.10902
          17     4.26951      4.4359     1.07334
          18     4.57897     4.44385     1.04495
          19     4.50774     4.44721      1.0178
          20     4.24219     4.43696     0.98973
           1     4.36817     4.36817      4.3526
           2     4.32581     4.34699     3.06297
           3     4.48375     4.39258     2.52728
           4     4.34777     4.38137     2.18302
           5     4.06557     4.31821     1.92498
           6     4.83989     4.40516     1.79449
           7     4.33563     4.39523     1.65736
           8     4.47255     4.40489     1.55351
           9     4.58617     4.42503     1.47134
          10     4.29799     4.41233     1.39175
          11      4.3974     4.41097     1.32647
          12     4.49785     4.41821     1.27203
          13     4.22369     4.40325     1.21799
          14     4.58645     4.41633     1.17718
          15     4.66075     4.43263     1.14149
          16     4.57831     4.44173     1.10749
          17     4.59954     4.45102     1.07666
          18     4.33948     4.44482     1.04482
          19     4.46426     4.44584     1.01715
          20     4.54607     4.45085      0.9925
           1     4.36817     4.36817      4.3526
           2     4.32581     4.34699     3.06297
           3     4.48375     4.39258     2.52728
           4     4.34777     4.38137     2.18302
           5     4.06557     4.31821     1.92498
           6     4.83989     4.40516     1.79449
           7     4.33563     4.39523     1.65736
           8     4.47255     4.40489     1.55351
           9     4.58617     4.42503     1.47134
          10     4.29799     4.41233     1.39175
          11      4.3974     4.41097     1.32647
          12     4.49785     4.41821     1.27203
          13     4.22369     4.40325     1.21799
          14     4.58645     4.41633     1.17718
          15     4.66075     4.43263     1.14149
          16     4.57831     4.44173     1.10749
          17     4.59954     4.45102     1.07666
          18     4.33948     4.44482     1.04482
          19     4.46426     4.44584     1.01715
          20     4.54607     4.45085      0.9925
