           1     2.35644     2.35644     2.33952
           2     2.37055      2.3635     1.65902
           3     2.31483     2.34728     1.34524
           4     2.49543     2.38431     1.18415
           5      2.2668     2.36081     1.04875
           6     2.31217      2.3527    0.954019
           7     2.33133     2.34965    0.882014
           8     2.36062     2.35102    0.825461
           9     2.41994     2.35868    0.780837
          10     2.47779     2.37059    0.744621
          11     2.40045     2.37331    0.710755
          12     2.36508     2.37262    0.680278
          13     2.36441     2.37199    0.653373
          14     2.35925     2.37108    0.629355
          15     2.29332      2.3659    0.606692
          16     2.28772     2.36101    0.586226
          17     2.23924     2.35385    0.567004
          18     2.32172     2.35206     0.55059
          19     2.22629     2.34544    0.534403
          20     2.43326     2.34983    0.521876
           1     2.35644     2.35644     2.33952
           2     2.37055      2.3635     1.65902
           3     2.31483     2.34728     1.34524
           4     2.49543     2.38431     1.18415
           5      2.2668     2.36081     1.04875
           6     2.31217      2.3527    0.954019
           7     2.33133     2.34965    0.882014
           8     2.36062     2.35102    0.825461
           9     2.41994     2.35868    0.780837
          10     2.47779     2.37059    0.744621
          11     2.40045     2.37331    0.710755
          12     2.36508     2.37262    0.680278
          13     2.36441     2.37199    0.653373
          14     2.35925     2.37108    0.629355
          15     2.29332      2.3659    0.606692
          16     2.28772     2.36101    0.586226
          17     2.23924     2.35385    0.567004
          18     2.32172     2.35206     0.55059
          19     2.22629     2.34544    0.534403
          20     2.43326     2.34983    0.521876
           1     2.42669     2.42669     2.41094
           2     2.20192     2.31431     1.62636
           3     2.36029     2.32963     1.33631
           4     2.28965     2.31964     1.15203
           5     2.25365     2.30644      1.0244
           6     2.27658     2.30146    0.933049
           7     2.35371     2.30893    0.866651
           8     2.44109     2.32545    0.816672
           9     2.26252     2.31846    0.767563
          10     2.34812     2.32142     0.72908
          11     2.35644     2.32461    0.696065
          12     2.31794     2.32405    0.666232
          13     2.49907     2.33751    0.643969
          14     2.27965     2.33338    0.619429
          15     2.30852     2.33172    0.597977
          16      2.3312     2.33169    0.578956
          17     2.36391     2.33359    0.562108
          18     2.42334     2.33857    0.547461
          19     2.46027     2.34498    0.534362
          20     2.41709     2.34858    0.521635
           1     2.28981     2.28981     2.27318
           2     2.42764     2.35872     1.65719
           3     2.19037      2.3026      1.3208
           4     2.37678     2.32115     1.15301
           5     2.29023     2.31497     1.02834
           6      2.2672       2.307    0.935417
           7     2.26824     2.30147    0.863875
           8     2.38797     2.31228    0.811942
           9     2.40034     2.32206    0.768806
          10     2.28278     2.31814    0.728036
          11     2.36843     2.32271    0.695519
          12     2.32798     2.32315    0.665998
          13     2.32742     2.32348    0.639924
          14     2.53316     2.33845    0.620832
          15      2.2221      2.3307    0.597797
          16     2.36396     2.33278    0.579316
          17     2.30341     2.33105    0.561574
          18     2.41518     2.33572    0.546849
          19     2.35257     2.33661    0.532453
          20      2.4618     2.34287    0.520399
