           1     5.84171     5.84171     5.82733
           2     6.56587     6.20379      4.3848
           3     6.63986     6.34914     3.66414
           4     6.55145     6.39972     3.19754
           5     6.70342     6.46046     2.88694
           6     6.56779     6.47835     2.64225
           7     5.77773     6.37826     2.40979
           8     5.91938      6.3209     2.23408
           9     6.21732     6.30939     2.10204
          10     6.14942     6.29339      1.9889
          11      5.8643     6.25438     1.88469
          12     6.68927     6.29063     1.81503
          13     6.95476     6.34171     1.75847
          14     6.76808     6.37217     1.70269
          15     6.13225     6.35617     1.64072
          16      5.6347     6.31108     1.57776
          17     6.49865     6.32211     1.53317
          18     6.59167     6.33709     1.49342
          19     6.19784     6.32976     1.45177
          20     6.66175     6.34636     1.41869
           1     5.84171     5.84171     5.82733
           2     6.56587     6.20379      4.3848
           3     6.63986     6.34914     3.66414
           4     6.55145     6.39972     3.19754
           5     6.70342     6.46046     2.88694
           6     6.56779     6.47835     2.64225
           7     5.77773     6.37826     2.40979
           8     5.91938      6.3209     2.23408
           9     6.21732     6.30939     2.10204
          10     6.14942     6.29339      1.9889
          11      5.8643     6.25438     1.88469
          12     6.68927     6.29063     1.81503
          13     6.95476     6.34171     1.75847
          14     6.76808     6.37217     1.70269
          15     6.13225     6.35617     1.64072
          16      5.6347     6.31108     1.57776
          17     6.49865     6.32211     1.53317
          18     6.59167     6.33709     1.49342
          19     6.19784     6.32976     1.45177
          20     6.66175     6.34636     1.41869
           1     5.84171     5.84171     5.82733
           2     6.56587     6.20379      4.3848
           3     6.63986     6.34914     3.66414
           4     6.55145     6.39972     3.19754
           5     6.70342     6.46046     2.88694
           6     6.56779     6.47835     2.64225
           7     5.77773     6.37826     2.40979
           8     5.91938      6.3209     2.23408
           9     6.21732     6.30939     2.10204
          10     6.14942     6.29339      1.9889
          11      5.8643     6.25438     1.88469
          12     6.68927     6.29063     1.81503
          13     6.95476     6.34171     1.75847
          14     6.76808     6.37217     1.70269
          15     6.13225     6.35617     1.64072
          16      5.6347     6.31108     1.57776
          17     6.49865     6.32211     1.53317
          18     6.59167     6.33709     1.49342
          19     6.19784     6.32976     1.45177
          20     6.66175     6.34636     1.41869
           1     6.69859     6.69859     6.68702
           2     6.02607     6.36233     4.49609
           3     6.33607     6.35358     3.66444
           4      6.0302     6.27273     3.13312
           5     6.46075     6.31034     2.81883
           6     6.85794      6.4016     2.61139
           7     6.51507     6.41781     2.42345
           8     6.15061     6.38441     2.25501
           9      6.7011      6.4196     2.13777
          10     5.77505     6.35515     2.00838
          11     6.59702     6.37713     1.92143
          12      6.6552     6.40031     1.84626
          13     6.50274     6.40819     1.77585
          14     6.73303     6.43139     1.71746
          15     6.60265     6.44281     1.66209
          16     5.74652     6.39929     1.59886
          17     5.85096     6.36703     1.54349
          18     6.32149      6.3645     1.49926
          19     6.11848     6.35155     1.45626
          20     5.89304     6.32863     1.41433
           1     6.65522     6.65522     6.64216
           2     6.53531     6.59526     4.65503
           3     6.05032     6.41362     3.69856
           4     6.36509     6.40149     3.19645
           5     6.11485     6.34416     2.83345
           6     6.29916     6.33666     2.58322
           7     6.75527     6.39646      2.4146
           8     6.59406     6.42116     2.26732
           9     6.35458     6.41376     2.13501
          10     6.53774     6.42616     2.02926
          11     6.14482     6.40058     1.92714
          12     6.12723      6.3778     1.83855
          13      6.8591     6.41483     1.77698
          14      6.5029     6.42112     1.71394
          15     6.66681      6.4375     1.66006
          16     6.50256     6.44156     1.60829
          17     5.82972     6.40557     1.55186
          18     5.76217     6.36983     1.50004
          19     6.29424     6.36585     1.45902
          20      6.4126     6.36819     1.42253
           1     6.65522     6.65522     6.64216
           2     6.53531     6.59526     4.65503
           3     6.05032     6.41362     3.69856
           4     6.36509     6.40149     3.19645
           5     6.11485     6.34416     2.83345
           6     6.29916     6.33666     2.58322
           7     6.75527     6.39646      2.4146
           8     6.59406     6.42116     2.26732
           9     6.35458     6.41376     2.13501
          10     6.53774     6.42616     2.02926
          11     6.14482     6.40058     1.92714
          12     6.12723      6.3778     1.83855
          13      6.8591     6.41483     1.77698
          14      6.5029     6.42112     1.71394
          15     6.66681      6.4375     1.66006
          16     6.50256     6.44156     1.60829
          17     5.82972     6.40557     1.55186
          18     5.76217     6.36983     1.50004
          19     6.29424     6.36585     1.45902
          20      6.4126     6.36819     1.42253
