           1   -0.938928   -0.938928           0
           2   -0.928176   -0.933552  0.00380141
           3   -0.941504   -0.936203  0.00333265
           4   -0.936856   -0.936366  0.00250349
           5   -0.935696   -0.936232  0.00200637
           6   -0.930456   -0.935269  0.00188886
           7   -0.933248   -0.934981  0.00164094
           8    -0.93092   -0.934473  0.00151229
           9   -0.929328   -0.933901  0.00144828
          10    -0.93392   -0.933903  0.00130345
          11   -0.934936   -0.933997  0.00118834
          12   -0.930712   -0.933723   0.0011204
          13   -0.931408   -0.933545  0.00104827
          14   -0.936936   -0.933787  0.00100098
          15   -0.946536   -0.934637  0.00124379
          16   -0.928928    -0.93428  0.00121616
          17   -0.932096   -0.934152  0.00115139
          18   -0.940752   -0.934519  0.00114432
          19   -0.935952   -0.934594  0.00108658
          20   -0.940872   -0.934908  0.00107663
           1   -0.938928   -0.938928           0
           2   -0.928176   -0.933552  0.00380141
           3   -0.941504   -0.936203  0.00333265
           4   -0.936856   -0.936366  0.00250349
           5   -0.935696   -0.936232  0.00200637
           6   -0.930456   -0.935269  0.00188886
           7   -0.933248   -0.934981  0.00164094
           8    -0.93092   -0.934473  0.00151229
           9   -0.929328   -0.933901  0.00144828
          10    -0.93392   -0.933903  0.00130345
          11   -0.934936   -0.933997  0.00118834
          12   -0.930712   -0.933723   0.0011204
          13   -0.931408   -0.933545  0.00104827
          14   -0.936936   -0.933787  0.00100098
          15   -0.946536   -0.934637  0.00124379
          16   -0.928928    -0.93428  0.00121616
          17   -0.932096   -0.934152  0.00115139
          18   -0.940752   -0.934519  0.00114432
          19   -0.935952   -0.934594  0.00108658
          20   -0.940872   -0.934908  0.00107663
           1   -0.938928   -0.938928           0
           2   -0.928176   -0.933552  0.00380141
           3   -0.941504   -0.936203  0.00333265
           4   -0.936856   -0.936366  0.00250349
           5   -0.935696   -0.936232  0.00200637
           6   -0.930456   -0.935269  0.00188886
           7   -0.933248   -0.934981  0.00164094
           8    -0.93092   -0.934473  0.00151229
           9   -0.929328   -0.933901  0.00144828
          10    -0.93392   -0.933903  0.00130345
          11   -0.934936   -0.933997  0.00118834
          12   -0.930712   -0.933723   0.0011204
          13   -0.931408   -0.933545  0.00104827
          14   -0.936936   -0.933787  0.00100098
          15   -0.946536   -0.934637  0.00124379
          16   -0.928928    -0.93428  0.00121616
          17   -0.932096   -0.934152  0.00115139
          18   -0.940752   -0.934519  0.00114432
          19   -0.935952   -0.934594  0.00108658
          20   -0.940872   -0.934908  0.00107663
           1    -0.93628    -0.93628           0
           2    -0.93176    -0.93402  0.00159806
           3   -0.939608   -0.935883  0.00185689
           4   -0.936368   -0.936004  0.00139663
           5   -0.937168   -0.936237  0.00113654
           6   -0.926096   -0.934547  0.00181038
           7   -0.936104   -0.934769  0.00156537
           8   -0.937432   -0.935102  0.00140464
           9    -0.94156    -0.93582  0.00142007
          10   -0.939656   -0.936203  0.00132888
          11    -0.92732   -0.935396  0.00143259
          12   -0.941384   -0.935895  0.00139742
          13   -0.936768   -0.935962  0.00129154
          14   -0.936296   -0.935986  0.00119951
          15    -0.93048   -0.935619  0.00117436
          16   -0.933304   -0.935474  0.00110983
          17   -0.930952   -0.935208  0.00107595
          18    -0.92932   -0.934881  0.00106474
          19   -0.934352   -0.934853  0.00100907
          20   -0.934488   -0.934835 0.000958779
           1   -0.940368   -0.940368           0
           2   -0.933792    -0.93708  0.00232497
           3   -0.934512   -0.936224  0.00170027
           4   -0.938592   -0.936816  0.00137441
           5   -0.935072   -0.936467  0.00114293
           6    -0.93616   -0.936416 0.000953586
           7   -0.925984   -0.934926  0.00160367
           8   -0.937864   -0.935293  0.00144466
           9   -0.937408   -0.935528  0.00130311
          10   -0.942624   -0.936238  0.00135227
          11   -0.935888   -0.936206  0.00122971
          12   -0.933096   -0.935947  0.00115422
          13     -0.9378   -0.936089   0.0010742
          14   -0.940568   -0.936409  0.00104402
          15   -0.934056   -0.936252 0.000986139
          16   -0.926608    -0.93565  0.00109331
          17   -0.936136   -0.935678  0.00102937
          18   -0.933912    -0.93558 0.000976851
          19   -0.927352   -0.935147  0.00101691
          20    -0.93324   -0.935052 0.000970521
           1   -0.940368   -0.940368           0
           2   -0.933792    -0.93708  0.00232497
           3   -0.934512   -0.936224  0.00170027
           4   -0.938592   -0.936816  0.00137441
           5   -0.935072   -0.936467  0.00114293
           6    -0.93616   -0.936416 0.000953586
           7   -0.925984   -0.934926  0.00160367
           8   -0.937864   -0.935293  0.00144466
           9   -0.937408   -0.935528  0.00130311
          10   -0.942624   -0.936238  0.00135227
          11   -0.935888   -0.936206  0.00122971
          12   -0.933096   -0.935947  0.00115422
          13     -0.9378   -0.936089   0.0010742
          14   -0.940568   -0.936409  0.00104402
          15   -0.934056   -0.936252 0.000986139
          16   -0.926608    -0.93565  0.00109331
          17   -0.936136   -0.935678  0.00102937
          18   -0.933912    -0.93558 0.000976851
          19   -0.927352   -0.935147  0.00101691
          20    -0.93324   -0.935052 0.000970521
