           1    0.346015    0.346015           0
           2    0.362176    0.354095  0.00571378
           3    0.350849    0.353013  0.00391031
           4    0.369232    0.357068  0.00457516
           5      0.3589    0.357434  0.00367478
           6    0.361326    0.358083  0.00311902
           7    0.349711    0.356887  0.00289369
           8     0.35753    0.356967   0.0025331
           9     0.36417    0.357768  0.00237471
          10    0.361109    0.358102  0.00216063
          11    0.352198    0.357565  0.00202976
          12    0.352299    0.357126  0.00190747
          13    0.352363     0.35676  0.00179559
          14    0.350161    0.356289  0.00172809
          15    0.357972    0.356401  0.00161653
          16    0.355735    0.356359  0.00151603
          17    0.358187    0.356467  0.00143066
          18    0.340814    0.355597   0.0015937
          19    0.360048    0.355831  0.00152694
          20    0.364573    0.356268  0.00151186
           1    0.346015    0.346015           0
           2    0.362176    0.354095  0.00571378
           3    0.350849    0.353013  0.00391031
           4    0.369232    0.357068  0.00457516
           5      0.3589    0.357434  0.00367478
           6    0.361326    0.358083  0.00311902
           7    0.349711    0.356887  0.00289369
           8     0.35753    0.356967   0.0025331
           9     0.36417    0.357768  0.00237471
          10    0.361109    0.358102  0.00216063
          11    0.352198    0.357565  0.00202976
          12    0.352299    0.357126  0.00190747
          13    0.352363     0.35676  0.00179559
          14    0.350161    0.356289  0.00172809
          15    0.357972    0.356401  0.00161653
          16    0.355735    0.356359  0.00151603
          17    0.358187    0.356467  0.00143066
          18    0.340814    0.355597   0.0015937
          19    0.360048    0.355831  0.00152694
          20    0.364573    0.356268  0.00151186
           1    0.346015    0.346015           0
           2    0.362176    0.354095  0.00571378
           3    0.350849    0.353013  0.00391031
           4    0.369232    0.357068  0.00457516
           5      0.3589    0.357434  0.00367478
           6    0.361326    0.358083  0.00311902
           7    0.349711    0.356887  0.00289369
           8     0.35753    0.356967   0.0025331
           9     0.36417    0.357768  0.00237471
          10    0.361109    0.358102  0.00216063
          11    0.352198    0.357565  0.00202976
          12    0.352299    0.357126  0.00190747
          13    0.352363     0.35676  0.00179559
          14    0.350161    0.356289  0.00172809
          15    0.357972    0.356401  0.00161653
          16    0.355735    0.356359  0.00151603
          17    0.358187    0.356467  0.00143066
          18    0.340814    0.355597   0.0015937
          19    0.360048    0.355831  0.00152694
          20    0.364573    0.356268  0.00151186
           1    0.354673    0.354673           0
           2    0.373307     0.36399   0.0065881
           3     0.34664    0.358207  0.00644894
           4    0.369427    0.361012  0.00541249
           5    0.359842    0.360778  0.00433505
           6    0.357622    0.360252  0.00364432
           7    0.361731    0.360463  0.00312982
           8    0.370039     0.36166  0.00295865
           9    0.355433    0.360968   0.0027096
          10     0.34709     0.35958  0.00277134
          11    0.360025    0.359621   0.0025197
          12    0.351546    0.358948  0.00239788
          13    0.369256    0.359741  0.00234086
          14    0.359679    0.359736  0.00217366
          15    0.361284     0.35984  0.00203119
          16    0.349589    0.359199  0.00200274
          17    0.356792    0.359057  0.00188993
          18    0.365628    0.359422  0.00181985
          19     0.36027    0.359467  0.00172462
          20    0.352709    0.359129  0.00167116
           1    0.351708    0.351708           0
           2    0.354716    0.353212  0.00106324
           3    0.373669    0.360031  0.00561277
           4    0.351488    0.357895  0.00459801
           5    0.364004    0.359117   0.0038373
           6    0.362046    0.359605  0.00322866
           7    0.356938    0.359224  0.00278982
           8    0.356709     0.35891  0.00245875
           9    0.377009    0.360921  0.00289337
          10    0.352819    0.360111   0.0027151
          11    0.345661    0.358797  0.00276786
          12    0.362202    0.359081   0.0025517
          13    0.353512    0.358652  0.00239111
          14    0.367266    0.359268  0.00229811
          15    0.358519    0.359218  0.00214545
          16    0.357269    0.359096  0.00201481
          17     0.35157    0.358653  0.00194432
          18    0.362752    0.358881  0.00184959
          19    0.359217    0.358899  0.00175233
          20    0.361095    0.359008  0.00166815
           1    0.351708    0.351708           0
           2    0.354716    0.353212  0.00106324
           3    0.373669    0.360031  0.00561277
           4    0.351488    0.357895  0.00459801
           5    0.364004    0.359117   0.0038373
           6    0.362046    0.359605  0.00322866
           7    0.356938    0.359224  0.00278982
           8    0.356709     0.35891  0.00245875
           9    0.377009    0.360921  0.00289337
          10    0.352819    0.360111   0.0027151
          11    0.345661    0.358797  0.00276786
          12    0.362202    0.359081   0.0025517
          13    0.353512    0.358652  0.00239111
          14    0.367266    0.359268  0.00229811
          15    0.358519    0.359218  0.00214545
          16    0.357269    0.359096  0.00201481
          17     0.35157    0.358653  0.00194432
          18    0.362752    0.358881  0.00184959
          19    0.359217    0.358899  0.00175233
          20    0.361095    0.359008  0.00166815
