           1    0.865748    0.865748           0
           2    0.861164    0.863456  0.00162069
           3    0.885328    0.870747  0.00605006
           4    0.872828    0.871267  0.00455987
           5    0.876044    0.872222  0.00374665
           6    0.867544    0.871443  0.00320232
           7    0.862756    0.870202  0.00297559
           8    0.863568    0.869373  0.00271672
           9    0.870124    0.869456  0.00241615
          10    0.867356    0.869246  0.00218364
          11    0.865132    0.868872   0.0020169
          12     0.86642    0.868668  0.00185915
          13    0.866984    0.868538  0.00172064
          14    0.872736    0.868838  0.00162365
          15    0.858536    0.868151   0.0016543
          16     0.87474    0.868563  0.00160134
          17    0.859056    0.868004  0.00160182
          18     0.87076    0.868157  0.00152013
          19    0.866404    0.868065  0.00144292
          20    0.872464    0.868285  0.00138744
