           1      0.2396      0.2396           0
           2     0.23549    0.237545  0.00145295
           3    0.241064    0.238718   0.0013622
           4    0.238847     0.23875  0.00102203
           5    0.240165    0.239033  0.00085591
           6    0.242708    0.239646 0.000906239
           7    0.237445    0.239331  0.00082951
           8    0.241298    0.239577 0.000761378
           9    0.244497    0.240124  0.00085065
          10    0.239677    0.240079 0.000766756
          11    0.242418    0.240292 0.000725927
          12    0.242045    0.240438 0.000679976
          13    0.241126    0.240491 0.000629728
          14    0.239162    0.240396 0.000591858
          15    0.236232    0.240118 0.000614054
          16    0.244865    0.240415 0.000643352
          17    0.241671    0.240489 0.000609736
          18     0.24168    0.240555 0.000579441
          19    0.245707    0.240826 0.000609089
          20    0.236697     0.24062 0.000612632
           1      0.2396      0.2396           0
           2     0.23549    0.237545  0.00145295
           3    0.241064    0.238718   0.0013622
           4    0.238847     0.23875  0.00102203
           5    0.240165    0.239033  0.00085591
           6    0.242708    0.239646 0.000906239
           7    0.237445    0.239331  0.00082951
           8    0.241298    0.239577 0.000761378
           9    0.244497    0.240124  0.00085065
          10    0.239677    0.240079 0.000766756
          11    0.242418    0.240292 0.000725927
          12    0.242045    0.240438 0.000679976
          13    0.241126    0.240491 0.000629728
          14    0.239162    0.240396 0.000591858
          15    0.236232    0.240118 0.000614054
          16    0.244865    0.240415 0.000643352
          17    0.241671    0.240489 0.000609736
          18     0.24168    0.240555 0.000579441
          19    0.245707    0.240826 0.000609089
          20    0.236697     0.24062 0.000612632
           1    0.239835    0.239835           0
           2    0.240386     0.24011 0.000194773
           3    0.241763    0.240661 0.000468279
           4     0.24088    0.240716 0.000354383
           5    0.233479    0.239269  0.00132518
           6    0.233967    0.238385  0.00136753
           7    0.240052    0.238623  0.00119272
           8    0.233144    0.237938  0.00122459
           9    0.237914    0.237936  0.00108853
          10    0.239313    0.238073  0.00098836
          11    0.235839     0.23787 0.000919136
          12    0.241501    0.238173 0.000890945
          13    0.238543    0.238201 0.000822865
          14    0.240076    0.238335 0.000774908
          15    0.242642    0.238622 0.000774611
          16    0.237405    0.238546 0.000729922
          17    0.241754    0.238735 0.000710951
          18    0.243463    0.238998 0.000718344
          19    0.240071    0.239054 0.000682752
          20    0.242627    0.239233 0.000671582
           1    0.237389    0.237389           0
           2    0.243075    0.240232  0.00201024
           3    0.238476    0.239647  0.00142282
           4     0.24203    0.240242  0.00118529
           5    0.240707    0.240335 0.000951868
           6    0.232039    0.238952  0.00149083
           7    0.234708    0.238346  0.00139571
           8    0.240909    0.238666  0.00125748
           9    0.232292    0.237958  0.00130205
          10     0.23908     0.23807  0.00117667
          11    0.237676    0.238035  0.00107024
          12    0.236325    0.237892 0.000990492
          13    0.241906    0.238201 0.000961231
          14    0.237703    0.238165  0.00089323
          15    0.241732    0.238403 0.000864745
          16    0.242248    0.238643 0.000843428
          17    0.236601    0.238523 0.000802322
          18    0.243542    0.238802 0.000804734
          19    0.241543    0.238946 0.000775199
          20    0.241442    0.239071 0.000746415
