           1    0.429612    0.429612           0
           2    0.419208     0.42441  0.00367837
           3     0.42462     0.42448  0.00245291
           4     0.44568     0.42978  0.00494489
           5    0.420904    0.428005  0.00426266
           6    0.411608    0.425272  0.00434071
           7    0.421688     0.42476  0.00375068
           8    0.424852    0.424772  0.00328187
           9    0.437512    0.426187  0.00320803
          10    0.414868    0.425055  0.00308045
          11    0.446636    0.427017   0.0033677
          12    0.418996    0.426349  0.00315269
          13      0.4251    0.426253  0.00291164
          14      0.4319    0.426656  0.00273147
          15    0.434436    0.427175  0.00259815
          16    0.429032    0.427291  0.00243835
          17     0.42008    0.426867  0.00233152
          18    0.411908    0.426036  0.00234543
          19     0.42738    0.426106  0.00222305
          20    0.416872    0.425645  0.00215931
