           1     57.5066     57.5066     57.5052
           2      68.967     63.2368     44.8975
           3     64.2559     63.5765     36.8055
           4     65.5949     64.0811     32.1076
           5     58.7666     63.0182     28.2472
           6     61.2829      62.729     25.6597
           7     62.7657     62.7342     23.7515
           8     53.8779     61.6272     21.8465
           9     62.5609     61.7309     20.6257
          10     65.8098     62.1388     19.6951
          11     63.8321     62.2928     18.8215
          12     62.5623     62.3152     18.0235
          13     49.9137     61.3613     17.0744
          14     55.8441     60.9672     16.3488
          15      66.361     61.3268     15.8873
          16     60.1608     61.2539     15.3616
          17     53.3753     60.7904     14.7949
          18     56.3748     60.5451     14.3197
          19     58.3947     60.4319     13.9098
          20     60.0008     60.4104     13.5505
           1     57.5066     57.5066     57.5052
           2      68.967     63.2368     44.8975
           3     64.2559     63.5765     36.8055
           4     65.5949     64.0811     32.1076
           5     58.7666     63.0182     28.2472
           6     61.2829      62.729     25.6597
           7     62.7657     62.7342     23.7515
           8     53.8779     61.6272     21.8465
           9     62.5609     61.7309     20.6257
          10     65.8098     62.1388     19.6951
          11     63.8321     62.2928     18.8215
          12     62.5623     62.3152     18.0235
          13     49.9137     61.3613     17.0744
          14     55.8441     60.9672     16.3488
          15      66.361     61.3268     15.8873
          16     60.1608     61.2539     15.3616
          17     53.3753     60.7904     14.7949
          18     56.3748     60.5451     14.3197
          19     58.3947     60.4319     13.9098
          20     60.0008     60.4104     13.5505
           1     57.5066     57.5066     57.5052
           2      68.967     63.2368     44.8975
           3     64.2559     63.5765     36.8055
           4     65.5949     64.0811     32.1076
           5     58.7666     63.0182     28.2472
           6     61.2829      62.729     25.6597
           7     62.7657     62.7342     23.7515
           8     53.8779     61.6272     21.8465
           9     62.5609     61.7309     20.6257
          10     65.8098     62.1388     19.6951
          11     63.8321     62.2928     18.8215
          12     62.5623     62.3152     18.0235
          13     49.9137     61.3613     17.0744
          14     55.8441     60.9672     16.3488
          15      66.361     61.3268     15.8873
          16     60.1608     61.2539     15.3616
          17     53.3753     60.7904     14.7949
          18     56.3748     60.5451     14.3197
          19     58.3947     60.4319     13.9098
          20     60.0008     60.4104     13.5505
           1     63.3898     63.3898     63.3887
           2     59.7868     61.5883     43.5672
           3     56.9156     60.0307     34.6917
           4      70.402     62.6236     31.4125
           5     71.1538     64.3296     28.8795
           6     50.4706     62.0198     25.4939
           7     50.2779     60.3424      23.002
           8     70.2723     61.5836     21.9601
           9     53.2934     60.6625     20.3984
          10     55.7765     60.1739     19.1871
          11     69.6887     61.0389     18.5577
          12     63.6223     61.2541     17.8182
          13     65.5067     61.5813     17.2022
          14     58.7666     61.3802     16.5157
          15      61.576     61.3933     15.9519
          16     63.2454      61.509     15.4685
          17     53.8342     61.0576      14.899
          18     62.3802     61.1311     14.4917
          19     65.3718     61.3543     14.1535
          20     63.7224     61.4727     13.8182
           1     56.7244     56.7244     56.7232
           2     59.4625     58.0934     41.0888
           3       63.36      59.849     34.5888
           4     56.2863     58.9583     29.5122
           5     69.3915      61.045     27.3865
           6     70.9783     62.7005     25.7058
           7     50.2072     60.9158     23.1715
           8      51.234     59.7055     21.2624
           9     65.7298     60.3749     20.2619
          10     57.8456      60.122     19.1311
          11     54.7674     59.6352     18.0905
          12     70.1809      60.514      17.584
          13     66.6426     60.9854     17.0217
          14     59.4128     60.8731     16.3656
          15     64.9808     61.1469      15.877
          16     61.3015     61.1566     15.3698
          17     59.3679     61.0514     14.8813
          18     54.3581     60.6795     14.3753
          19     63.7191     60.8395     14.0255
          20     67.3288      61.164     13.7429
           1     56.7244     56.7244     56.7232
           2     59.4625     58.0934     41.0888
           3       63.36      59.849     34.5888
           4     56.2863     58.9583     29.5122
           5     69.3915      61.045     27.3865
           6     70.9783     62.7005     25.7058
           7     50.2072     60.9158     23.1715
           8      51.234     59.7055     21.2624
           9     65.7298     60.3749     20.2619
          10     57.8456      60.122     19.1311
          11     54.7674     59.6352     18.0905
          12     70.1809      60.514      17.584
          13     66.6426     60.9854     17.0217
          14     59.4128     60.8731     16.3656
          15     64.9808     61.1469      15.877
          16     61.3015     61.1566     15.3698
          17     59.3679     61.0514     14.8813
          18     54.3581     60.6795     14.3753
          19     63.7191     60.8395     14.0255
          20     67.3288      61.164     13.7429
