           1    0.398624    0.398624           0
           2    0.402956     0.40079  0.00153159
           3    0.391772    0.397784  0.00265831
           4    0.399688     0.39826   0.0020359
           5    0.404704    0.399549  0.00199538
           6      0.4189    0.402774   0.0033813
           7    0.390956    0.401086  0.00329288
           8    0.403728    0.401416  0.00289778
           9    0.407972    0.402144  0.00266579
          10    0.400812    0.402011  0.00240254
          11    0.400484    0.401872  0.00218814
          12    0.413348    0.402829  0.00220488
          13    0.396312    0.402327  0.00209148
          14    0.406404    0.402619  0.00196226
          15    0.406972    0.402909  0.00185278
          16    0.401064    0.402793  0.00174056
          17    0.390076    0.402045  0.00179174
          18    0.402752    0.402085  0.00169263
          19    0.408252    0.402409  0.00163437
          20    0.408836    0.402731  0.00158393
