           1     2.09862     2.09862     2.08101
           2     2.19448     2.14655     1.50625
           3     2.21789     2.17033     1.24391
           4     2.21899      2.1825     1.08333
           5     2.03505     2.15301     0.95589
           6     2.12436     2.14823    0.870545
           7     2.20462     2.15629    0.808994
           8     2.19887     2.16161    0.758626
           9     2.12153     2.15716    0.713713
          10     2.22502     2.16395    0.679245
          11       2.183     2.16568    0.648156
          12     2.20307     2.16879    0.621468
          13     2.23961     2.17424    0.598605
          14     2.13279     2.17128    0.576027
          15     2.20026     2.17321    0.556967
          16     2.11508     2.16958    0.538367
          17      2.2257     2.17288    0.523102
          18     2.27687     2.17866    0.509754
          19     2.22643     2.18117    0.496725
          20      2.0952     2.17687    0.483191
           1     2.09862     2.09862     2.08101
           2     2.19448     2.14655     1.50625
           3     2.21789     2.17033     1.24391
           4     2.21899      2.1825     1.08333
           5     2.03505     2.15301     0.95589
           6     2.12436     2.14823    0.870545
           7     2.20462     2.15629    0.808994
           8     2.19887     2.16161    0.758626
           9     2.12153     2.15716    0.713713
          10     2.22502     2.16395    0.679245
          11       2.183     2.16568    0.648156
          12     2.20307     2.16879    0.621468
          13     2.23961     2.17424    0.598605
          14     2.13279     2.17128    0.576027
          15     2.20026     2.17321    0.556967
          16     2.11508     2.16958    0.538367
          17      2.2257     2.17288    0.523102
          18     2.27687     2.17866    0.509754
          19     2.22643     2.18117    0.496725
          20      2.0952     2.17687    0.483191
           1     2.22026     2.22026     2.20374
           2     2.21366     2.21696     1.55568
           3      2.2079     2.21394     1.26847
           4     2.15446     2.19907     1.09121
           5     2.13547     2.18635    0.970477
           6     2.07874     2.16842    0.878698
           7     2.14559     2.16516    0.812202
           8     2.08506     2.15514    0.756221
           9     2.28654     2.16974    0.718005
          10     2.08889     2.16166    0.678587
          11     2.19055     2.16429     0.64779
          12     2.22846     2.16963    0.621786
          13     2.21539     2.17315    0.598364
          14     2.04192     2.16378    0.574113
          15     2.11948     2.16083    0.553859
          16     2.19696     2.16309    0.536823
          17     2.21017     2.16586    0.521468
          18     2.11405     2.16298    0.506085
          19     2.22186     2.16608    0.493296
          20     2.19451      2.1675    0.481125
           1     2.22161     2.22161     2.20503
           2     2.17972     2.20066     1.54429
           3     2.22629     2.20921     1.26582
           4     2.24902     2.21916     1.10125
           5     2.13178     2.20168    0.977271
           6     2.14988     2.19305    0.888706
           7     2.09732     2.17937    0.817673
           8      2.1192     2.17185    0.762162
           9     2.11843     2.16592    0.716589
          10     2.24714     2.17404    0.682445
          11     2.04434     2.16225    0.647169
          12     2.24099     2.16881     0.62154
          13     2.22413     2.17307    0.598359
          14     2.18429     2.17387    0.576792
          15     2.04518     2.16529    0.555038
          16     2.13262     2.16325    0.536872
          17      2.2416     2.16786     0.52197
          18     2.18866     2.16901    0.507531
          19     2.09474      2.1651    0.493088
          20     2.21943     2.16782    0.481206
