           1    0.474132    0.474132           0
           2    0.489304    0.481718  0.00536411
           3    0.494016    0.485817  0.00489809
           4    0.479048    0.484125  0.00395514
           5    0.484596    0.484219  0.00316523
           6    0.483328    0.484071  0.00264118
           7    0.475608    0.482862  0.00252544
           8    0.495236    0.484409  0.00264131
           9    0.481836    0.484123  0.00236325
          10     0.46792    0.482502  0.00262422
          11    0.502524    0.484323   0.0029501
          12    0.458268    0.482151  0.00341092
          13    0.454724    0.480042  0.00374461
          14    0.486464      0.4805  0.00350513
          15    0.483672    0.480712  0.00327782
          16    0.481152    0.480739  0.00307308
          17     0.49152    0.481373  0.00295702
          18    0.486432    0.481654  0.00280606
          19    0.487564    0.481965  0.00267555
          20     0.47962    0.481848  0.00254435
