0     0     0
0.0219752     0     0
0.0439504     0     0
0.0659257     0     0
0.0879009     0     0
0.109876     0     0
0.131851     0     0
0.153827     0     0
0.175802     0     0
0.197777     0     0
0.219752     0     0
0.241727     0     0
0.263703     0     0
0.285678     0.00347236     0.00316462
0.307653     0.183409     0.0363297
0.329629     1.04686     0.0869682
0.351604     1.74846     0.136241
0.373578     1.88611     0.123271
0.395553     1.70428     0.0996511
0.41753     1.51488     0.0863714
0.439504     1.40166     0.0826761
0.461479     1.32236     0.0725931
0.483456     1.22737     0.0652605
0.50543     1.17598     0.0576925
0.527405     1.13299     0.0528395
0.549382     1.0782     0.0479566
0.571356     1.03119     0.0484325
0.593331     0.999648     0.0413546
0.615308     1.03269     0.0450605
0.637282     0.98074     0.0362819
0.659257     1.01172     0.0365353
0.681231     0.982161     0.0370134
0.703208     0.994855     0.0319865
0.725183     0.991973     0.0319949
0.747157     0.973588     0.0356935
0.769134     0.974222     0.0298644
0.791109     0.974279     0.0304727
0.813083     0.982894     0.0278905
0.83506     0.989426     0.028489
0.857035     0.963594     0.0274173
0.879009     0.972102     0.02764
0.900983     0.957771     0.0286102
0.922961     0.95332     0.0238721
0.944935     0.962885     0.0264327
0.966909     0.978381     0.0244843
0.988887     0.991184     0.024506
1.01086     0.97176     0.0230708
1.03283     0.981285     0.0214965
1.05481     0.985154     0.0224161
1.07679     0.980883     0.0217203
1.09876     0.972418     0.0212864
1.12074     0.964284     0.0201321
1.14271     0.978961     0.0199415
1.16469     0.977071     0.01948
1.18666     0.975551     0.0188397
1.20864     0.982259     0.0181469
1.23061     0.98476     0.0184118
1.25259     0.971071     0.0178697
1.27456     0.964413     0.0182696
1.29654     0.981681     0.018037
1.31851     0.978705     0.0175551
1.34049     0.986632     0.0172599
1.36247     0.968885     0.0163614
1.38444     0.968827     0.0165542
1.40641     0.975252     0.0167997
1.42839     0.97938     0.0161487
1.45037     0.983095     0.0164368
1.47234     0.982782     0.0149272
1.49432     1.00275     0.0150944
1.51629     0.99681     0.015067
1.53827     0.985505     0.0154857
1.56024     0.984175     0.0149382
1.58222     0.977324     0.014026
1.60419     0.966519     0.0138969
1.62617     0.97958     0.0145469
1.64814     0.977153     0.0143098
1.67012     0.984315     0.0144448
1.69209     0.976061     0.0142181
1.71407     0.972922     0.014159
1.73604     0.976536     0.0139069
1.75802     0.980054     0.0133874
1.78     0.974844     0.0134501
1.80197     0.980295     0.0132014
1.82394     0.980555     0.013005
1.84592     0.988598     0.0130957
1.8679     0.99715     0.0136887
1.88987     0.974086     0.0129494
1.91184     0.967604     0.0126218
1.93382     0.973315     0.012275
1.9558     0.995664     0.0129109
1.97777     0.995761     0.0128352
1.99975     0.986411     0.0127379
2.02172     0.983368     0.0119111
2.0437     0.992436     0.0120806
2.06567     0.985128     0.011837
2.08765     0.982831     0.0116521
2.10962     0.983822     0.0118118
2.1316     0.980791     0.0120255
2.15357     0.974491     0.0115122
2.17555     0.984096     0.0115982
