0     0     0
0.00839617     0     0
0.0167924     0     0
0.0251885     0     0
0.0335847     0     0
0.0419808     0     0
0.0503772     0     0
0.0587733     0     0
0.0671693     0     0
0.0755657     0     0
0.0839617     0     0
0.0923581     0     0
0.100754     0     0
0.10915     0     0
0.117547     0     0
0.125943     0     0
0.134339     0     0
0.142735     0     0
0.151131     0     0
0.159527     0     0
0.167924     0     0
0.17632     0     0
0.184716     0     0
0.193112     0     0
0.201508     0     0
0.209905     0     0
0.218301     0     0
0.226697     0     0
0.235093     0     0
0.243489     0     0
0.251885     0     0
0.260281     0     0
0.268678     0     0
0.277074     0     0
0.28547     0     0
0.293866     0     0
0.302262     0     0
0.310659     0     0
0.319055     4.41843e-05     5.29414e-05
0.327451     0.00337204     0.000752514
0.335847     0.0495511     0.0026422
0.344244     0.30322     0.00692735
0.35264     1.03107     0.0181791
0.361036     2.25101     0.0372539
0.369431     3.59195     0.0572502
0.377828     4.54571     0.0704689
0.386226     4.81035     0.0735339
0.39462     4.41553     0.067404
0.403017     3.59164     0.0558967
0.411415     2.64946     0.0407874
0.419808     1.8046     0.0283965
0.428206     1.13609     0.0183675
0.4366     0.662548     0.0119131
0.444997     0.35941     0.00700051
0.453395     0.18601     0.00462539
0.461789     0.0892412     0.00306575
0.470186     0.0507116     0.00228747
0.478584     0.0449081     0.00204643
0.486977     0.0595395     0.00236945
0.495375     0.102387     0.00301569
0.503772     0.18626     0.00422783
0.512166     0.302059     0.00568908
0.520564     0.452075     0.00714196
0.528961     0.622198     0.00928508
0.537355     0.784805     0.0112457
0.545752     0.905098     0.0127872
0.554146     0.959812     0.0142143
0.562544     0.916162     0.0132787
0.570941     0.800241     0.0107783
0.579335     0.63341     0.00905255
0.587733     0.461732     0.00658756
0.59613     0.316328     0.00493731
0.604524     0.220797     0.00422244
0.612921     0.197816     0.00405737
0.621319     0.26421     0.00494512
0.629713     0.443913     0.00652827
0.63811     0.75423     0.0102177
0.646508     1.20276     0.0148629
0.654902     1.71192     0.0202554
0.663299     2.19522     0.0255103
0.671693     2.54625     0.0296848
0.68009     2.65336     0.0309109
0.688488     2.5038     0.0288828
0.696882     2.15142     0.0247722
0.705279     1.67834     0.0191803
0.713677     1.19432     0.0139021
0.72207     0.803434     0.0096866
0.730468     0.551629     0.00737174
0.738865     0.448071     0.00644672
0.747259     0.468622     0.00656809
0.755657     0.594843     0.00748959
0.764054     0.754133     0.00850565
0.772448     0.895859     0.0100646
0.780846     0.985947     0.0111262
0.789239     0.977623     0.0108205
0.797637     0.907201     0.00995526
0.806034     0.784788     0.00857097
0.814428     0.655294     0.00736388
0.822826     0.574009     0.00694787
0.831223     0.581138     0.00740123
