0     0     0
0.00872086     0     0
0.0174418     0     0
0.0261626     0     0
0.0348837     0     0
0.0436043     0     0
0.0523253     0     0
0.061046     0     0
0.069767     0     0
0.078488     0     0
0.0872086     0     0
0.0959296     0     0
0.104651     0     0
0.113371     0     0
0.122092     0     0
0.130813     0     0
0.139534     0     0
0.148255     0     0
0.156976     0     0
0.165697     0     0
0.174418     0     0
0.183138     0     0
0.191859     0     0
0.20058     0     0
0.209301     0     0
0.218022     0     0
0.226743     0     0
0.235464     0     0
0.244185     0     0
0.252906     0     0
0.261626     0     0
0.270347     0     0
0.279068     0     0
0.287789     1.45892e-05     5.39341e-06
0.29651     0.00132881     5.48317e-05
0.305231     0.0237351     0.000250103
0.313952     0.164387     0.000768738
0.322673     0.561197     0.00186402
0.331393     1.19794     0.00243339
0.340116     1.86054     0.00281264
0.348837     2.33776     0.00224362
0.357558     2.55498     0.00211735
0.366275     2.54946     0.00217026
0.374996     2.40967     0.00223179
0.383717     2.19826     0.00216271
0.392438     1.97494     0.00210567
0.401159     1.75533     0.00191182
0.40988     1.56021     0.00189699
0.418601     1.39285     0.00183252
0.427322     1.24643     0.00155404
0.436043     1.12616     0.00152275
0.444764     1.02352     0.00131128
0.453485     0.941603     0.00120934
0.462206     0.871143     0.001133
0.470927     0.815542     0.00128024
0.479648     0.77257     0.00107108
0.488369     0.735652     0.000995739
0.49709     0.709905     0.00105671
0.505811     0.68961     0.00110859
0.514532     0.677531     0.00106529
0.523253     0.673168     0.00132211
0.531974     0.672044     0.00126385
0.540695     0.676398     0.00126487
0.549416     0.686569     0.00116865
0.558137     0.702597     0.00114898
0.566858     0.72326     0.00102988
0.575579     0.749274     0.00111777
0.5843     0.780467     0.00110688
0.593021     0.815756     0.00111597
0.601742     0.853064     0.00106919
0.61046     0.894024     0.00114575
0.619181     0.934345     0.00114711
0.627902     0.977474     0.00113031
0.636623     1.01737     0.00116541
0.645344     1.05765     0.00121354
0.654065     1.09545     0.00117871
0.662786     1.12931     0.00111583
0.671507     1.16159     0.00106343
0.680228     1.18648     0.00106198
0.688949     1.20548     0.00100932
0.69767     1.21458     0.000966027
0.706391     1.21546     0.00103433
0.715112     1.21023     0.000912806
0.723833     1.19599     0.00113403
0.732554     1.1752     0.00100635
0.741275     1.15145     0.000997982
0.749996     1.12436     0.00107475
0.758717     1.09441     0.000888368
0.767438     1.06593     0.0009157
0.776159     1.03882     0.00090641
0.78488     1.01228     0.000847278
0.793601     0.986914     0.000907993
0.802322     0.965483     0.000835784
0.811043     0.946386     0.000753221
0.819764     0.930738     0.000814326
0.828485     0.91761     0.00081846
0.837206     0.908339     0.000858174
0.845927     0.894373     0.000837693
0.854644     0.885957     0.000872688
0.863365     0.885925     0.00089806
