1   3135.75   0
2   3168.59   23.2204
3   3166.41   15.5831
4   3162.42   12.1854
5   3158.18   10.4615
6   3156.49   8.85249
7   3159.17   7.98173
8   3158.49   7.01313
9   3157.28   6.33731
10   3153.95   6.51974
11   3152.57   6.07115
12   3151.7   5.62714
13   3148.33   6.11762
14   3147.53   5.73309
15   3150.41   6.03025
16   3150.43   5.65339
17   3151.69   5.45848
18   3150.29   5.33102
19   3152.94   5.6734
20   3150.71   5.81151
21   3151.28   5.56257
22   3149.32   5.64394
23   3148.79   5.42375
24   3148.87   5.19827
25   3149.75   5.0646
26   3150.8   4.97703
27   3150.58   4.79735
28   3151.75   4.76657
29   3150.81   4.69414
30   3151.94   4.67184
31   3152.22   4.52956
32   3152.16   4.38841
33   3154.11   4.6693
34   3153.44   4.58036
35   3153.57   4.45131
36   3152.53   4.44803
37   3152.64   4.3293
38   3154.21   4.49212
39   3153.77   4.39881
40   3154.73   4.39178
41   3154.11   4.32767
42   3155.38   4.40576
43   3156.11   4.36449
44   3157   4.35405
45   3157.35   4.27172
46   3157.64   4.18847
47   3157.37   4.10813
48   3157.2   4.02612
49   3156.4   4.02199
50   3156.12   3.95149
51   3156.1   3.87403
52   3156.15   3.79979
53   3156.64   3.75987
54   3156.52   3.69224
55   3156.39   3.6274
56   3156.54   3.56581
57   3156.52   3.50332
58   3156.37   3.44613
59   3156.65   3.39908
60   3156.69   3.34273
61   3156.46   3.29569
62   3156.93   3.2743
63   3156.59   3.23964
64   3156.73   3.19232
65   3157.3   3.1937
66   3157.45   3.14854
67   3156.85   3.15747
68   3157.31   3.14449
69   3158.11   3.19933
70   3158.03   3.15465
71   3158.71   3.18169
72   3158.63   3.1384
73   3158.77   3.0985
74   3158.69   3.05758
75   3158.53   3.02125
76   3159.57   3.15546
77   3159.44   3.117
78   3159.79   3.09681
79   3159.65   3.06071
80   3159.95   3.03704
81   3159.63   3.01691
82   3160.03   3.007
83   3159.82   2.97847
84   3160.34   2.98975
85   3160.54   2.9609
86   3160.48   2.92711
87   3160.29   2.89948
88   3159.93   2.8888
89   3159.32   2.9206
90   3159.82   2.93034
91   3159.61   2.90518
92   3160.42   2.98465
93   3160.79   2.97478
94   3160.77   2.94317
95   3161.04   2.9239
96   3161.51   2.93039
97   3161.71   2.90719
98   3160.95   2.97367
99   3160.67   2.95668
100   3160.52   2.93133
