1   -906.872   0
2   -905.117   1.24084
3   -905.202   0.830087
4   -905.431   0.653678
5   -905.666   0.563532
6   -905.75   0.475748
7   -905.594   0.432563
8   -905.622   0.37938
9   -905.666   0.339782
10   -905.845   0.349723
11   -905.92   0.325768
12   -905.957   0.300803
13   -906.138   0.327691
14   -906.178   0.306643
15   -906.03   0.319684
16   -906.034   0.299718
17   -905.969   0.288806
18   -906.046   0.282694
19   -905.904   0.301019
20   -906.024   0.308724
21   -905.992   0.295684
22   -906.095   0.299696
23   -906.119   0.2876
24   -906.116   0.275622
25   -906.076   0.2677
26   -906.018   0.263471
27   -906.03   0.25397
28   -905.975   0.250872
29   -906.023   0.246919
30   -905.963   0.245888
31   -905.95   0.238344
32   -905.956   0.230981
33   -905.856   0.244594
34   -905.891   0.239836
35   -905.881   0.23318
36   -905.936   0.23317
37   -905.932   0.226902
38   -905.85   0.235225
39   -905.872   0.230129
40   -905.821   0.229801
41   -905.852   0.22632
42   -905.788   0.23005
43   -905.748   0.227938
44   -905.702   0.227466
45   -905.683   0.223214
46   -905.669   0.218777
47   -905.683   0.21459
48   -905.69   0.210223
49   -905.731   0.209978
50   -905.747   0.206358
51   -905.748   0.202313
52   -905.746   0.19844
53   -905.72   0.196258
54   -905.728   0.192755
55   -905.736   0.189404
56   -905.729   0.186138
57   -905.73   0.182874
58   -905.737   0.179858
59   -905.723   0.177334
60   -905.722   0.17438
61   -905.734   0.171892
62   -905.711   0.170603
63   -905.726   0.168632
64   -905.718   0.166205
65   -905.69   0.166
66   -905.683   0.16365
67   -905.714   0.164345
68   -905.69   0.163788
69   -905.647   0.166802
70   -905.652   0.164468
71   -905.616   0.166078
72   -905.621   0.163838
73   -905.614   0.161718
74   -905.618   0.159577
75   -905.628   0.157742
76   -905.572   0.165254
77   -905.578   0.163211
78   -905.558   0.162239
79   -905.567   0.160382
80   -905.551   0.159071
81   -905.568   0.157986
82   -905.545   0.157667
83   -905.556   0.156137
84   -905.528   0.156809
85   -905.518   0.155339
86   -905.519   0.153547
87   -905.528   0.152065
88   -905.546   0.151429
89   -905.579   0.153124
90   -905.552   0.153756
91   -905.564   0.152498
92   -905.52   0.156914
93   -905.501   0.156382
94   -905.502   0.154718
95   -905.489   0.153674
96   -905.464   0.15402
97   -905.453   0.152846
98   -905.491   0.15611
99   -905.507   0.155275
100   -905.515   0.153934
