0     0     0
0.00784258     0     0
0.0156852     0     0
0.0235278     0     0
0.0313703     0     0
0.0392129     0     0
0.0470557     0     0
0.0548981     0     0
0.0627405     0     0
0.0705833     0     0
0.0784258     0     0
0.0862685     0     0
0.094111     0     0
0.101954     0     0
0.109796     0     0
0.117639     0     0
0.125481     0     0
0.133324     0     0
0.141167     0     0
0.149009     0     0
0.156852     0     0
0.164694     0     0
0.172537     0     0
0.18038     0     0
0.188222     0     0
0.196065     0     0
0.203907     0     0
0.21175     0     0
0.219592     0     0
0.227435     0     0
0.235278     0     0
0.24312     0     0
0.250963     0     0
0.258805     0     0
0.266648     0     0
0.274491     0     0
0.282333     0     0
0.290176     0     0
0.298018     4.41843e-05     5.29414e-05
0.305861     0.00337204     0.000752514
0.313703     0.0495511     0.0026422
0.321546     0.30322     0.00692735
0.329389     1.03107     0.0181791
0.337231     2.25101     0.0372539
0.345073     3.59195     0.0572502
0.352917     4.54571     0.0704689
0.36076     4.81035     0.0735339
0.368601     4.41553     0.067404
0.376445     3.59164     0.0558967
0.384288     2.64946     0.0407874
0.392129     1.8046     0.0283965
0.399973     1.13609     0.0183675
0.407813     0.662548     0.0119131
0.415657     0.35941     0.00700051
0.423501     0.18601     0.00462539
0.431341     0.0892412     0.00306575
0.439185     0.0507116     0.00228747
0.447029     0.0449081     0.00204643
0.454869     0.0595395     0.00236945
0.462713     0.102387     0.00301569
0.470557     0.18626     0.00422783
0.478397     0.302059     0.00568908
0.486241     0.452075     0.00714196
0.494085     0.622198     0.00928508
0.501925     0.784805     0.0112457
0.509769     0.905098     0.0127872
0.517609     0.959812     0.0142143
0.525453     0.916162     0.0132787
0.533297     0.800241     0.0107783
0.541137     0.63341     0.00905255
0.548981     0.461732     0.00658756
0.556825     0.316328     0.00493731
0.564665     0.220797     0.00422244
0.572509     0.197816     0.00405737
0.580353     0.26421     0.00494512
0.588193     0.443913     0.00652827
0.596037     0.75423     0.0102177
0.603881     1.20276     0.0148629
0.611721     1.71192     0.0202554
0.619565     2.19522     0.0255103
0.627405     2.54625     0.0296848
0.635249     2.65336     0.0309109
0.643093     2.5038     0.0288828
0.650933     2.15142     0.0247722
0.658777     1.67834     0.0191803
0.666621     1.19432     0.0139021
0.674461     0.803434     0.0096866
0.682305     0.551629     0.00737174
0.690149     0.448071     0.00644672
0.697989     0.468622     0.00656809
0.705833     0.594843     0.00748959
0.713677     0.754133     0.00850565
0.721517     0.895859     0.0100646
0.729361     0.985947     0.0111262
0.737202     0.977623     0.0108205
0.745045     0.907201     0.00995526
0.752889     0.784788     0.00857097
0.76073     0.655294     0.00736388
0.768573     0.574009     0.00694787
0.776417     0.581138     0.00740123
