0     0     0
0.00839617     0     0
0.0167924     0     0
0.0251885     0     0
0.0335847     0     0
0.0419808     0     0
0.0503772     0     0
0.0587733     0     0
0.0671693     0     0
0.0755657     0     0
0.0839617     0     0
0.0923581     0     0
0.100754     0     0
0.10915     0     0
0.117547     0     0
0.125943     0     0
0.134339     0     0
0.142735     0     0
0.151131     0     0
0.159527     0     0
0.167924     0     0
0.17632     0     0
0.184716     0     0
0.193112     0     0
0.201508     0     0
0.209905     0     0
0.218301     0     0
0.226697     0     0
0.235093     0     0
0.243489     0     0
0.251885     0     0
0.260281     0     0
0.268678     0     0
0.277074     0     0
0.28547     0     0
0.293866     0     0
0.302262     0     0
0.310659     0     0
0.319055     8.46866e-05     1.09413e-05
0.327451     0.00345179     7.96567e-05
0.335847     0.0474096     0.000308583
0.344244     0.294211     0.00109367
0.35264     1.00755     0.00218982
0.361036     2.23814     0.00244742
0.369431     3.62685     0.0024076
0.377828     4.62291     0.00202202
0.386226     4.89391     0.00359417
0.39462     4.48848     0.00379659
0.403017     3.65804     0.00309149
0.411415     2.69369     0.00199912
0.419808     1.81577     0.00125322
0.428206     1.13243     0.00109572
0.4366     0.653854     0.0013151
0.444997     0.353704     0.00110224
0.453395     0.179879     0.000843336
0.461789     0.0890856     0.000597524
0.470186     0.0489137     0.000434781
0.478584     0.0419345     0.000394264
0.486977     0.0606878     0.000477067
0.495375     0.105468     0.000534466
0.503772     0.183627     0.000607399
0.512166     0.300719     0.000657978
0.520564     0.45361     0.000579031
0.528961     0.628245     0.0005979
0.537355     0.796981     0.000834071
0.545752     0.922148     0.00114875
0.554146     0.970819     0.00132138
0.562544     0.930499     0.00122876
0.570941     0.808424     0.000965647
0.579335     0.64103     0.000631666
0.587733     0.464754     0.000587723
0.59613     0.316913     0.000608493
0.604524     0.219452     0.000811522
0.612921     0.19173     0.00094324
0.621319     0.254928     0.00108997
0.629713     0.434362     0.00135847
0.63811     0.750004     0.0014599
0.646508     1.19744     0.00112235
0.654902     1.72735     0.000835931
0.663299     2.23449     0.00137152
0.671693     2.59642     0.0020492
0.68009     2.71311     0.00260284
0.688488     2.55856     0.00250766
0.696882     2.18108     0.00180158
0.705279     1.69005     0.000995112
0.713677     1.20121     0.00086726
0.72207     0.80217     0.00130881
0.730468     0.542691     0.00152065
0.738865     0.434272     0.00131855
0.747259     0.460913     0.00112708
0.755657     0.587347     0.000880288
0.764054     0.758226     0.000472292
0.772448     0.916282     0.000626005
0.780846     1.01416     0.000962599
0.789239     1.02196     0.00100795
0.797637     0.91905     0.000826902
0.806034     0.780487     0.000590082
0.814428     0.654096     0.000668065
0.822826     0.571203     0.00105356
0.831223     0.57274     0.00134967
