1   -1239.39   0
2   -1236.99   1.69581
3   -1237.11   1.13445
4   -1237.42   0.89336
5   -1237.74   0.77016
6   -1237.86   0.650189
7   -1237.65   0.591169
8   -1237.68   0.518486
9   -1237.74   0.464369
10   -1237.99   0.477955
11   -1238.09   0.445216
12   -1238.14   0.411097
13   -1238.39   0.447845
14   -1238.44   0.419079
15   -1238.24   0.436901
16   -1238.25   0.409615
17   -1238.16   0.394702
18   -1238.26   0.386348
19   -1238.07   0.411392
20   -1238.23   0.421923
21   -1238.19   0.404101
22   -1238.33   0.409585
23   -1238.36   0.393054
24   -1238.36   0.376683
25   -1238.3   0.365856
26   -1238.22   0.360077
27   -1238.24   0.347093
28   -1238.17   0.342858
29   -1238.23   0.337456
30   -1238.15   0.336047
31   -1238.13   0.325737
32   -1238.14   0.315674
33   -1238   0.334278
34   -1238.05   0.327775
35   -1238.04   0.31868
36   -1238.11   0.318665
37   -1238.11   0.310099
38   -1238   0.321474
39   -1238.02   0.314509
40   -1237.96   0.314062
41   -1238   0.309304
42   -1237.91   0.314401
43   -1237.86   0.311515
44   -1237.79   0.31087
45   -1237.77   0.30506
46   -1237.75   0.298995
47   -1237.77   0.293273
48   -1237.78   0.287305
49   -1237.83   0.28697
50   -1237.85   0.282023
51   -1237.86   0.276494
52   -1237.85   0.271202
53   -1237.82   0.268219
54   -1237.83   0.263432
55   -1237.84   0.258853
56   -1237.83   0.254389
57   -1237.83   0.249928
58   -1237.84   0.245806
59   -1237.82   0.242356
60   -1237.82   0.23832
61   -1237.84   0.234919
62   -1237.8   0.233157
63   -1237.83   0.230464
64   -1237.81   0.227147
65   -1237.78   0.226866
66   -1237.77   0.223655
67   -1237.81   0.224605
68   -1237.78   0.223844
69   -1237.72   0.227963
70   -1237.72   0.224773
71   -1237.68   0.226973
72   -1237.68   0.223912
73   -1237.67   0.221015
74   -1237.68   0.218089
75   -1237.69   0.215581
76   -1237.61   0.225848
77   -1237.62   0.223055
78   -1237.6   0.221726
79   -1237.61   0.219189
80   -1237.59   0.217397
81   -1237.61   0.215914
82   -1237.58   0.215478
83   -1237.59   0.213387
84   -1237.56   0.214305
85   -1237.54   0.212296
86   -1237.54   0.209848
87   -1237.56   0.207822
88   -1237.58   0.206953
89   -1237.62   0.209269
90   -1237.59   0.210133
91   -1237.6   0.208414
92   -1237.54   0.21445
93   -1237.52   0.213722
94   -1237.52   0.211448
95   -1237.5   0.210022
96   -1237.47   0.210494
97   -1237.45   0.20889
98   -1237.5   0.213351
99   -1237.53   0.212209
100   -1237.54   0.210376
