1     7.53761     7.53761     0
2     7.69549     7.61655     0.0558163
3     7.60076     7.61129     0.0374581
4     7.573     7.60172     0.0292909
5     7.5507     7.59151     0.025147
6     7.56722     7.58746     0.0212793
7     7.63247     7.59389     0.0191862
8     7.58077     7.59225     0.0168579
9     7.56609     7.58935     0.0152334
10     7.50932     7.58134     0.0156719
11     7.54488     7.57803     0.0145936
12     7.55295     7.57594     0.0135263
13     7.47082     7.56785     0.0147053
14     7.54083     7.56592     0.013781
15     7.6697     7.57284     0.0144953
16     7.57362     7.57289     0.0135894
17     7.6242     7.57591     0.0131209
18     7.51546     7.57255     0.0128145
19     7.69383     7.57893     0.0136375
20     7.47172     7.57357     0.0139695
21     7.60231     7.57494     0.0133711
22     7.47138     7.57023     0.0135667
23     7.54071     7.56895     0.0130374
24     7.57319     7.56913     0.0124954
25     7.62213     7.57125     0.0121741
26     7.63673     7.57377     0.0119636
27     7.55976     7.57325     0.0115317
28     7.652     7.57606     0.0114577
29     7.51047     7.5738     0.0112836
30     7.65532     7.57652     0.01123
31     7.59747     7.57719     0.010888
32     7.57276     7.57705     0.0105487
33     7.73187     7.58174     0.0112239
34     7.52664     7.58012     0.0110101
35     7.59092     7.58043     0.0106999
36     7.49024     7.57793     0.010692
37     7.58817     7.5782     0.0104066
38     7.72191     7.58198     0.010798
39     7.54037     7.58092     0.0105737
40     7.67296     7.58322     0.0105568
41     7.52248     7.58174     0.0104027
42     7.70949     7.58478     0.0105904
43     7.66095     7.58655     0.0104912
44     7.68011     7.58868     0.0104661
45     7.62708     7.58953     0.0102682
46     7.6212     7.59022     0.0100681
47     7.55956     7.58957     0.00987497
48     7.56977     7.58915     0.00967785
49     7.49533     7.58724     0.00966792
50     7.55324     7.58656     0.00949844
51     7.58479     7.58652     0.00931226
52     7.59209     7.58663     0.0091338
53     7.64937     7.58782     0.00903784
54     7.5719     7.58752     0.00887528
55     7.57035     7.58721     0.0087194
56     7.6077     7.58757     0.00857137
57     7.58456     7.58752     0.00842116
58     7.5666     7.58716     0.00828369
59     7.62688     7.58783     0.00817059
60     7.59431     7.58794     0.00803513
61     7.55451     7.58739     0.00792207
62     7.65575     7.5885     0.00787065
63     7.53744     7.58769     0.00778732
64     7.61018     7.58804     0.00767358
65     7.67711     7.58941     0.00767691
66     7.61217     7.58975     0.00756834
67     7.49374     7.58832     0.00758982
68     7.66365     7.58943     0.00755862
69     7.72229     7.59135     0.00769043
70     7.57771     7.59116     0.00758304
71     7.70642     7.59278     0.00764802
72     7.57961     7.5926     0.00754398
73     7.61702     7.59293     0.00744806
74     7.57927     7.59275     0.0073497
75     7.56305     7.59235     0.00726236
76     7.78237     7.59485     0.00758497
77     7.57148     7.59455     0.00749254
78     7.66047     7.59539     0.00744399
79     7.56908     7.59506     0.00735722
80     7.6526     7.59578     0.00730032
81     7.53245     7.595     0.00725194
82     7.67456     7.59597     0.00722811
83     7.55302     7.59545     0.00715953
84     7.70241     7.59672     0.00718664
85     7.63648     7.59719     0.0071173
86     7.58443     7.59704     0.00703608
87     7.55778     7.59659     0.00696966
88     7.52042     7.59573     0.006944
89     7.46465     7.59425     0.00702043
90     7.70205     7.59545     0.00704385
91     7.55099     7.59496     0.00698337
92     7.77431     7.59691     0.0071744
93     7.67848     7.59779     0.00715066
94     7.59429     7.59775     0.00707469
95     7.65777     7.59838     0.00702837
96     7.70599     7.59951     0.00704397
97     7.64678     7.59999     0.00698819
98     7.4224     7.59818     0.00714799
99     7.5318     7.59751     0.00710717
100     7.55956     7.59713     0.00704622
