1     -7.55727     -7.55727     0
2     -7.52802     -7.54264     0.0103403
3     -7.54475     -7.54335     0.00691739
4     -7.55102     -7.54526     0.00544732
5     -7.55505     -7.54722     0.0046961
6     -7.55139     -7.54792     0.00396457
7     -7.53882     -7.54662     0.00360469
8     -7.54846     -7.54685     0.0031615
9     -7.55016     -7.54722     0.00283152
10     -7.56212     -7.54871     0.00291436
11     -7.55553     -7.54933     0.00271473
12     -7.5531     -7.54964     0.00250669
13     -7.56926     -7.55115     0.00273076
14     -7.55575     -7.55148     0.00255536
15     -7.53305     -7.55025     0.00266403
16     -7.55067     -7.55028     0.00249765
17     -7.54123     -7.54974     0.00240672
18     -7.56121     -7.55038     0.00235578
19     -7.52802     -7.5492     0.00250849
20     -7.5691     -7.5502     0.0025727
21     -7.54459     -7.54993     0.00246403
22     -7.56884     -7.55079     0.00249747
23     -7.55533     -7.55099     0.00239667
24     -7.55062     -7.55097     0.00229685
25     -7.54233     -7.55063     0.00223083
26     -7.53821     -7.55015     0.00219559
27     -7.55278     -7.55025     0.00211642
28     -7.53732     -7.54979     0.0020906
29     -7.56158     -7.55019     0.00205766
30     -7.53517     -7.54969     0.00204907
31     -7.54612     -7.54958     0.0019862
32     -7.55128     -7.54963     0.00192484
33     -7.52218     -7.5488     0.00203828
34     -7.5586     -7.54909     0.00199863
35     -7.54626     -7.54901     0.00194317
36     -7.5656     -7.54947     0.00194308
37     -7.54825     -7.54943     0.00189085
38     -7.52352     -7.54875     0.00196021
39     -7.55557     -7.54893     0.00191774
40     -7.53217     -7.54851     0.00191501
41     -7.55921     -7.54877     0.001886
42     -7.52605     -7.54823     0.00191708
43     -7.53435     -7.5479     0.00189948
44     -7.53083     -7.54752     0.00189555
45     -7.54034     -7.54736     0.00186012
46     -7.54214     -7.54724     0.00182314
47     -7.55285     -7.54736     0.00178825
48     -7.55004     -7.54742     0.00175186
49     -7.56434     -7.54776     0.00174982
50     -7.55426     -7.54789     0.00171965
51     -7.54827     -7.5479     0.00168594
52     -7.54672     -7.54788     0.00165367
53     -7.53687     -7.54767     0.00163548
54     -7.5509     -7.54773     0.00160629
55     -7.55127     -7.5478     0.00157837
56     -7.54471     -7.54774     0.00155115
57     -7.54809     -7.54775     0.00152395
58     -7.55118     -7.54781     0.00149882
59     -7.54105     -7.54769     0.00147778
60     -7.54723     -7.54768     0.00145317
61     -7.55346     -7.54778     0.00143243
62     -7.53609     -7.54759     0.00142169
63     -7.55593     -7.54772     0.00140527
64     -7.54326     -7.54765     0.00138504
65     -7.53245     -7.54742     0.00138333
66     -7.54334     -7.54736     0.00136375
67     -7.56533     -7.54762     0.00136954
68     -7.53357     -7.54742     0.0013649
69     -7.52306     -7.54706     0.00139002
70     -7.5494     -7.5471     0.00137057
71     -7.52571     -7.5468     0.00138398
72     -7.54965     -7.54684     0.00136532
73     -7.54296     -7.54678     0.00134765
74     -7.54913     -7.54682     0.00132981
75     -7.55286     -7.5469     0.00131452
76     -7.51153     -7.54643     0.00137712
77     -7.55015     -7.54648     0.00136009
78     -7.53403     -7.54632     0.00135199
79     -7.55159     -7.54639     0.00133652
80     -7.53643     -7.54626     0.00132559
81     -7.55756     -7.5464     0.00131655
82     -7.53096     -7.54621     0.00131389
83     -7.55368     -7.5463     0.00130114
84     -7.52654     -7.54607     0.00130674
85     -7.53838     -7.54598     0.00129449
86     -7.54749     -7.54599     0.00127956
87     -7.55276     -7.54607     0.00126721
88     -7.55946     -7.54622     0.00126191
89     -7.57014     -7.54649     0.00127603
90     -7.52636     -7.54627     0.0012813
91     -7.55502     -7.54637     0.00127082
92     -7.51304     -7.546     0.00130762
93     -7.53122     -7.54584     0.00130318
94     -7.54637     -7.54585     0.00128932
95     -7.53519     -7.54574     0.00128062
96     -7.52611     -7.54553     0.0012835
97     -7.5364     -7.54544     0.00127372
98     -7.57705     -7.54576     0.00130092
99     -7.55834     -7.54589     0.00129396
100     -7.55262     -7.54596     0.00128278
