-3.66092
-3.66181
-3.66298
-3.66313
-3.66291
-3.6642
-3.66544
-3.66501
-3.66373
-3.66259
-3.66164
-3.6606
-3.65894
-3.65786
-3.65722
-3.65857
-3.66005
-3.66122
-3.66197
-3.6625
-3.66273
-3.66207
-3.6629
-3.66289
-3.66287
-3.66235
-3.66047
-3.65894
-3.65891
-3.65981
-3.65988
-3.65913
-3.65841
-3.65804
-3.65655
-3.65571
-3.65429
-3.65335
-3.65318
-3.65301
-3.65365
-3.6541
-3.65583
-3.65722
-3.65865
-3.65971
-3.65979
-3.66108
-3.66157
-3.66152
-3.66179
-3.6618
-3.66059
-3.66084
-3.66133
-3.66085
-3.66032
-3.66001
-3.65985
-3.66108
-3.66156
-3.66186
-3.66053
-3.65965
-3.65928
-3.65954
-3.66013
-3.66157
-3.66203
-3.66192
-3.66076
-3.66119
-3.66106
-3.66014
-3.65894
-3.65851
-3.65807
-3.65726
-3.65622
-3.65589
-3.65479
-3.65372
-3.65464
-3.65424
-3.65375
-3.65417
-3.65413
-3.65351
-3.65507
-3.65649
-3.65751
-3.65953
-3.65973
-3.6602
-3.65884
-3.6566
-3.65424
-3.65335
-3.65267
-3.65211
-3.65221
-3.65253
-3.65258
-3.65454
-3.65572
-3.65556
-3.65671
-3.65703
-3.65773
-3.65824
-3.65836
-3.65885
-3.65941
-3.6586
-3.65843
-3.65802
-3.65725
-3.65624
-3.65622
-3.65593
-3.65663
-3.65641
-3.6564
-3.65593
-3.65622
-3.65591
-3.65594
-3.65543
-3.655
-3.65464
-3.6541
-3.65375
-3.65339
-3.65354
-3.65396
-3.65421
-3.65427
-3.65566
-3.65687
-3.65894
-3.65977
-3.66045
-3.66193
-3.66087
-3.65998
-3.6591
-3.65826
-3.6578
-3.65665
-3.65521
-3.65489
-3.65524
-3.655
-3.6555
-3.65522
-3.65568
-3.6568
-3.65798
-3.65925
-3.66011
-3.66006
-3.6595
-3.65971
-3.65908
-3.65929
-3.65974
-3.65898
-3.65955
-3.65922
-3.6592
-3.65923
-3.66002
-3.65928
-3.65958
-3.65881
-3.65973
-3.65951
-3.65837
-3.65781
-3.65806
-3.65799
-3.65812
-3.66009
-3.66006
-3.65969
-3.6606
-3.65955
-3.65701
-3.65637
-3.65555
-3.65405
-3.65379
-3.65355
-3.65467
-3.65459
-3.65452
-3.65528
-3.65592
-3.65562
-3.65711
-3.65685
-3.65627
-3.65711
-3.65669
-3.65657
-3.65711
-3.65724
-3.65837
-3.65811
-3.65774
-3.65624
-3.65552
-3.65502
-3.65456
-3.65424
-3.65496
-3.65569
-3.65487
-3.65446
-3.65574
-3.65633
-3.65646
-3.65579
-3.65471
-3.65373
-3.653
-3.65298
-3.65323
-3.65242
-3.65343
-3.65342
-3.65342
-3.65502
-3.6557
-3.6547
-3.65556
-3.65505
-3.65441
-3.6537
-3.65421
-3.65405
-3.65361
-3.65223
-3.65233
-3.65192
-3.65198
-3.65246
-3.65329
-3.65522
-3.65599
-3.65683
-3.6582
-3.65834
-3.65784
-3.658
-3.65701
-3.65486
-3.65332
-3.65188
-3.65105
-3.64983
-3.65025
-3.65061
-3.65163
-3.65321
-3.655
-3.65649
-3.65785
-3.65923
-3.6612
-3.66185
-3.66193
-3.66194
-3.6603
-3.65914
-3.65667
-3.65516
-3.65462
-3.65381
-3.65283
-3.65341
-3.65459
-3.65561
-3.65677
-3.65673
-3.65746
-3.65722
-3.6566
-3.65626
-3.65665
-3.65649
-3.65596
-3.65592
-3.65631
-3.65808
-3.65847
-3.65907
-3.65897
-3.65997
-3.65987
-3.65982
-3.65974
-3.66004
-3.66101
-3.66116
-3.66011
-3.65961
-3.65863
-3.65888
-3.65943
-3.65952
-3.66052
-3.66061
-3.66116
-3.66005
-3.66008
-3.66008
-3.66005
-3.658
-3.65752
-3.65715
-3.65662
-3.65656
-3.65595
-3.6553
-3.65551
-3.6559
-3.65656
-3.65813
-3.65764
-3.65855
-3.65983
-3.65917
-3.6585
-3.65853
-3.65753
-3.65631
-3.65477
-3.65494
-3.65519
-3.65567
-3.65663
-3.65628
-3.65617
-3.6553
-3.65419
-3.65372
-3.65345
-3.65231
-3.65138
-3.65055
-3.65054
-3.64971
-3.64993
-3.6507
-3.65147
-3.65269
-3.65235
-3.65214
-3.65275
-3.65243
-3.652
-3.65131
-3.65284
-3.65264
-3.65248
-3.65259
-3.65263
-3.65252
-3.65301
-3.65239
-3.65256
-3.65288
-3.65188
-3.6516
-3.65093
-3.65145
-3.65199
-3.65316
-3.65346
-3.65398
-3.65564
-3.65651
-3.65693
-3.65741
-3.65775
-3.65629
-3.65629
-3.65536
-3.65556
-3.65484
-3.65465
-3.6555
-3.65589
-3.65557
-3.65602
-3.65545
-3.65482
-3.65475
-3.65463
-3.65382
-3.65353
-3.65239
-3.65329
-3.65177
-3.65209
-3.65129
-3.65212
-3.65136
-3.65182
-3.653
-3.65552
-3.65725
-3.65714
-3.6585
-3.65888
-3.65872
-3.65845
-3.65745
-3.6572
-3.65631
-3.65595
-3.65423
-3.65394
-3.65381
-3.65393
-3.6542
-3.6546
-3.65577
-3.65658
-3.65784
-3.65776
-3.65807
-3.65732
-3.6574
-3.65818
-3.65846
-3.65874
-3.65916
-3.65957
-3.65906
-3.659
-3.6579
-3.6577
-3.65749
-3.65828
-3.65798
-3.65794
-3.65804
-3.6577
-3.65782
-3.65715
-3.65703
-3.65671
-3.65668
-3.65611
-3.65566
-3.65622
-3.65579
-3.65583
-3.65566
-3.65543
-3.65559
-3.65603
-3.65629
-3.65686
-3.6576
-3.65737
-3.65848
-3.65834
-3.6593
-3.6596
-3.65871
-3.65856
-3.65778
-3.65761
-3.65595
-3.65616
-3.65482
-3.65394
-3.6545
-3.6549
-3.65382
-3.65336
-3.65405
-3.6549
-3.65491
-3.65496
-3.65436
-3.65364
-3.65476
-3.65567
-3.65578
-3.65588
-3.65703
-3.65728
-3.65807
-3.65758
-3.65725
-3.65749
-3.65722
-3.65724
-3.65783
-3.65691
-3.65691
-3.65668
-3.65605
-3.65522
-3.65413
-3.65453
-3.65351
-3.6533
-3.65333
-3.65303
-3.65418
-3.65565
-3.65675
-3.65711
-3.65798
-3.659
-3.6595
-3.65977
-3.65967
-3.65957
-3.65801
-3.65746
-3.65692
-3.65683
-3.65645
-3.65579
-3.65624
-3.65605
-3.65451
-3.65469
-3.65527
-3.65607
-3.65628
-3.6567
-3.65661
-3.65727
-3.65741
-3.65881
-3.65913
-3.65938
-3.65875
-3.65833
-3.65824
-3.65928
-3.6588
-3.6577
-3.65694
-3.6563
-3.65554
-3.65579
-3.65529
-3.65366
-3.65327
-3.65402
-3.65371
-3.65456
-3.65543
-3.65699
-3.65653
-3.65604
-3.65617
-3.65572
-3.65639
-3.65628
-3.65653
-3.65608
-3.65654
-3.6569
-3.65629
-3.65607
-3.65452
-3.65386
-3.65391
-3.65383
-3.6535
-3.6534
-3.65218
-3.65193
-3.65304
-3.65386
-3.65564
-3.65556
-3.65527
-3.65572
-3.65517
-3.65517
-3.65602
-3.65668
-3.65641
-3.65584
-3.65532
-3.6541
-3.65337
-3.6539
-3.6522
-3.65298
-3.65413
-3.65354
-3.65427
-3.65529
-3.65477
-3.65587
-3.65631
-3.65522
-3.65457
-3.65481
-3.65372
-3.65342
-3.65382
-3.6545
-3.65542
-3.65535
-3.65631
-3.65611
-3.65554
-3.65545
-3.6552
-3.65553
-3.65609
-3.65795
-3.65895
-3.66007
-3.6611
-3.66095
-3.66023
-3.65981
-3.66001
-3.65807
-3.65652
-3.65616
-3.65648
-3.65771
-3.65758
-3.65869
-3.65772
-3.65802
-3.65751
-3.65737
-3.65735
-3.65834
-3.6584
-3.65984
-3.65945
-3.66016
-3.6595
-3.65932
-3.65904
-3.65973
-3.65884
-3.65822
-3.65791
-3.65904
-3.65881
-3.6597
-3.66082
-3.66148
-3.66272
-3.66271
-3.66288
-3.66291
-3.66271
-3.66241
-3.66174
-3.66204
-3.66192
-3.66308
-3.66303
-3.66329
-3.66305
-3.66441
-3.66531
-3.66649
-3.66526
-3.66365
-3.66162
-3.66065
-3.66102
-3.65991
-3.65872
-3.65894
-3.65856
-3.65976
-3.66035
-3.66099
-3.66069
-3.66022
-3.65964
-3.65905
-3.65935
-3.65928
-3.65922
-3.66017
-3.66043
-3.6621
-3.66224
-3.66293
-3.66201
-3.66117
-3.66135
-3.66113
-3.66119
-3.66203
-3.66233
-3.66039
-3.65862
-3.6589
-3.65941
-3.65913
-3.65986
-3.66014
-3.65901
-3.65917
-3.65775
-3.65664
-3.65641
-3.65629
-3.65702
-3.65714
-3.65815
-3.65799
-3.65849
-3.65984
-3.65971
-3.65929
-3.65877
-3.65849
-3.65819
-3.65862
-3.65813
-3.65748
-3.65792
-3.65874
-3.65832
-3.65908
-3.65919
-3.65949
-3.65902
-3.66033
-3.66082
-3.66122
-3.66092
-3.6614
-3.66142
-3.66144
-3.66085
-3.65936
-3.65839
-3.6575
-3.65613
-3.65522
-3.65467
-3.65306
-3.6526
-3.65186
-3.65237
-3.6536
-3.65455
-3.65512
-3.65645
-3.65749
-3.65748
-3.65795
-3.65849
-3.65776
-3.65794
-3.65785
-3.65791
-3.65889
-3.65996
-3.6611
-3.662
-3.66129
-3.66119
-3.66021
-3.65893
-3.65734
-3.65722
-3.65777
-3.65867
-3.65941
-3.65924
-3.65925
-3.65925
-3.65924
-3.65933
-3.65874
-3.65817
-3.65873
-3.65919
-3.65994
-3.65998
-3.66091
-3.66056
-3.66054
-3.66087
-3.66065
-3.66071
-3.66092
-3.66053
-3.66039
-3.66046
-3.66122
-3.65925
-3.6602
-3.66019
-3.6615
-3.66108
-3.66239
-3.66142
-3.66027
-3.66203
-3.66109
-3.66043
-3.6587
-3.65771
-3.65688
-3.65628
-3.65609
-3.65531
-3.65386
-3.65331
-3.65304
-3.65315
-3.65276
-3.65344
-3.65419
-3.65542
-3.65628
-3.65746
-3.65768
-3.65804
-3.65822
-3.65879
-3.65895
-3.65882
-3.65811
-3.65699
-3.65711
-3.65624
-3.65515
-3.65539
-3.65463
-3.65477
-3.65495
-3.6541
-3.65383
-3.65395
-3.65414
-3.65377
-3.65399
-3.65459
-3.65462
-3.65453
-3.65492
-3.65492
-3.65441
-3.65448
-3.65439
-3.65435
-3.65364
-3.65392
-3.65501
-3.65549
-3.65483
-3.65402
-3.65302
-3.65244
-3.65251
-3.65293
-3.6525
-3.65285
-3.65343
-3.65417
-3.65479
-3.65591
-3.65709
-3.65787
-3.65781
-3.65859
-3.66
-3.66092
-3.66012
-3.65915
-3.65842
-3.65812
-3.65826
-3.657
-3.65617
-3.65643
-3.65562
-3.65654
-3.65707
-3.65807
-3.65894
-3.65863
-3.65853
-3.65847
-3.65746
-3.65531
-3.65535
-3.65482
-3.65617
-3.65708
-3.6579
-3.65742
-3.65664
-3.65586
-3.65487
-3.65407
-3.654
-3.65301
-3.65301
-3.65211
-3.65234
-3.6526
-3.65354
-3.65326
-3.65307
-3.65427
-3.65446
-3.65585
-3.65606
-3.65707
-3.6571
-3.65674
-3.65658
-3.65683
-3.65575
-3.65508
-3.65359
-3.65411
-3.65429
-3.6543
-3.65514
-3.65564
-3.65678
-3.65792
-3.65825
-3.65804
-3.6575
-3.65704
-3.65782
-3.65788
-3.65906
-3.65983
-3.66007
-3.6597
-3.65883
-3.65916
-3.65757
-3.65772
-3.65801
-3.65705
-3.65634
-3.65677
-3.65653
-3.65707
-3.65704
-3.65606
-3.65564
-3.65462
-3.65528
-3.65441
-3.65545
-3.65659
-3.65739
-3.65799
-3.65796
-3.65851
-3.65879
-3.65866
-3.65832
-3.65916
-3.65693
-3.65574
-3.65502
-3.65492
-3.65444
-3.65513
-3.65662
-3.65688
-3.65653
-3.65686
-3.65659
-3.65518
-3.65581
-3.65688
-3.65818
-3.6596
-3.65995
-3.66039
-3.66057
-3.66105
-3.66058
-3.65968
-3.65772
-3.65668
-3.65652
-3.65531
-3.65647
-3.65598
-3.65574
-3.65582
-3.65734
-3.65944
-3.65998
-3.65908
-3.65947
-3.66
-3.66074
-3.66029
-3.66042
-3.66178
-3.66162
-3.66161
-3.66175
-3.6613
-3.66145
-3.66116
-3.6605
-3.66046
-3.6583
-3.65721
-3.65607
-3.65667
-3.65654
-3.65702
-3.65781
-3.65758
-3.65878
-3.65911
-3.6596
-3.65953
-3.6589
-3.65913
-3.65804
-3.65743
-3.65654
-3.65692
-3.6562
-3.65552
-3.65558
-3.65582
-3.65565
-3.65571
-3.65654
-3.6569
-3.65681
-3.65731
-3.65732
-3.65678
-3.65691
-3.65711
-3.65741
-3.65799
-3.6573
-3.6585
-3.65969
-3.66035
-3.66106
-3.66173
-3.66059
-3.66098
-3.66151
-3.6606
-3.65942
-3.65916
-3.65833
-3.65852
-3.65757
-3.65691
-3.65478
-3.65509
-3.65496
-3.65494
-3.65619
-3.65538
-3.65537
-3.65465
-3.65533
-3.65526
-3.65577
-3.65635
-3.65664
-3.65674
-3.65622
-3.65618
-3.65611
-3.65519
-3.65438
-3.65327
-3.65338
-3.65395
-3.65438
-3.65506
-3.65374
-3.65438
-3.65461
-3.65465
-3.65445
-3.65408
-3.65415
-3.65392
-3.654
-3.654
-3.65293
-3.65262
-3.65362
-3.65342
-3.65423
-3.65443
-3.65461
-3.65504
-3.65595
-3.65482
-3.65422
-3.65318
-3.65322
-3.65285
-3.65339
-3.65375
-3.65442
-3.65463
-3.65529
-3.65575
-3.6554
-3.65638
-3.65557
-3.65571
-3.65537
-3.65404
-3.65354
-3.6533
-3.65332
-3.65529
-3.65853
-3.65987
-3.6601
-3.66118
-3.66183
-3.66231
-3.66134
-3.66045
-3.661
-3.66049
-3.66067
-3.66032
-3.65995
-3.65945
-3.66036
-3.66008
-3.65964
-3.65928
-3.65889
-3.65807
-3.65835
-3.65871
-3.65914
-3.6593
-3.65964
-3.6603
-3.66024
-3.65974
-3.65979
-3.65997
-3.6603
-3.66086
-3.66238
-3.6617
-3.6618
-3.66179
-3.66151
-3.66179
-3.66172
-3.66128
-3.6613
-3.66196
-3.66229
-3.66179
-3.66145
-3.662
-3.66207
-3.66261
-3.66275
-3.66327
-3.66509
-3.66533
-3.6656
-3.66403
-3.66481
-3.66591
-3.66537
-3.66529
-3.66554
-3.6645
-3.66369
-3.66313
-3.66193
-3.66164
-3.66157
-3.66132
-3.66076
-3.65923
-3.65888
-3.65972
-3.65881
-3.65889
-3.65784
-3.65649
-3.65576
-3.65583
-3.65697
-3.65857
-3.6606
-3.66334
-3.66452
-3.66471
-3.66517
-3.66503
-3.66364
-3.66309
-3.66287
-3.66033
-3.65841
-3.65741
-3.65641
-3.65536
-3.65407
-3.65327
-3.6531
-3.65356
-3.65461
-3.65456
-3.65526
-3.65446
-3.65492
-3.65661
-3.65761
-3.65959
-3.65949
-3.66046
-3.66067
-3.66102
-3.66075
-3.6591
-3.65886
-3.65888
-3.6584
-3.65753
-3.65791
-3.65831
-3.6577
-3.65765
-3.65766
-3.65747
-3.65837
-3.65972
-3.66187
-3.66328
-3.66258
-3.66121
-3.66011
-3.65935
-3.65869
-3.65891
-3.65925
-3.65865
-3.65838
-3.65847
-3.65803
-3.65915
-3.66013
-3.66043
-3.66005
-3.65952
-3.65945
-3.65861
-3.65879
-3.65955
-3.66011
-3.65977
-3.66056
-3.66114
-3.66242
-3.66324
-3.66287
-3.66293
-3.66283
-3.66343
-3.66264
-3.66225
-3.66171
-3.66201
-3.66207
-3.66159
-3.66153
-3.66169
-3.66232
-3.662
-3.66335
-3.66361
-3.66383
-3.66408
-3.66481
-3.66428
-3.66282
-3.66095
-3.66088
-3.65972
-3.65896
-3.65883
-3.65769
-3.65764
-3.65831
-3.65832
-3.65903
-3.65911
-3.65993
-3.66102
-3.66124
-3.6618
-3.66095
-3.66103
-3.66101
-3.6602
-3.65899
-3.65869
-3.65837
-3.65729
-3.65685
-3.65713
-3.65673
-3.65738
-3.65693
-3.657
-3.65791
-3.65875
-3.65879
-3.65852
-3.65889
-3.65808
-3.65742
-3.65676
-3.65636
-3.65562
-3.65651
-3.65692
-3.65654
-3.65629
-3.65646
-3.65692
-3.65736
-3.65766
-3.65636
-3.65759
-3.65689
-3.65658
-3.65742
-3.65803
-3.65817
-3.65982
-3.66024
-3.66041
-3.66001
-3.66076
-3.66001
-3.6593
-3.65909
-3.65785
-3.65753
-3.65694
-3.65552
-3.65487
-3.6538
-3.65401
-3.65347
-3.65328
-3.65434
-3.65403
-3.655
-3.65602
-3.65716
-3.65828
-3.65757
-3.65793
-3.65783
-3.65811
-3.65724
-3.65647
-3.65704
-3.65779
-3.65803
-3.65842
-3.65866
-3.65886
-3.65844
-3.65713
-3.65618
-3.65634
-3.65509
-3.65427
-3.65333
-3.65264
-3.65329
-3.65367
-3.65396
-3.65472
-3.65547
-3.65612
-3.65719
-3.65747
-3.65832
-3.65839
-3.65907
-3.66006
-3.65966
-3.6592
-3.65984
-3.66039
-3.66084
-3.66016
-3.65909
-3.65898
-3.65846
-3.65799
-3.65717
-3.65532
-3.65446
-3.65433
-3.65453
-3.65432
-3.65489
-3.65599
-3.65674
-3.65659
-3.6567
-3.65561
-3.65552
-3.65592
-3.65538
-3.65557
-3.65649
-3.65731
-3.65797
-3.65753
-3.65766
-3.65732
-3.65729
-3.65738
-3.65891
-3.65866
-3.65753
-3.65691
-3.65627
-3.65632
-3.65609
-3.65714
-3.65762
-3.65773
-3.6572
-3.65702
-3.65722
-3.65659
-3.65696
-3.65604
-3.65579
-3.65548
-3.65499
-3.65464
-3.65487
-3.65425
-3.65455
-3.65454
-3.65309
-3.65258
-3.65242
-3.65372
-3.65417
-3.65536
-3.65684
-3.65852
-3.65882
-3.65769
-3.65695
-3.65721
-3.65676
-3.65757
-3.65802
-3.65838
-3.65711
-3.65728
-3.65712
-3.65665
-3.65562
-3.65496
-3.65459
-3.65351
-3.65207
-3.65228
-3.65312
-3.65279
-3.65282
-3.65303
-3.65336
-3.65435
-3.65516
-3.65529
-3.6561
-3.65653
-3.6566
-3.65769
-3.65738
-3.65746
-3.6582
-3.65823
-3.65784
-3.65796
-3.65712
-3.65625
-3.65687
-3.65615
-3.65577
-3.65594
-3.65691
-3.65681
-3.6576
-3.6593
-3.6605
-3.66029
-3.65952
-3.65988
-3.65963
-3.65931
-3.65946
-3.65951
-3.65935
-3.65865
-3.65874
-3.65938
-3.65874
-3.65882
-3.6584
-3.65839
-3.65887
-3.65864
-3.65876
-3.65916
-3.65813
-3.65714
-3.65662
-3.65548
-3.65527
-3.65423
-3.65331
-3.65378
-3.65421
-3.65475
-3.65594
-3.6561
-3.65645
-3.65629
-3.65638
-3.65674
-3.65712
-3.65681
-3.65647
-3.65619
-3.65591
-3.6559
-3.65705
-3.65772
-3.65919
-3.65984
-3.65915
-3.65971
-3.65992
-3.66048
-3.66155
-3.66085
-3.65996
-3.66062
-3.66026
-3.65949
-3.65768
-3.65806
-3.6579
-3.65818
-3.65854
-3.65772
-3.65779
-3.65834
-3.65904
-3.66049
-3.66224
-3.66237
-3.66146
-3.66076
-3.66029
-3.65792
-3.65496
-3.65266
-3.6507
-3.64959
-3.64965
-3.64998
-3.65261
-3.65526
-3.65639
-3.65744
-3.65709
-3.65749
-3.65779
-3.65771
-3.65745
-3.65719
-3.65669
-3.65615
-3.65581
-3.65707
-3.65797
-3.65833
-3.65797
-3.65878
-3.65943
-3.65961
-3.66052
-3.66135
-3.66098
-3.65992
-3.65949
-3.65975
-3.66123
-3.66134
-3.66276
-3.66356
-3.66477
-3.66382
-3.66272
-3.66219
-3.66134
-3.66132
-3.6608
-3.6597
-3.65859
-3.65812
-3.65803
-3.65733
-3.65729
-3.65674
-3.6568
-3.65718
-3.65668
-3.65756
-3.65778
-3.65754
-3.65824
-3.6583
-3.65908
-3.65849
-3.65929
-3.6597
-3.65852
-3.65789
-3.65707
-3.65718
-3.65742
-3.65822
-3.65802
-3.65785
-3.6586
-3.66028
-3.66088
-3.65931
-3.65962
-3.65898
-3.65813
-3.65667
-3.65594
-3.65479
-3.65527
-3.65672
-3.65645
-3.6563
-3.65483
-3.65525
-3.65574
-3.65569
-3.65539
-3.65557
-3.65502
-3.65481
-3.65567
-3.65561
-3.65579
-3.65661
-3.65623
-3.65617
-3.6568
-3.65633
-3.65508
-3.65534
-3.65531
-3.65504
-3.65518
-3.6553
-3.65553
-3.65608
-3.65628
-3.65534
-3.65583
-3.65625
-3.65602
-3.65636
-3.65581
-3.65615
-3.65554
-3.65652
-3.65727
-3.659
-3.66127
-3.66143
-3.66072
-3.66035
-3.65784
-3.65751
-3.65625
-3.65509
-3.65416
-3.65326
-3.65243
-3.65257
-3.65263
-3.65333
-3.65347
-3.65346
-3.65367
-3.6541
-3.65452
-3.65396
-3.65488
-3.6545
-3.65383
-3.65427
-3.65522
-3.65555
-3.65521
-3.65663
-3.65636
-3.65595
-3.65634
-3.6578
-3.6583
-3.65761
-3.65701
-3.65621
-3.65546
-3.65404
-3.6538
-3.65432
-3.65583
-3.65744
-3.6579
-3.65894
-3.65961
-3.66019
-3.6602
-3.66035
-3.65939
-3.66027
-3.66233
-3.66284
-3.66273
-3.66154
-3.66211
-3.66082
-3.6597
-3.66
-3.65942
-3.65965
-3.65937
-3.66025
-3.66002
-3.6594
-3.65828
-3.65779
-3.65728
-3.65718
-3.65697
-3.65668
-3.65809
-3.65819
-3.65969
-3.65991
-3.66057
-3.66065
-3.66033
-3.65947
-3.65812
-3.65667
-3.65471
-3.6539
-3.654
-3.65352
-3.6533
-3.65417
-3.65407
-3.65365
-3.65351
-3.65375
-3.65521
-3.65649
-3.65556
-3.65614
-3.65675
-3.65667
-3.6564
-3.65651
-3.65784
-3.65771
-3.6591
-3.65851
-3.65974
-3.65906
-3.65963
-3.66009
-3.65951
-3.65875
-3.65844
-3.65667
-3.65624
-3.65483
-3.6533
-3.65276
-3.65311
-3.65298
-3.65325
-3.65388
-3.65402
-3.65586
-3.65673
-3.65703
-3.65763
-3.65823
-3.65837
-3.65777
-3.65874
-3.65892
-3.65806
-3.65833
-3.65779
-3.65806
-3.65801
-3.65847
-3.65879
-3.65795
-3.65854
-3.65801
-3.65864
-3.65769
-3.65713
-3.65727
-3.65727
-3.65677
-3.65632
-3.65601
-3.65543
-3.65668
-3.65785
-3.65954
-3.65933
-3.65936
-3.65957
-3.65878
-3.6581
-3.65882
-3.65947
-3.65936
-3.65941
-3.65876
-3.65768
-3.65733
-3.65734
-3.65705
-3.65572
-3.65478
-3.65389
-3.65317
-3.65286
-3.653
-3.65384
-3.65436
-3.65368
-3.65459
-3.65514
-3.65515
-3.65503
-3.65535
-3.65596
-3.65632
-3.656
-3.65608
-3.65621
-3.65594
-3.65538
-3.65551
-3.65558
-3.65533
-3.65474
-3.65289
-3.65225
-3.65247
-3.65243
-3.6517
-3.65125
-3.65161
-3.65147
-3.65085
-3.6513
-3.65168
-3.65324
-3.65407
-3.65514
-3.65541
-3.6554
-3.65572
-3.65617
-3.65684
-3.65728
-3.65722
-3.6571
-3.65788
-3.659
-3.65896
-3.65919
-3.65924
-3.65851
-3.65911
-3.6592
-3.65819
-3.65744
-3.65639
-3.65527
-3.65571
-3.65543
-3.65666
-3.6583
-3.6592
-3.65925
-3.65935
-3.65838
-3.65788
-3.65735
-3.65614
-3.65499
-3.65449
-3.65439
-3.65423
-3.65334
-3.65242
-3.65318
-3.65404
-3.65392
-3.65467
-3.65477
-3.65613
-3.6564
-3.65585
-3.65537
-3.6547
-3.65484
-3.65474
-3.6555
-3.65555
-3.65585
-3.65586
-3.65586
-3.65588
-3.6573
-3.65689
-3.65671
-3.65612
-3.65694
-3.65744
-3.6578
-3.65759
-3.65729
-3.65616
-3.65721
-3.65844
-3.65825
-3.65839
-3.6576
-3.6567
-3.6567
-3.65677
-3.65634
-3.65737
-3.65782
-3.65722
-3.65795
-3.65658
-3.65723
-3.65753
-3.65812
-3.65811
-3.65789
-3.65781
-3.65898
-3.65978
-3.66124
-3.6604
-3.66143
-3.66049
-3.66161
-3.66131
-3.66229
-3.66133
-3.66063
-3.66092
-3.65997
-3.65901
-3.65898
-3.659
-3.65903
-3.65755
-3.65812
-3.65742
-3.65778
-3.65749
-3.65772
-3.65764
-3.65885
-3.65986
-3.66082
-3.66146
-3.66232
-3.66247
-3.66256
-3.66195
-3.66196
-3.66239
-3.66159
-3.66184
-3.66262
-3.66385
-3.66407
-3.66338
-3.66325
-3.66294
-3.66277
-3.66145
-3.65953
-3.65849
-3.65935
-3.65915
-3.65864
-3.65927
-3.65943
-3.66025
-3.66077
-3.66154
-3.66128
-3.66218
-3.66197
-3.66173
-3.66199
-3.66224
-3.6623
-3.6629
-3.66348
-3.6633
-3.66305
-3.66176
-3.66099
-3.66077
-3.65967
-3.65906
-3.65786
-3.65715
-3.65595
-3.6553
-3.65555
-3.65541
-3.65578
-3.65583
-3.65646
-3.65657
-3.6574
-3.65738
-3.65742
-3.65849
-3.65864
-3.6597
-3.66075
-3.66103
-3.66068
-3.66152
-3.66293
-3.66309
-3.66196
-3.66192
-3.66114
-3.66177
-3.66133
-3.66038
-3.66169
-3.66229
-3.66182
-3.66099
-3.66067
-3.66087
-3.66084
-3.66201
-3.66259
-3.6634
-3.66296
-3.66256
-3.66247
-3.66212
-3.66138
-3.66141
-3.66114
-3.66087
-3.65987
-3.66003
-3.66083
-3.6617
-3.66077
-3.66084
-3.66062
-3.65913
-3.65913
-3.65951
-3.65844
-3.65786
-3.65746
-3.6575
-3.65684
-3.65645
-3.6553
-3.65563
-3.65506
-3.65557
-3.65513
-3.65517
-3.65545
-3.65517
-3.65546
-3.65533
-3.65578
-3.65495
-3.65421
-3.65387
-3.654
-3.65381
-3.65317
-3.65329
-3.65416
-3.6537
-3.65464
-3.65588
-3.65676
-3.65774
-3.65831
-3.65881
-3.66047
-3.66042
-3.66034
-3.65975
-3.6591
-3.65796
-3.65634
-3.65594
-3.65411
-3.65246
-3.6513
-3.6516
-3.65195
-3.65266
-3.6552
-3.65787
-3.65989
-3.66131
-3.66162
-3.66217
-3.6619
-3.66159
-3.6614
-3.66163
-3.65978
-3.65895
-3.65856
-3.65906
-3.65713
-3.65668
-3.65661
-3.65645
-3.65696
-3.65677
-3.65707
-3.65706
-3.65731
-3.65783
-3.65852
-3.65835
-3.65844
-3.65907
-3.6585
-3.65891
-3.6593
-3.6583
-3.65806
-3.65744
-3.65571
-3.65657
-3.65582
-3.6555
-3.65611
-3.65618
-3.65549
-3.65651
-3.65628
-3.65641
-3.65646
-3.65691
-3.65609
-3.65535
-3.65559
-3.65605
-3.65662
-3.65715
-3.65657
-3.65499
-3.65464
-3.65405
-3.65407
-3.65331
-3.65263
-3.65267
-3.65345
-3.65398
-3.65463
-3.65471
-3.65534
-3.65665
-3.65771
-3.65809
-3.65855
-3.6591
-3.65985
-3.66044
-3.66008
-3.65954
-3.65871
-3.65859
-3.6581
-3.65704
-3.65671
-3.65677
-3.65773
-3.65778
-3.65737
-3.65737
-3.65793
-3.65763
-3.65639
-3.65716
-3.65602
-3.656
-3.65696
-3.65651
-3.65658
-3.65666
-3.65653
-3.65691
-3.65612
-3.65636
-3.65724
-3.65719
-3.65748
-3.65826
-3.65779
-3.65765
-3.65758
-3.65842
-3.65827
-3.65828
-3.65831
-3.65766
-3.65727
-3.65688
-3.65609
-3.65687
-3.65797
-3.65887
-3.66014
-3.66097
-3.66036
-3.66007
-3.65843
-3.65832
-3.65834
-3.65824
-3.65833
-3.65958
-3.66059
-3.66143
-3.66265
-3.66375
-3.66349
-3.66291
-3.66233
-3.66162
-3.66102
-3.66122
-3.65957
-3.65989
-3.6593
-3.65913
-3.65839
-3.65763
-3.65849
-3.65911
-3.65827
-3.6584
-3.65831
-3.65839
-3.65822
-3.65801
-3.65747
-3.65782
-3.65751
-3.65815
-3.65769
-3.65945
-3.65868
-3.65849
-3.65869
-3.65919
-3.6589
-3.65874
-3.65837
-3.65837
-3.65895
-3.65922
-3.65873
-3.65881
-3.65949
-3.65954
-3.65939
-3.65869
-3.65912
-3.6597
-3.66105
-3.66097
-3.66198
-3.66305
-3.66436
-3.66381
-3.66394
-3.66395
-3.66381
-3.66291
-3.66206
-3.66104
-3.66073
-3.66066
-3.66059
-3.66136
-3.66121
-3.66208
-3.66172
-3.66008
-3.66071
-3.65977
-3.65954
-3.66044
-3.66215
-3.66367
-3.66402
-3.66427
-3.6651
-3.66476
-3.66518
-3.6649
-3.66328
-3.66289
-3.66221
-3.66197
-3.66084
-3.66023
-3.66047
-3.65903
-3.65728
-3.65806
-3.6571
-3.65684
-3.65793
-3.65865
-3.66089
-3.66257
-3.6625
-3.66273
-3.66228
-3.66221
-3.66118
-3.66101
-3.65985
-3.65951
-3.65788
-3.65844
-3.65873
-3.65801
-3.65713
-3.65742
-3.6591
-3.65942
-3.65981
-3.65959
-3.65928
-3.65678
-3.65599
-3.65491
-3.65544
-3.65488
-3.65492
-3.65541
-3.65434
-3.6544
-3.65422
-3.65542
-3.65528
-3.65482
-3.65571
-3.65687
-3.65768
-3.65786
-3.65682
-3.65626
-3.65577
-3.65538
-3.65526
-3.65583
-3.65752
-3.65737
-3.65834
-3.65826
-3.65829
-3.65768
-3.65768
-3.65806
-3.65843
-3.65761
-3.65802
-3.65677
-3.65581
-3.65608
-3.65536
-3.65582
-3.65646
-3.6556
-3.65616
-3.65639
-3.65593
-3.65542
-3.65584
-3.65723
-3.65774
-3.65924
-3.65792
-3.65769
-3.65893
-3.65929
-3.65927
-3.65881
-3.65918
-3.65744
-3.65723
-3.65659
-3.65693
-3.65701
-3.65769
-3.65879
-3.65781
-3.65946
-3.66054
-3.66095
-3.66122
-3.66154
-3.6612
-3.66006
-3.65984
-3.65985
-3.66016
-3.66021
-3.66091
-3.66299
-3.66292
-3.663
-3.66319
-3.66209
-3.66012
-3.65967
-3.659
-3.65912
-3.65906
-3.65833
-3.65842
-3.65885
-3.65857
-3.65906
-3.65985
-3.65985
-3.65944
-3.65992
-3.6598
-3.65925
-3.65865
-3.65852
-3.65816
-3.65866
-3.65836
-3.65741
-3.65788
-3.65763
-3.65674
-3.65711
-3.65747
-3.65681
-3.65673
-3.65662
-3.65659
-3.65663
-3.65779
-3.65882
-3.65899
-3.65984
-3.6595
-3.66094
-3.66092
-3.66194
-3.66237
-3.66345
-3.66454
-3.66573
-3.66612
-3.6656
-3.66561
-3.66435
-3.66446
-3.66466
-3.66354
-3.66278
-3.66256
-3.66178
-3.6609
-3.66168
-3.66183
-3.66119
-3.66147
-3.66051
-3.66081
-3.66048
-3.66126
-3.66112
-3.66236
-3.66412
-3.66479
-3.66464
-3.66303
-3.66268
-3.66254
-3.66065
-3.65902
-3.65756
-3.65664
-3.65548
-3.65466
-3.65467
-3.65408
-3.6544
-3.65438
-3.65546
-3.65642
-3.65742
-3.6582
-3.65868
-3.65899
-3.65949
-3.65904
-3.6591
-3.6594
-3.65866
-3.65895
-3.65794
-3.65763
-3.65816
-3.65711
-3.65749
-3.65782
-3.65814
-3.65847
-3.65821
-3.65912
-3.66126
-3.6618
-3.66194
-3.66204
-3.66099
-3.66024
-3.65858
-3.65712
-3.65679
-3.65679
-3.65777
-3.65898
-3.65961
-3.66211
-3.66325
-3.66325
-3.66346
-3.66236
-3.66142
-3.66139
-3.6609
-3.66112
-3.66168
-3.66138
-3.66149
-3.66101
-3.66105
-3.6604
-3.66044
-3.65997
-3.65961
-3.65908
-3.65717
-3.65617
-3.65592
-3.65534
-3.6543
-3.6545
-3.65454
-3.65467
-3.65553
-3.65554
-3.65562
-3.65531
-3.65555
-3.65572
-3.65535
-3.65587
-3.65611
-3.65509
-3.65423
-3.65445
-3.65484
-3.65401
-3.65402
-3.65369
-3.65219
-3.6519
-3.65269
-3.65198
-3.65355
-3.65449
-3.65555
-3.65522
-3.65622
-3.65602
-3.65609
-3.65537
-3.65553
-3.6556
-3.6558
-3.65508
-3.65493
-3.65439
-3.65404
-3.65355
-3.6531
-3.65347
-3.65334
-3.65346
-3.6538
-3.6543
-3.65428
-3.65415
-3.65408
-3.6538
-3.65442
-3.65462
-3.6553
-3.65628
-3.65675
-3.65818
-3.65784
-3.65714
-3.65692
-3.65681
-3.65865
-3.65858
-3.65786
-3.65777
-3.65848
-3.65795
-3.65658
-3.65711
-3.65696
-3.65679
-3.6559
-3.65432
-3.65404
-3.65335
-3.65321
-3.65294
-3.65327
-3.65357
-3.65488
-3.65746
-3.6581
-3.65928
-3.65914
-3.66026
-3.65955
-3.65981
-3.65975
-3.65984
-3.65843
-3.65719
-3.65678
-3.65767
-3.65834
-3.65801
-3.65784
-3.65809
-3.65829
-3.6589
-3.65856
-3.65819
-3.65865
-3.65827
-3.65799
-3.65804
-3.65774
-3.6574
-3.65756
-3.65859
-3.65818
-3.65872
-3.65921
-3.65808
-3.65828
-3.65718
-3.65765
-3.65797
-3.65836
-3.65963
-3.65956
-3.65826
-3.65752
-3.6571
-3.65628
-3.65587
-3.65563
-3.65495
-3.65401
-3.65338
-3.6541
-3.65433
-3.65513
-3.65502
-3.65572
-3.65576
-3.65673
-3.65597
-3.65636
-3.65619
-3.6578
-3.65835
-3.659
-3.65966
-3.66079
-3.6609
-3.65984
-3.65726
-3.65651
-3.65442
-3.65413
-3.65434
-3.65475
-3.65418
-3.65384
-3.65419
-3.65441
-3.65529
-3.65652
-3.65615
-3.65684
-3.65865
-3.65788
-3.65782
-3.6581
-3.65864
-3.65902
-3.65786
-3.65813
-3.65799
-3.65778
-3.65877
-3.66005
-3.66054
-3.6615
-3.66197
-3.66255
-3.66251
-3.66246
-3.66278
-3.66323
-3.66285
-3.66197
-3.66174
-3.66105
-3.6619
-3.66069
-3.65909
-3.65891
-3.65954
-3.65896
-3.65926
-3.65979
-3.65906
-3.65893
-3.65801
-3.65817
-3.65823
-3.65899
-3.65903
-3.65882
-3.65911
-3.65886
-3.65832
-3.65765
-3.65894
-3.65946
-3.65964
-3.6603
-3.66012
-3.66173
-3.6627
-3.66219
-3.66123
-3.66043
-3.66065
-3.66016
-3.65935
-3.65987
-3.66003
-3.66124
-3.66176
-3.66167
-3.66141
-3.66056
-3.65858
-3.65767
-3.65899
-3.65884
-3.65819
-3.65808
-3.65815
-3.65948
-3.66058
-3.66092
-3.66119
-3.66171
-3.66179
-3.66302
-3.66353
-3.66307
-3.66241
-3.66192
-3.66209
-3.66074
-3.65985
-3.6583
-3.65816
-3.65745
-3.6585
-3.65965
-3.66002
-3.65949
-3.65964
-3.65994
-3.65989
-3.65999
-3.66018
-3.66089
-3.66028
-3.66041
-3.6598
-3.65858
-3.65836
-3.65681
-3.65621
-3.65572
-3.65552
-3.65534
-3.65562
-3.65659
-3.65695
-3.65765
-3.65771
-3.65806
-3.65786
-3.65665
-3.65651
-3.65647
-3.65622
-3.65705
-3.65852
-3.65884
-3.65881
-3.6581
-3.65793
-3.65807
-3.65783
-3.65757
-3.65689
-3.65643
-3.6565
-3.65617
-3.65546
-3.65558
-3.65504
-3.65563
-3.65657
-3.65584
-3.65542
-3.65683
-3.6571
-3.65731
-3.65805
-3.6593
-3.65999
-3.66114
-3.66134
-3.66112
-3.66023
-3.65992
-3.65986
-3.66003
-3.66024
-3.65913
-3.65887
-3.65756
-3.65651
-3.6571
-3.65761
-3.6576
-3.65785
-3.65783
-3.65866
-3.65906
-3.65941
-3.65966
-3.6592
-3.65823
-3.65748
-3.65721
-3.65712
-3.65704
-3.65766
-3.65816
-3.65864
-3.66002
-3.65922
-3.65877
-3.65816
-3.65885
-3.65804
-3.65594
-3.6556
-3.65449
-3.65327
-3.65292
-3.65133
-3.65134
-3.65244
-3.6544
-3.65443
-3.6553
-3.65618
-3.65607
-3.65606
-3.65609
-3.65601
-3.65576
-3.65586
-3.65634
-3.65673
-3.65763
-3.65707
-3.65742
-3.65668
-3.65676
-3.6554
-3.65612
-3.6556
-3.65526
-3.65551
-3.65674
-3.65826
-3.65889
-3.65958
-3.6585
-3.65867
-3.65813
-3.65733
-3.65604
-3.65568
-3.65515
-3.65405
-3.65412
-3.65326
-3.65298
-3.65343
-3.65349
-3.65405
-3.65372
-3.65429
-3.65381
-3.65363
-3.65393
-3.65399
-3.65381
-3.65418
-3.65509
-3.65576
-3.65572
-3.65615
-3.65719
-3.65759
-3.65778
-3.65769
-3.65832
-3.65875
-3.6579
-3.65688
-3.65575
-3.6541
-3.6537
-3.65365
-3.65236
-3.65211
-3.65255
-3.65454
-3.6569
-3.6574
-3.65723
-3.65744
-3.65593
-3.65541
-3.65564
-3.65546
-3.65444
-3.65326
-3.65307
-3.65351
-3.65401
-3.65508
-3.65684
-3.65886
-3.65869
-3.65843
-3.65832
-3.65791
-3.65748
-3.65656
-3.65677
-3.65692
-3.65744
-3.65777
-3.65781
-3.65745
-3.6579
-3.6581
-3.65822
-3.65785
-3.65706
-3.65713
-3.65881
-3.65912
-3.65868
-3.65894
-3.65792
-3.65843
-3.65895
-3.65892
-3.65922
-3.65899
-3.6601
-3.66089
-3.6622
-3.66295
-3.66287
-3.663
-3.66176
-3.66106
-3.66073
-3.65999
-3.65915
-3.65833
-3.65865
-3.65845
-3.65966
-3.66019
-3.66182
-3.66299
-3.66332
-3.6654
-3.66567
-3.66497
-3.66479
-3.6636
-3.66243
-3.66173
-3.65934
-3.65878
-3.65793
-3.65705
-3.65668
-3.65723
-3.65752
-3.65715
-3.65697
-3.65661
-3.65788
-3.65753
-3.65829
-3.65867
-3.65902
-3.66024
-3.66009
-3.66044
-3.66088
-3.66088
-3.66074
-3.66183
-3.6612
-3.66074
-3.66061
-3.65963
-3.65894
-3.65891
-3.65946
-3.65989
-3.66072
-3.66084
-3.6621
-3.66132
-3.6617
-3.66115
-3.66065
-3.6612
-3.66199
-3.66179
-3.66127
-3.66139
-3.66027
-3.6613
-3.66109
-3.66061
-3.66002
-3.65958
-3.65927
-3.65803
-3.65732
-3.65674
-3.65668
-3.6576
-3.65807
-3.65962
-3.6594
-3.66007
-3.66016
-3.65959
-3.65947
-3.65997
-3.65912
-3.65885
-3.6581
-3.6579
-3.65914
-3.65846
-3.65768
-3.65774
-3.65632
-3.65624
-3.65589
-3.65538
-3.65611
-3.65539
-3.65498
-3.65416
-3.65376
-3.65388
-3.65502
-3.65478
-3.65496
-3.65582
-3.65598
-3.65645
-3.65754
-3.65817
-3.65866
-3.65884
-3.65927
-3.65824
-3.65813
-3.6582
-3.65788
-3.65859
-3.6596
-3.65942
-3.65893
-3.65814
-3.6587
-3.65841
-3.65896
-3.65965
-3.65985
-3.66055
-3.66059
-3.66037
-3.65908
-3.65839
-3.65863
-3.65925
-3.65831
-3.65786
-3.65779
-3.65802
-3.65779
-3.65772
-3.65797
-3.65811
-3.65951
-3.66076
-3.66189
-3.66275
-3.66318
-3.66352
-3.66304
-3.66185
-3.66086
-3.65949
-3.65861
-3.65797
-3.65729
-3.65683
-3.65741
-3.65713
-3.65862
-3.65912
-3.65935
-3.66023
-3.66056
-3.65933
-3.65955
-3.65924
-3.65915
-3.65867
-3.65754
-3.65854
-3.65919
-3.65863
-3.65871
-3.65802
-3.65824
-3.65803
-3.65727
-3.65626
-3.65584
-3.6554
-3.65375
-3.65408
-3.6545
-3.65539
-3.65569
-3.65607
-3.65773
-3.65728
-3.65732
-3.6575
-3.65791
-3.65713
-3.65717
-3.65724
-3.65666
-3.65736
-3.65892
-3.65873
-3.65752
-3.65852
-3.65868
-3.6593
-3.65936
-3.65952
-3.66016
-3.66004
-3.65932
-3.66033
-3.65982
-3.65964
-3.65935
-3.65937
-3.6597
-3.65823
-3.65866
-3.6589
-3.65895
-3.65872
-3.65979
-3.65858
-3.65901
-3.65955
-3.65796
-3.65774
-3.65717
-3.65601
-3.65568
-3.6559
-3.65566
-3.65634
-3.65633
-3.65673
-3.65647
-3.65742
-3.65846
-3.65895
-3.6592
-3.65904
-3.65769
-3.6564
-3.65631
-3.65638
-3.65601
-3.65489
-3.65539
-3.65557
-3.65449
-3.65417
-3.65335
-3.65314
-3.65209
-3.65129
-3.65094
-3.65122
-3.65111
-3.65202
-3.65334
-3.65464
-3.65588
-3.65684
-3.6568
-3.65656
-3.65501
-3.65468
-3.65537
-3.65513
-3.65369
-3.65346
-3.65298
-3.65326
-3.65217
-3.65206
-3.65227
-3.65438
-3.65493
-3.65544
-3.65488
-3.65457
-3.65447
-3.65468
-3.65479
-3.65534
-3.65592
-3.65685
-3.65756
-3.65755
-3.65819
-3.65809
-3.65645
-3.6557
-3.65583
-3.6549
-3.65518
-3.65587
-3.65607
-3.65583
-3.65585
-3.65547
-3.65649
-3.65739
-3.65863
-3.6602
-3.66028
-3.65993
-3.65976
-3.65797
-3.6565
-3.6555
-3.65451
-3.65419
-3.65471
-3.65527
-3.65668
-3.65893
-3.65959
-3.66073
-3.66077
-3.66123
-3.66008
-3.65918
-3.65912
-3.65832
-3.65821
-3.65712
-3.65665
-3.65644
-3.65614
-3.65647
-3.65709
-3.65746
-3.65714
-3.65634
-3.65594
-3.65593
-3.65702
-3.65723
-3.6585
-3.65983
-3.66145
-3.66202
-3.66196
-3.66179
-3.66163
-3.65967
-3.65896
-3.658
-3.65766
-3.65921
-3.65898
-3.66018
-3.66147
-3.66278
-3.66389
-3.66389
-3.66414
-3.66458
-3.6638
-3.66359
-3.66264
-3.66254
-3.66175
-3.66139
-3.66201
-3.66154
-3.66063
-3.66014
-3.6592
-3.65789
-3.65734
-3.65624
-3.65506
-3.65454
-3.65394
-3.65388
-3.65441
-3.65361
-3.65315
-3.65211
-3.65257
-3.65274
-3.65378
-3.65444
-3.65536
-3.6552
-3.65494
-3.65584
-3.65522
-3.65439
-3.65325
-3.65318
-3.65372
-3.65321
-3.6548
-3.65559
-3.65493
-3.6555
-3.65564
-3.65703
-3.658
-3.65896
-3.65934
-3.6604
-3.66078
-3.65946
-3.65927
-3.65789
-3.65763
-3.65758
-3.65816
-3.65751
-3.65676
-3.65695
-3.65714
-3.65676
-3.65513
-3.65476
-3.65461
-3.65498
-3.65507
-3.65574
-3.65785
-3.65792
-3.65813
-3.659
-3.6595
-3.65851
-3.65903
-3.65925
-3.65816
-3.65801
-3.65881
-3.65871
-3.65852
-3.65873
-3.65935
-3.65987
-3.6594
-3.65944
-3.65937
-3.65862
-3.65879
-3.65816
-3.65759
-3.65731
-3.65672
-3.65776
-3.65938
-3.66007
-3.66085
-3.66147
-3.6626
-3.66181
-3.66126
-3.65953
-3.66011
-3.6594
-3.65869
-3.65903
-3.65898
-3.65861
-3.65943
-3.66064
-3.66151
-3.66271
-3.66241
-3.66228
-3.66218
-3.66268
-3.66254
-3.66209
-3.66123
-3.65978
-3.66008
-3.66066
-3.6604
-3.66088
-3.66032
-3.65975
-3.65828
-3.65843
-3.6582
-3.65707
-3.65798
-3.65818
-3.65819
-3.65837
-3.65862
-3.6593
-3.65888
-3.65933
-3.65811
-3.65699
-3.65708
-3.65634
-3.65726
-3.65717
-3.65764
-3.65778
-3.65795
-3.6582
-3.6596
-3.65962
-3.66048
-3.66088
-3.66063
-3.66152
-3.66204
-3.66296
-3.66293
-3.66291
-3.66202
-3.66013
-3.65971
-3.66017
-3.65965
-3.66036
-3.66052
-3.66111
-3.66192
-3.66212
-3.66137
-3.66131
-3.6604
-3.65868
-3.65851
-3.65818
-3.65815
-3.65874
-3.65919
-3.6605
-3.66083
-3.66014
-3.65907
-3.65804
-3.65881
-3.65761
-3.65787
-3.6589
-3.66035
-3.66035
-3.65904
-3.65866
-3.65911
-3.65894
-3.65813
-3.65861
-3.65878
-3.65916
-3.66024
-3.66029
-3.66114
-3.662
-3.66269
-3.66303
-3.66295
-3.66251
-3.66127
-3.65968
-3.65801
-3.65728
-3.65769
-3.65838
-3.65811
-3.65743
-3.65926
-3.66047
-3.66052
-3.65997
-3.66061
-3.66141
-3.6609
-3.66046
-3.65948
-3.65857
-3.6578
-3.65739
-3.65706
-3.65669
-3.6554
-3.65562
-3.65548
-3.6556
-3.65501
-3.65715
-3.6581
-3.65912
-3.66048
-3.6604
-3.66016
-3.66118
-3.66077
-3.66158
-3.66257
-3.66314
-3.66338
-3.66478
-3.66379
-3.66201
-3.6606
-3.65923
-3.65857
-3.65878
-3.65904
-3.66011
-3.66019
-3.65965
-3.65914
-3.65778
-3.65781
-3.65716
-3.65815
-3.65749
-3.65952
-3.65889
-3.6588
-3.65844
-3.65742
-3.65664
-3.65672
-3.65707
-3.65718
-3.6587
-3.65983
-3.66035
-3.6604
-3.66078
-3.66135
-3.66216
-3.6625
-3.66301
-3.6622
-3.66038
-3.65982
-3.6598
-3.65919
-3.65852
-3.65786
-3.65817
-3.65831
-3.65843
-3.66017
-3.66114
-3.66174
-3.66202
-3.66218
-3.66253
-3.66186
-3.66064
-3.6601
-3.65973
-3.66103
-3.6611
-3.66145
-3.66052
-3.65963
-3.66015
-3.66065
-3.66218
-3.66198
-3.66143
-3.66051
-3.66071
-3.66044
-3.6594
-3.65981
-3.66004
-3.65969
-3.65916
-3.65975
-3.66009
-3.65991
-3.66005
-3.6603
-3.6605
-3.66149
-3.66111
-3.6618
-3.6608
-3.66022
-3.66
-3.66116
-3.66074
-3.66038
-3.66059
-3.65998
-3.66007
-3.65882
-3.65813
-3.65764
-3.65712
-3.65616
-3.65667
-3.65661
-3.65742
-3.65726
-3.65679
-3.65682
-3.65684
-3.65591
-3.65727
-3.65786
-3.65915
-3.65921
-3.65919
-3.65928
-3.65854
-3.65856
-3.65805
-3.65684
-3.65657
-3.65684
-3.65587
-3.65564
-3.65434
-3.65448
-3.65388
-3.65384
-3.65335
-3.65401
-3.65308
-3.6529
-3.65122
-3.65037
-3.65042
-3.65101
-3.65189
-3.65306
-3.65534
-3.65561
-3.65471
-3.65502
-3.65371
-3.65278
-3.65225
-3.65145
-3.65031
-3.65052
-3.65077
-3.65175
-3.6523
-3.65346
-3.65464
-3.65549
-3.65514
-3.65535
-3.65501
-3.65585
-3.65675
-3.65669
-3.65583
-3.65581
-3.65543
-3.65539
-3.65544
-3.65528
-3.65507
-3.65403
-3.65359
-3.65279
-3.65252
-3.65213
-3.65134
-3.65261
-3.65503
-3.65508
-3.65577
-3.65472
-3.65558
-3.65556
-3.65569
-3.65431
-3.6541
-3.65408
-3.65277
-3.65261
-3.65285
-3.65343
-3.65411
-3.65508
-3.65667
-3.65671
-3.65533
-3.65424
-3.65517
-3.65523
-3.65454
-3.65526
-3.65616
-3.65655
-3.65719
-3.65695
-3.65674
-3.65713
-3.65839
-3.6596
-3.66075
-3.66106
-3.6606
-3.66125
-3.66042
-3.65946
-3.65914
-3.65814
-3.65939
-3.6602
-3.66149
-3.66145
-3.66012
-3.66055
-3.65869
-3.65804
-3.65876
-3.65912
-3.6599
-3.66086
-3.66052
-3.66164
-3.66184
-3.66183
-3.66145
-3.66166
-3.66178
-3.66163
-3.6606
-3.66016
-3.66076
-3.66164
-3.66145
-3.66143
-3.66137
-3.66142
-3.66132
-3.6607
-3.66148
-3.66083
-3.66168
-3.66138
-3.66178
-3.66151
-3.6623
-3.66335
-3.66277
-3.66316
-3.66349
-3.66322
-3.66295
-3.66288
-3.66281
-3.66397
-3.66274
-3.66293
-3.66335
-3.66244
-3.66151
-3.65992
-3.6584
-3.65676
-3.65736
-3.65681
-3.65663
-3.65728
-3.65701
-3.65845
-3.66028
-3.65961
-3.6602
-3.65982
-3.6598
-3.65978
-3.65995
-3.65916
-3.65814
-3.65807
-3.65869
-3.65971
-3.66001
-3.65919
-3.65847
-3.65987
-3.65976
-3.65982
-3.659
-3.6585
-3.65925
-3.65928
-3.6594
-3.65975
-3.66031
-3.66044
-3.66053
-3.66037
-3.66101
-3.66114
-3.6608
-3.66054
-3.66041
-3.66204
-3.6617
-3.66151
-3.66075
-3.66049
-3.65991
-3.65958
-3.65814
-3.65734
-3.65738
-3.65655
-3.65667
-3.65627
-3.65617
-3.6556
-3.65507
-3.6547
-3.65428
-3.65422
-3.65505
-3.65558
-3.65637
-3.65866
-3.65986
-3.66074
-3.66154
-3.66089
-3.66123
-3.66045
-3.66002
-3.65919
-3.65878
-3.6577
-3.65609
-3.65468
-3.65447
-3.65502
-3.65586
-3.65644
-3.65741
-3.65835
-3.65933
-3.65895
-3.65951
-3.66072
-3.66105
-3.65993
-3.65995
-3.65908
-3.65845
-3.65779
-3.65775
-3.65756
-3.65795
-3.65815
-3.65852
-3.65959
-3.65956
-3.6608
-3.66061
-3.65921
-3.65879
-3.65838
-3.65818
-3.65839
-3.65873
-3.65872
-3.65863
-3.65841
-3.65942
-3.65909
-3.66035
-3.66109
-3.66159
-3.66136
-3.66124
-3.66068
-3.66095
-3.66006
-3.65908
-3.65781
-3.65692
-3.6562
-3.65571
-3.65479
-3.65521
-3.6551
-3.65577
-3.65676
-3.65742
-3.65806
-3.65944
-3.66037
-3.66042
-3.6599
-3.6597
-3.65972
-3.65944
-3.65853
-3.65799
-3.65694
-3.65756
-3.65653
-3.65637
-3.65702
-3.65803
-3.65767
-3.65695
-3.65671
-3.6578
-3.65784
-3.65851
-3.65945
-3.65917
-3.65935
-3.65958
-3.65846
-3.65714
-3.65598
-3.65553
-3.65612
-3.6563
-3.65676
-3.65807
-3.65851
-3.65927
-3.66063
-3.66083
-3.66041
-3.66011
-3.65964
-3.65937
-3.6587
-3.65829
-3.65804
-3.65837
-3.65844
-3.65831
-3.65873
-3.65884
-3.65897
-3.65848
-3.65776
-3.65795
-3.6575
-3.65676
-3.65664
-3.65546
-3.6535
-3.65251
-3.65218
-3.65183
-3.6524
-3.65212
-3.65249
-3.65277
-3.65436
-3.65503
-3.65558
-3.65564
-3.65566
-3.65618
-3.65652
-3.65777
-3.65826
-3.65851
-3.65917
-3.6586
-3.65869
-3.65795
-3.65814
-3.65696
-3.65696
-3.65698
-3.65747
-3.65881
-3.65971
-3.65978
-3.66029
-3.66047
-3.66017
-3.66037
-3.65935
-3.65889
-3.6579
-3.65764
-3.65827
-3.65911
-3.6608
-3.66065
-3.66113
-3.66037
-3.6608
-3.66111
-3.66119
-3.66064
-3.66088
-3.66132
-3.66164
-3.66102
-3.65968
-3.65936
-3.65875
-3.65778
-3.65715
-3.65722
-3.65711
-3.65665
-3.65612
-3.65627
-3.65654
-3.65693
-3.65684
-3.6567
-3.65783
-3.65774
-3.65853
-3.65834
-3.65958
-3.65933
-3.65982
-3.6603
-3.6597
-3.65899
-3.659
-3.65799
-3.65799
-3.6583
-3.65937
-3.65966
-3.66036
-3.66083
-3.6603
-3.66098
-3.661
-3.66072
-3.66021
-3.66034
-3.65964
-3.65819
-3.65973
-3.65953
-3.6589
-3.65847
-3.65856
-3.65804
-3.65792
-3.65845
-3.65995
-3.66035
-3.66043
-3.6602
-3.66
-3.66032
-3.66014
-3.66034
-3.66064
-3.66064
-3.66101
-3.66133
-3.66132
-3.6614
-3.66123
-3.6602
-3.66034
-3.6596
-3.65933
-3.65928
-3.658
-3.65833
-3.65902
-3.65941
-3.65926
-3.65951
-3.65895
-3.659
-3.65886
-3.65771
-3.65764
-3.65655
-3.65577
-3.65672
-3.65727
-3.65871
-3.65915
-3.65943
-3.65968
-3.65954
-3.65907
-3.65807
-3.65642
-3.65626
-3.65645
-3.6558
-3.65516
-3.65433
-3.65578
-3.65639
-3.65633
-3.65613
-3.65542
-3.65592
-3.65645
-3.65625
-3.65696
-3.65762
-3.6576
-3.65692
-3.65766
-3.65722
-3.65726
-3.65827
-3.65923
-3.65887
-3.65998
-3.65952
-3.65944
-3.65895
-3.65869
-3.65816
-3.65829
-3.65842
-3.65872
-3.65833
-3.65773
-3.65826
-3.65715
-3.65735
-3.65751
-3.65754
-3.65797
-3.65824
-3.65787
-3.65801
-3.65774
-3.65642
-3.65536
-3.65622
-3.65544
-3.6542
-3.65458
-3.65419
-3.65391
-3.654
-3.65521
-3.65546
-3.65624
-3.65694
-3.65683
-3.65668
-3.65666
-3.65678
-3.65673
-3.6574
-3.65681
-3.65696
-3.65681
-3.65607
-3.65701
-3.6572
-3.65633
-3.65576
-3.65558
-3.6554
-3.65544
-3.65553
-3.65615
-3.65745
-3.65672
-3.65707
-3.6572
-3.65705
-3.65672
-3.65615
-3.65599
-3.65548
-3.65473
-3.65562
-3.6563
-3.6551
-3.65353
-3.6528
-3.65218
-3.65198
-3.65106
-3.65056
-3.65073
-3.65027
-3.65031
-3.65207
-3.65227
-3.65343
-3.6542
-3.65475
-3.65521
-3.65493
-3.65491
-3.65475
-3.65393
-3.65438
-3.65415
-3.65395
-3.65432
-3.6542
-3.65257
-3.65192
-3.65286
-3.65238
-3.65284
-3.65302
-3.65292
-3.653
-3.6527
-3.65251
-3.65289
-3.65353
-3.65378
-3.65321
-3.65598
-3.65642
-3.65663
-3.65678
-3.65662
-3.65562
-3.65519
-3.65452
-3.65457
-3.65528
-3.65529
-3.65696
-3.65731
-3.65718
-3.65744
-3.65709
-3.65795
-3.65826
-3.65798
-3.65858
-3.6599
-3.66103
-3.66006
-3.66065
-3.65947
-3.66028
-3.66048
-3.66033
-3.6598
-3.66037
-3.66025
-3.66072
-3.66019
-3.66021
-3.66
-3.65991
-3.66031
-3.65982
-3.65894
-3.66003
-3.66104
-3.66109
-3.66133
-3.66096
-3.66067
-3.66124
-3.66165
-3.66027
-3.66038
-3.65949
-3.65806
-3.65724
-3.65707
-3.65772
-3.6596
-3.66067
-3.66059
-3.66109
-3.66117
-3.66058
-3.65992
-3.65964
-3.65796
-3.65757
-3.65771
-3.65832
-3.65833
-3.65985
-3.65973
-3.65915
-3.65854
-3.65734
-3.65524
-3.65532
-3.65576
-3.65535
-3.65469
-3.65349
-3.65285
-3.65356
-3.65314
-3.65289
-3.65387
-3.6543
-3.65546
-3.65595
-3.65688
-3.65682
-3.65725
-3.65723
-3.65741
-3.65792
-3.65779
-3.65785
-3.65766
-3.65768
-3.65629
-3.65579
-3.65527
-3.65505
-3.65576
-3.65522
-3.65503
-3.65494
-3.6555
-3.65627
-3.65677
-3.65751
-3.65715
-3.65645
-3.65622
-3.65558
-3.65434
-3.6543
-3.65562
-3.65661
-3.65691
-3.65731
-3.65862
-3.65865
-3.65908
-3.65947
-3.66039
-3.66031
-3.65988
-3.65907
-3.65884
-3.65841
-3.65718
-3.656
-3.65608
-3.65514
-3.65531
-3.6547
-3.65526
-3.65579
-3.65579
-3.65783
-3.65867
-3.65913
-3.65883
-3.65981
-3.66105
-3.66262
-3.66382
-3.66455
-3.66432
-3.66421
-3.66439
-3.6635
-3.66232
-3.66165
-3.66109
-3.65994
-3.65988
-3.65985
-3.65908
-3.65861
-3.65756
-3.65885
-3.65833
-3.65891
-3.65912
-3.65934
-3.6595
-3.66009
-3.65966
-3.66064
-3.66081
-3.66179
-3.66107
-3.66111
-3.66078
-3.66058
-3.66124
-3.66099
-3.66147
-3.6609
-3.66107
-3.6615
-3.6608
-3.66025
-3.65959
-3.66048
-3.65959
-3.65981
-3.66039
-3.66084
-3.66209
-3.66228
-3.66264
-3.66209
-3.66025
-3.65995
-3.65966
-3.65859
-3.65785
-3.65747
-3.65829
-3.65761
-3.65868
-3.65859
-3.65924
-3.65982
-3.65994
-3.66042
-3.66053
-3.66122
-3.66204
-3.66275
-3.66189
-3.66267
-3.66249
-3.66195
-3.6624
-3.66209
-3.66202
-3.6611
-3.66133
-3.66108
-3.66116
-3.66205
-3.66179
-3.66227
-3.66316
-3.66332
-3.66315
-3.66227
-3.66389
-3.66343
-3.66418
-3.66441
-3.66439
-3.66412
-3.66406
-3.66304
-3.66293
-3.66334
-3.66297
-3.66261
-3.66282
-3.66271
-3.662
-3.66201
-3.66086
-3.66099
-3.66129
-3.66158
-3.66138
-3.66068
-3.66066
-3.66048
-3.6594
-3.65879
-3.65798
-3.65746
-3.65798
-3.65839
-3.65951
-3.66063
-3.66119
-3.6617
-3.66193
-3.66211
-3.66206
-3.66106
-3.6595
-3.65786
-3.65768
-3.65673
-3.65607
-3.65547
-3.65608
-3.6573
-3.65917
-3.65951
-3.66027
-3.65979
-3.65998
-3.65872
-3.65899
-3.65857
-3.65836
-3.65935
-3.65942
-3.65963
-3.65943
-3.66022
-3.66031
-3.66016
-3.65981
-3.65969
-3.65901
-3.65836
-3.65753
-3.65792
-3.65834
-3.65824
-3.65845
-3.65974
-3.66006
-3.66267
-3.66362
-3.66285
-3.66259
-3.66129
-3.66004
-3.65808
-3.65786
-3.65817
-3.65811
-3.65806
-3.65941
-3.65945
-3.66025
-3.66069
-3.66224
-3.66163
-3.66125
-3.66142
-3.66009
-3.6584
-3.6572
-3.6569
-3.6564
-3.65628
-3.65602
-3.65584
-3.65556
-3.6567
-3.65877
-3.65963
-3.65948
-3.6597
-3.65991
-3.66008
-3.65952
-3.65887
-3.65856
-3.65795
-3.65868
-3.65816
-3.65734
-3.65789
-3.65774
-3.65717
-3.65794
-3.65799
-3.65774
-3.65737
-3.65709
-3.65606
-3.65573
-3.65373
-3.65408
-3.65396
-3.65516
-3.65604
-3.65607
-3.65659
-3.65649
-3.65688
-3.65746
-3.65716
-3.65689
-3.65703
-3.65679
-3.65797
-3.65857
-3.65859
-3.65906
-3.65933
-3.65746
-3.65622
-3.65636
-3.6567
-3.65713
-3.65816
-3.65817
-3.65835
-3.65724
-3.65623
-3.65481
-3.65384
-3.65466
-3.65497
-3.6558
-3.65683
-3.65727
-3.65804
-3.65834
-3.65763
-3.65803
-3.6585
-3.65873
-3.65814
-3.65904
-3.65912
-3.65945
-3.65936
-3.65816
-3.65642
-3.65593
-3.65498
-3.655
-3.65595
-3.65511
-3.65562
-3.65587
-3.65544
-3.65446
-3.65313
-3.65254
-3.65375
-3.65361
-3.6543
-3.65579
-3.65832
-3.65868
-3.65995
-3.66011
-3.66008
-3.65964
-3.66007
-3.65997
-3.65776
-3.65816
-3.65773
-3.65813
-3.65796
-3.6566
-3.65631
-3.6556
-3.65618
-3.65703
-3.65756
-3.65805
-3.65814
-3.65823
-3.65841
-3.65684
-3.65716
-3.65682
-3.65664
-3.6562
-3.65604
-3.65604
-3.65681
-3.65705
-3.65693
-3.6573
-3.65652
-3.65735
-3.65756
-3.65771
-3.65809
-3.65761
-3.65796
-3.65764
-3.65713
-3.65672
-3.65608
-3.6569
-3.65667
-3.6565
-3.65657
-3.65644
-3.65667
-3.65674
-3.6563
-3.65589
-3.65507
-3.65494
-3.65544
-3.65506
-3.65493
-3.65498
-3.65345
-3.65323
-3.65242
-3.65264
-3.65271
-3.65392
-3.65303
-3.65408
-3.65501
-3.65374
-3.65273
-3.65225
-3.65113
-3.65111
-3.65216
-3.65368
-3.65484
-3.65576
-3.65693
-3.6577
-3.65759
-3.65595
-3.65385
-3.65269
-3.65144
-3.64997
-3.64816
-3.64908
-3.65059
-3.65238
-3.65409
-3.65623
-3.65737
-3.6574
-3.65794
-3.65774
-3.65802
-3.65817
-3.65741
-3.65676
-3.65617
-3.656
-3.65615
-3.65619
-3.65598
-3.65486
-3.65424
-3.6544
-3.65439
-3.65444
-3.65465
-3.65519
-3.65539
-3.65478
-3.65463
-3.65544
-3.65451
-3.65425
-3.65463
-3.65622
-3.65643
-3.65677
-3.65619
-3.65593
-3.65691
-3.65747
-3.6577
-3.65767
-3.65679
-3.6577
-3.6563
-3.65615
-3.65487
-3.65423
-3.6539
-3.65386
-3.65423
-3.65552
-3.6564
-3.6574
-3.65829
-3.65894
-3.65941
-3.65975
-3.65913
-3.65926
-3.66002
-3.65912
-3.65938
-3.65953
-3.66
-3.66035
-3.65886
-3.6589
-3.65811
-3.65876
-3.65829
-3.65716
-3.65643
-3.6569
-3.65723
