0.971401
0.888877
0.776931
0.656345
0.531017
0.397984
0.268126
0.163609
0.10541
0.108051
0.178864
0.318331
0.519736
0.763542
1.02084
1.25337
1.43425
1.55238
1.61524
1.63989
1.64438
1.64361
1.64289
1.65135
1.6701
1.69893
1.73488
1.76907
1.794
1.8077
1.81432
1.81952
1.83086
1.85764
1.9108
1.993
2.10711
2.24696
2.40185
2.55764
2.69436
2.79542
2.84582
2.84458
2.79678
2.71515
2.61507
2.50658
2.40344
2.3116
2.23178
2.16448
2.11097
2.06854
2.04116
2.02998
2.02684
2.01921
1.99451
1.94448
1.87737
1.80672
1.75166
1.71951
1.70895
1.7069
1.69581
1.66143
1.60387
1.52913
1.44885
1.36898
1.29984
1.24502
1.2044
1.17614
1.16204
1.16452
1.18603
1.22737
1.29171
1.37715
1.47895
1.60024
1.73626
1.88064
2.02621
2.15779
2.25171
2.29597
2.28711
2.23201
2.15137
2.05995
1.97947
1.92586
1.91138
1.93929
2.00803
2.10548
2.21256
2.31003
2.38198
2.41635
2.41859
2.39765
2.35844
2.30971
2.24985
2.17691
2.08864
1.98491
1.87278
1.76546
1.67096
1.59756
1.54569
1.50965
1.47923
1.44869
1.41104
1.36813
1.32046
1.27388
1.23242
1.20406
1.19212
1.20175
1.23509
1.29473
1.38256
1.49709
1.63443
1.78606
1.94213
2.09199
2.22439
2.32607
2.38868
2.40054
2.35858
2.26229
2.12159
1.96165
1.801
1.65997
1.55234
1.48435
1.45827
1.46931
1.50804
1.56691
1.64021
1.71944
1.80161
1.87862
1.94371
1.99006
2.01196
2.01057
1.99485
1.9771
1.96749
1.97574
1.99924
2.03282
2.06861
2.09188
2.09829
2.08274
2.04706
1.99464
1.93509
1.87062
1.81063
1.756
1.71505
1.68881
1.67275
1.66027
1.64419
1.6151
1.56647
1.50787
1.44701
1.39515
1.37042
1.38008
1.41951
1.48511
1.56538
1.64376
1.71239
1.76567
1.80994
1.84813
1.88278
1.91582
1.94552
1.9628
1.96961
1.96287
1.94164
1.91282
1.87498
1.82649
1.76727
1.69562
1.62014
1.54734
1.4882
1.44619
1.4234
1.41548
1.41322
1.40469
1.38369
1.35075
1.30766
1.26179
1.22718
1.21117
1.21816
1.24764
1.29628
1.35987
1.43318
1.51202
1.59295
1.66478
1.72476
1.76416
1.7751
1.76007
1.72366
1.66839
1.61037
1.55898
1.52387
1.51004
1.52456
1.56762
1.63731
1.72217
1.81241
1.88967
1.93732
1.94377
1.90358
1.82221
1.70457
1.56204
1.41441
1.27975
1.17328
1.11041
1.09815
1.13542
1.22068
1.34766
1.50996
1.69347
1.88654
2.06952
2.22086
2.31959
2.35027
2.3065
2.19352
2.02556
1.82648
1.61819
1.42257
1.2619
1.14765
1.09112
1.09035
1.1405
1.23317
1.35338
1.48054
1.59789
1.69222
1.75754
1.8012
1.83316
1.87077
1.92356
1.99446
2.08042
2.17658
2.27368
2.36161
2.43426
2.48696
2.52395
2.54467
2.55419
2.5537
2.54965
2.54045
2.52346
2.49475
2.45417
2.41018
2.37326
2.34983
2.34567
2.35519
2.37103
2.38328
2.38114
2.3648
2.33509
2.30087
2.26213
2.22292
2.18455
2.15217
2.12302
2.10208
2.09083
2.08776
2.09296
2.10225
2.10704
2.09711
2.06095
1.99245
1.9012
1.79431
1.68858
1.60061
1.53574
1.49678
1.48699
1.50288
1.54016
1.5889
1.64316
1.69354
1.73198
1.75703
1.76642
1.76606
1.76286
1.76522
1.78372
1.82719
1.89518
1.98216
2.0754
2.16325
2.22999
2.26916
2.28238
2.27735
2.26929
2.26512
2.26572
2.26713
2.25639
2.22385
2.16276
2.08442
1.99519
1.90331
1.81452
1.73081
1.65155
1.58105
1.52005
1.47487
1.45295
1.45374
1.47835
1.52025
1.57501
1.63456
1.69396
1.74355
1.77317
1.77906
1.76107
1.72881
1.69848
1.68622
1.69311
1.72151
1.76127
1.80604
1.84377
1.86667
1.87452
1.86963
1.85421
1.83596
1.81682
1.798
1.78246
1.77397
1.77416
1.78891
1.81652
1.86546
1.92834
2.00744
2.09396
2.18627
2.2696
2.33071
2.35269
2.32587
2.24778
2.1209
1.9662
1.80337
1.65019
1.52139
1.42319
1.36179
1.33488
1.3411
1.36882
1.41235
1.46594
1.52721
1.5958
1.67009
1.74918
1.82652
1.89867
1.95787
2.00465
2.0373
2.05881
2.07326
2.081
2.0823
2.07802
2.07035
2.05766
2.04244
2.02151
1.99685
1.96812
1.94054
1.91354
1.88815
1.86527
1.84329
1.82482
1.80937
1.80008
1.79708
1.80058
1.80626
1.8084
1.80669
1.79727
1.78174
1.76191
1.73909
1.71493
1.69108
1.66734
1.6436
1.61973
1.58833
1.54933
1.4964
1.43303
1.36413
1.2929
1.2282
1.17444
1.14043
1.12525
1.13712
1.17343
1.2307
1.30695
1.39784
1.4931
1.58658
1.67764
1.76872
1.86109
1.95806
2.05819
2.1537
2.23923
2.30574
2.34427
2.3506
2.33086
2.28964
2.23815
2.18128
2.12215
2.06202
1.99572
1.91845
1.83201
1.73583
1.63944
1.5528
1.48445
1.44055
1.42067
1.42777
1.45255
1.48682
1.52086
1.54144
1.54206
1.5184
1.469
1.3934
1.29718
1.18923
1.07841
0.974321
0.884453
0.816963
0.77133
0.75055
0.75421
0.783304
0.837028
0.911344
1.00546
1.11467
1.22604
1.33224
1.42389
1.49436
1.53773
1.55467
1.54686
1.52354
1.49073
1.46041
1.43619
1.42075
1.41111
1.40588
1.40516
1.41793
1.44902
1.50201
1.57951
1.68105
1.8015
1.93808
2.08325
2.22183
2.33985
2.42738
2.4733
2.48
2.45296
2.40476
2.33983
2.26368
2.18388
2.10227
2.02437
1.94832
1.87405
1.79805
1.72429
1.66034
1.61202
1.58856
1.58892
1.6115
1.65242
1.70471
1.75953
1.8104
1.84559
1.85778
1.84655
1.81172
1.76368
1.70752
1.64878
1.59517
1.54725
1.50667
1.47693
1.46051
1.45646
1.46289
1.47872
1.49976
1.52282
1.55139
1.57567
1.59621
1.61326
1.61803
1.60708
1.57845
1.52554
1.45674
1.38389
1.3162
1.26235
1.22907
1.20958
1.19677
1.18487
1.17285
1.1686
1.17937
1.21904
1.29187
1.39375
1.51352
1.63033
1.72358
1.77672
1.7901
1.77027
1.73099
1.68629
1.64231
1.59979
1.55816
1.52231
1.49021
1.46243
1.43913
1.41595
1.39101
1.35698
1.32122
1.28547
1.26166
1.25335
1.26028
1.27423
1.2885
1.29136
1.28519
1.26817
1.24966
1.23222
1.22149
1.2197
1.23386
1.26264
1.30591
1.35968
1.42359
1.48585
1.53865
1.57554
1.5923
1.59543
1.59112
1.59045
1.60322
1.6351
1.68666
1.7498
1.81594
1.86891
1.8998
1.89764
1.86175
1.79383
1.7072
1.61299
1.52769
1.45839
1.41201
1.38853
1.38531
1.40107
1.42595
1.44962
1.46854
1.47481
1.47075
1.45751
1.44189
1.42927
1.42498
1.43084
1.44286
1.45596
1.45939
1.44105
1.39772
1.32979
1.25626
1.19265
1.157
1.15021
1.16174
1.17686
1.17968
1.16658
1.14923
1.14243
1.14673
1.15398
1.15805
1.15418
1.13858
1.11739
1.09889
1.08697
1.09454
1.12547
1.1821
1.26387
1.36282
1.47082
1.5742
1.66701
1.74127
1.79621
1.83849
1.87065
1.89634
1.91748
1.93574
1.95059
1.96521
1.9786
1.98813
1.99292
1.992
1.97709
1.9472
1.89866
1.83265
1.74649
1.64679
1.53577
1.41858
1.29782
1.1813
1.0748
0.985861
0.920872
0.88235
0.874154
0.89883
0.954959
1.04097
1.15468
1.28455
1.42132
1.54935
1.65745
1.7386
1.78796
1.80201
1.78485
1.74608
1.69692
1.6531
1.62794
1.62203
1.63387
1.65388
1.66953
1.67196
1.6555
1.62133
1.57835
1.53346
1.49971
1.48421
1.49022
1.51286
1.54729
1.58625
1.62421
1.65983
1.69343
1.73066
1.77721
1.83639
1.90873
1.9881
2.06487
2.13269
2.18427
2.21733
2.2285
2.2228
2.20095
2.16707
2.12633
2.07969
2.02783
1.97193
1.91185
1.85045
1.79009
1.73786
1.68411
1.63246
1.57574
1.51547
1.44389
1.36675
1.28216
1.18852
1.09988
1.01778
0.951253
0.904107
0.883032
0.892021
0.93283
1.00693
1.11204
1.24041
1.38427
1.5305
1.66485
1.77068
1.84192
1.8789
1.88922
1.87818
1.85123
1.80787
1.74965
1.67786
1.59755
1.51363
1.43222
1.35831
1.29389
1.24681
1.21941
1.21133
1.2258
1.25593
1.29658
1.34213
1.3839
1.41752
1.43986
1.4492
1.44266
1.422
1.3923
1.35758
1.3218
1.29063
1.26754
1.25302
1.24914
1.25502
1.26973
1.28767
1.30657
1.32779
1.35374
1.38708
1.4341
1.5005
1.59066
1.70534
1.84091
1.98384
2.12097
2.23859
2.32696
2.38041
2.40024
2.39071
2.35626
2.29753
2.21886
2.12849
2.03678
1.94905
1.86964
1.80032
1.74215
1.69944
1.67075
1.65479
1.65159
1.64991
1.64456
1.62673
1.59383
1.54945
1.49827
1.45004
1.41504
1.3988
1.39633
1.40742
1.42077
1.43292
1.43935
1.44271
1.44608
1.45495
1.47397
1.5031
1.53863
1.57848
1.6156
1.65143
1.68394
1.71794
1.75547
1.80057
1.84885
1.89263
1.92816
1.9452
1.94438
1.92437
1.89438
1.86256
1.83759
1.82779
1.8423
1.88151
1.94657
2.02751
2.11885
2.20934
2.28732
2.34749
2.38455
2.39824
2.39021
2.36225
2.3189
2.26666
2.21048
2.15559
2.09464
2.02308
1.93962
1.8525
1.77459
1.71327
1.676
1.65203
1.63446
1.61561
1.58671
1.54601
1.50197
1.46164
1.43752
1.43864
1.46672
1.52148
1.59008
1.66308
1.71923
1.749
1.74649
1.71038
1.64577
1.56044
1.46993
1.39061
1.33665
1.31605
1.33971
1.39876
1.48527
1.58397
1.67723
1.74457
1.77766
1.78444
1.77847
1.77326
1.78058
1.8029
1.82984
1.85462
1.8682
1.8647
1.84428
1.80681
1.75635
1.69696
1.6374
1.5858
1.55403
1.55001
1.58218
1.65627
1.76118
1.8891
2.01709
2.12519
2.19797
2.23253
2.23616
2.21681
2.17896
2.13195
2.08103
2.03058
1.97595
1.91114
1.83536
1.74412
1.64082
1.53504
1.43619
1.35743
1.30822
1.29348
1.31991
1.37918
1.46246
1.54916
1.62393
1.6724
1.69438
1.69929
1.69208
1.68245
1.67075
1.65713
1.64026
1.61832
1.59787
1.58074
1.57301
1.57621
1.5965
1.63197
1.67818
1.72968
1.78003
1.82256
1.85431
1.87715
1.89092
1.89368
1.88809
1.87679
1.86122
1.84559
1.83269
1.82376
1.82003
1.81085
1.78987
1.74827
1.68034
1.58937
1.48816
1.3829
1.28462
1.20122
1.13518
1.08968
1.07216
1.08292
1.12462
1.1906
1.27699
1.37003
1.46734
1.56247
1.64966
1.73155
1.80143
1.85969
1.90136
1.92899
1.94082
1.93969
1.93054
1.9196
1.91449
1.91907
1.93691
1.9688
2.00999
2.05599
2.09826
2.13157
2.15054
2.14954
2.13059
2.09103
2.04241
1.9927
1.94749
1.90902
1.87713
1.85373
1.83823
1.83006
1.82702
1.82079
1.80576
1.78391
1.75221
1.71428
1.66971
1.61912
1.56569
1.52016
1.48689
1.47433
1.48222
1.50894
1.5432
1.57577
1.59754
1.6069
1.60536
1.60061
1.60128
1.61091
1.64016
1.68886
1.76148
1.85767
1.9685
2.08267
2.18161
2.2409
2.24398
2.19096
2.09197
1.96651
1.84035
1.73022
1.64652
1.58757
1.54623
1.51741
1.48853
1.45601
1.42109
1.39221
1.37633
1.38409
1.41597
1.46981
1.54121
1.62453
1.70965
1.78951
1.85496
1.89867
1.91583
1.90807
1.88477
1.85622
1.83026
1.81207
1.79978
1.78644
1.7629
1.72954
1.68318
1.63267
1.58847
1.55805
1.54744
1.55619
1.57854
1.60786
1.63976
1.67106
1.69839
1.72045
1.73973
1.75443
1.76433
1.76534
1.75249
1.72707
1.68453
1.6278
1.55239
1.46565
1.37611
1.28624
1.20169
1.12963
1.07119
1.02922
1.00718
1.0034
1.01786
1.04781
1.08857
1.13683
1.18783
1.24484
1.31953
1.41511
1.53921
1.68761
1.84568
1.98827
2.08175
2.09734
2.02415
1.87515
1.68222
1.4736
1.27022
1.08979
0.944102
0.835919
0.767829
0.742141
0.749547
0.783376
0.838791
0.910613
0.995614
1.09031
1.19257
1.3007
1.41394
1.53542
1.6624
1.79485
1.91806
2.01609
2.07606
2.08711
2.05781
1.99667
1.92365
1.85206
1.79247
1.75008
1.72021
1.70202
1.69308
1.69
1.68811
1.68822
1.69058
1.68946
1.67962
1.65304
1.5997
1.51769
1.41198
1.29863
1.19693
1.12002
1.0766
1.0694
1.09346
1.13477
1.17828
1.21246
1.22977
1.23119
1.22114
1.1992
1.17242
1.14841
1.13534
1.13898
1.16066
1.19922
1.2439
1.28498
1.31377
1.32391
1.30827
1.26932
1.211
1.14517
1.08463
1.03573
1.00315
0.984197
0.97823
0.97868
0.984826
0.996252
1.01757
1.05242
1.101
1.16269
1.23262
1.30487
1.36429
1.40427
1.4161
1.39987
1.36257
1.31913
1.28181
1.26083
1.26043
1.28855
1.34116
1.41202
1.49575
1.58107
1.66205
1.73597
1.79651
1.84131
1.86326
1.85866
1.82734
1.76946
1.69449
1.60845
1.52349
1.44961
1.39171
1.34913
1.32093
1.30286
1.28632
1.26533
1.23845
1.20168
1.15942
1.11153
1.06061
1.01116
0.966792
0.92797
0.89309
0.864241
0.838824
0.817525
0.801105
0.792171
0.78923
0.797094
0.817562
0.850441
0.896323
0.956264
1.03111
1.12062
1.22523
1.33421
1.44793
1.55389
1.64098
1.70181
1.72933
1.71735
1.67321
1.60351
1.51903
1.42653
1.3376
1.25539
1.1841
1.13128
1.09917
1.09474
1.12256
1.18089
1.26747
1.36881
1.47175
1.55854
1.61998
1.66213
1.68532
1.69184
1.67833
1.64348
1.59423
1.53512
1.48
1.4378
1.41707
1.41582
1.42519
1.43567
1.43791
1.42658
1.40509
1.38008
1.35942
1.34918
1.35182
1.36969
1.40944
1.46938
1.54982
1.64749
1.7559
1.87111
1.98531
2.09002
2.17998
2.25178
2.30381
2.33903
2.35668
2.35957
2.34538
2.31429
2.26933
2.21004
2.13758
2.05771
1.97422
1.89215
1.8136
1.7401
1.678
1.63067
1.6016
1.59244
1.59801
1.61457
1.63707
1.65983
1.67413
1.67579
1.66588
1.64939
1.63102
1.61954
1.61554
1.62054
1.63432
1.64971
1.66204
1.66949
1.67122
1.66952
1.66306
1.65429
1.6422
1.62746
1.60969
1.59743
1.59381
1.60063
1.62059
1.65106
1.68849
1.72266
1.74851
1.76048
1.75816
1.74241
1.71649
1.68487
1.64702
1.60953
1.57268
1.54043
1.51473
1.49606
1.48494
1.48623
1.50151
1.53814
1.60227
1.69079
1.79957
1.91489
2.02292
2.10283
2.14396
2.14812
2.13118
2.10886
2.08635
2.05939
2.01968
1.95423
1.8638
1.75462
1.63964
1.52419
1.41971
1.33343
1.2718
1.23756
1.23273
1.25822
1.3105
1.38136
1.4659
1.55919
1.65038
1.73162
1.7963
1.83957
1.86177
1.86517
1.85031
1.82163
1.78153
1.72976
1.67206
1.60812
1.54104
1.47746
1.42163
1.37631
1.34703
1.33417
1.33603
1.35693
1.39279
1.44007
1.49212
1.54219
1.57589
1.58463
1.56859
1.53404
1.48856
1.43893
1.39559
1.36237
1.34011
1.32884
1.32646
1.33091
1.33851
1.34995
1.37036
1.39851
1.43507
1.47158
1.49672
1.50277
1.48653
1.45636
1.42815
1.41156
1.41321
1.43759
1.48179
1.54638
1.62584
1.71179
1.79764
1.87273
1.92727
1.95955
1.96914
1.96319
1.94834
1.93187
1.92007
1.91816
1.92709
1.94623
1.97162
1.99498
2.00498
1.997
1.96883
1.92913
1.88519
1.8349
1.77858
1.71267
1.63857
1.56744
1.5084
1.47021
1.46428
1.49097
1.547
1.61951
1.70402
1.79136
1.87701
1.95977
2.0323
2.08595
2.10372
2.06226
1.94865
1.7752
1.57286
1.3791
1.22655
1.13944
1.12631
1.18699
1.31421
1.48699
1.67176
1.83055
1.92793
1.95446
1.92044
1.84483
1.75462
1.66749
1.59856
1.55527
1.53993
1.55297
1.59387
1.65885
1.74112
1.82966
1.91792
1.99691
2.05909
2.09567
2.10654
2.09558
2.07048
2.04601
2.0365
2.04795
2.07646
2.11124
2.13544
2.139
2.11321
2.06831
2.01553
1.96949
1.93093
1.89674
1.86371
1.82643
1.78675
1.74805
1.71459
1.69045
1.67935
1.6839
1.70074
1.72846
1.76035
1.79062
1.81432
1.82126
1.80977
1.77805
1.72647
1.66363
1.59495
1.5308
1.47252
1.42734
1.40071
1.39204
1.40437
1.43599
1.4851
1.54347
1.60168
1.64461
1.66128
1.65074
1.62449
1.59707
1.57293
1.56173
1.56145
1.56824
1.57516
1.5812
1.58315
1.58423
1.59145
1.60333
1.62177
1.63947
1.65633
1.67051
1.6794
1.68026
1.67383
1.6574
1.6291
1.59235
1.54708
1.49648
1.44881
1.407
1.37463
1.35695
1.35482
1.36548
1.39198
1.43289
1.48379
1.5406
1.5985
1.65442
1.70945
1.76686
1.82518
1.88896
1.96074
2.0396
2.12763
2.21876
2.30804
2.37905
2.42062
2.41995
2.37506
2.29744
2.19952
2.0956
2.00405
1.92945
1.88495
1.87326
1.89374
1.9418
2.00945
2.08641
2.1657
2.23788
2.29703
2.33568
2.34896
2.33672
2.30378
2.25908
2.2063
2.15504
2.10528
2.05361
1.99937
1.94418
1.88992
1.83537
1.78801
1.74586
1.70674
1.66947
1.6381
1.61674
1.6098
1.62517
1.66778
1.73875
1.82798
1.92211
2.00219
2.05194
2.06454
2.04253
2.00339
1.96347
1.93271
1.90933
1.88789
1.85558
1.81084
1.7623
1.71522
1.67397
1.63283
1.59407
1.55246
1.50772
1.46793
1.43504
1.41425
1.40488
1.41265
1.43903
1.48641
1.55297
1.63591
1.72636
1.81301
1.88141
1.91483
1.90751
1.8506
1.7521
1.6227
1.4847
1.36013
1.26763
1.21856
1.21557
1.2544
1.32048
1.39815
1.47477
1.54035
1.59324
1.64225
1.69273
1.74691
1.803
1.85489
1.89958
1.93712
1.96062
1.97197
1.97045
1.95187
1.91183
1.84759
1.76519
1.66455
1.55728
1.4433
1.33362
1.22757
1.13196
1.05378
0.998043
0.97041
0.979257
1.02267
1.10312
1.21412
1.34553
1.48713
1.62983
1.76131
1.87219
1.95686
2.00825
2.03041
2.02542
1.99646
1.94964
1.89153
1.82811
1.76027
1.69466
1.63239
1.56859
1.50367
1.43281
1.35774
1.27987
1.20492
1.13955
1.08372
1.04447
1.02052
1.0186
1.03818
1.08086
1.14844
1.23895
1.34522
1.45726
1.56331
1.64732
1.70197
1.72072
1.70792
1.66627
1.60538
1.53731
1.4691
1.40515
1.35167
1.31159
1.28364
1.26828
1.26384
1.26831
1.28438
1.31735
1.37322
1.45285
1.55618
1.67804
1.80915
1.93832
2.05432
2.15099
2.22655
2.27742
2.30885
2.32102
2.30911
2.26647
2.19137
2.09025
1.97629
1.86233
1.76091
1.67979
1.621
1.58183
1.56025
1.55251
1.55403
1.56221
1.57087
1.58114
1.59763
1.62436
1.66154
1.70746
1.76104
1.81768
1.8691
1.90941
1.92705
1.91642
1.87368
1.80798
1.73285
1.6606
1.59688
1.53786
1.47605
1.406
1.32707
1.24223
1.15798
1.0811
1.01227
0.954041
0.908731
0.874464
0.85593
0.856136
0.874731
0.913345
0.969862
1.03622
1.10575
1.16008
1.18478
1.17096
1.12029
1.04637
0.973082
0.917929
0.893151
0.901638
0.937059
0.990909
1.05808
1.13832
1.23527
1.34997
1.47612
1.60433
1.71786
1.79529
1.82876
1.81784
1.78008
1.73405
1.69573
1.67646
1.67749
1.69619
1.72256
1.75085
1.77442
1.79272
1.80568
1.81323
1.81228
1.80764
1.79796
1.78803
1.77865
1.77461
1.77567
1.7814
1.78913
1.79733
1.79821
1.79294
1.78453
1.77376
1.76806
1.7712
1.78377
1.8059
1.83488
1.86371
1.89308
1.92294
1.94942
1.97768
1.99949
2.01525
2.01906
2.0068
1.97339
1.91693
1.83875
1.74858
1.65414
1.56908
1.49292
1.43415
1.38538
1.34916
1.31822
1.29612
1.27964
1.26914
1.26967
1.27976
1.29715
1.32162
1.35154
1.3888
1.42859
1.478
1.5342
1.59774
1.66032
1.71368
1.74552
1.75205
1.73236
1.69132
1.63598
1.57714
1.52241
1.4785
1.44477
1.41913
1.39932
1.37643
1.34738
1.31118
1.27226
1.23559
1.20561
1.19078
1.19705
1.23094
1.29291
1.37782
1.47691
1.58426
1.68692
1.77231
1.83588
1.87217
1.88174
1.86488
1.82732
1.77193
1.71022
1.64805
1.59009
1.53948
1.49474
1.44839
1.39207
1.31924
1.22769
1.12623
1.02556
0.940139
0.884326
0.863616
0.881817
0.93341
1.0113
1.10361
1.20174
1.30311
1.40293
1.4979
1.58056
1.64786
1.69636
1.73049
1.75196
1.76149
1.76312
1.75429
1.73701
1.71349
1.68485
1.64966
1.61045
1.57205
1.53742
1.507
1.48886
1.4841
1.4987
1.53038
1.5699
1.61541
1.66105
1.70098
1.73061
1.74722
1.74919
1.73295
1.70391
1.66727
1.63318
1.6051
1.58457
1.57154
1.56443
1.56014
1.5601
1.56389
1.57215
1.57964
1.58234
1.57388
1.55041
1.50617
1.45028
1.39722
1.35595
1.3384
1.35335
1.39852
1.47006
1.55809
1.65176
1.7369
1.80645
1.85415
1.88627
1.90424
1.91433
1.9142
1.90199
1.87673
1.83671
1.78675
1.73142
1.68164
1.64405
1.62642
1.63512
1.67423
1.74133
1.82552
1.91206
1.98656
2.02867
2.03041
1.99107
1.91477
1.8108
1.68793
1.55298
1.41866
1.29041
1.17748
1.08787
1.0307
1.01346
1.03953
1.11686
1.2431
1.4126
1.61139
1.82056
2.01077
2.14883
2.214
2.19971
2.11503
1.98177
1.82284
1.66281
1.51763
1.39772
1.30761
1.25199
1.22374
1.21972
1.23411
1.26695
1.30723
1.35287
1.40161
1.44958
1.49634
1.53797
1.575
1.60713
1.63542
1.66027
1.68189
1.69554
1.69735
1.68824
1.66628
1.63801
1.61222
1.59172
1.58281
1.58899
1.60485
1.63563
1.67448
1.71464
1.75091
1.77659
1.78376
1.77691
1.75584
1.72426
1.68408
1.64035
1.5936
1.54572
1.50147
1.46412
1.43615
1.42148
1.42325
1.44226
1.48472
1.55044
1.63854
1.74029
1.8444
1.9397
2.01795
2.07168
2.09874
2.09731
2.0696
2.02061
1.9546
1.87341
1.78009
1.67832
1.57422
1.47619
1.39071
1.32454
1.27985
1.25782
1.25361
1.25639
1.25686
1.24668
1.22613
1.19706
1.16447
1.1353
1.11739
1.1133
1.11807
1.1361
1.16024
1.18787
1.21946
1.2487
1.27467
1.29843
1.3218
1.35114
1.38556
1.42558
1.47041
1.51211
1.54374
1.56282
1.56469
1.55099
1.52501
1.4974
1.47646
1.47344
1.49874
1.55565
1.6425
1.74996
1.85835
1.951
2.01493
2.04565
2.05137
2.04605
2.0388
2.03978
2.04632
2.05766
2.06804
2.06996
2.05615
2.02578
1.97829
1.91485
1.84037
1.76257
1.68659
1.61891
1.56564
1.52999
1.51119
1.51068
1.51725
1.52958
1.54057
1.54875
1.55249
1.55021
1.54708
1.54823
1.55339
1.5671
1.58951
1.61983
1.65471
1.69028
1.71966
1.74102
1.74945
1.74806
1.7331
1.71503
1.69409
1.67777
1.67313
1.68522
1.71051
1.74268
1.77212
1.79171
1.80077
1.80291
1.80214
1.8045
1.81498
1.8313
1.84816
1.85488
1.84612
1.81778
1.77473
1.71704
1.65077
1.57895
1.50745
1.43498
1.36693
1.30889
1.26785
1.24745
1.25026
1.2733
1.31105
1.35389
1.39026
1.41889
1.44301
1.48103
1.54798
1.64425
1.76752
1.89269
1.99263
2.04803
2.05463
2.01971
1.95138
1.85672
1.74436
1.61703
1.48516
1.36074
1.2512
1.16755
1.1122
1.08768
1.0934
1.13439
1.22159
1.35559
1.52611
1.72441
1.92283
2.09259
2.21174
2.26351
2.25266
2.19581
2.11115
2.02169
1.94283
1.88763
1.85793
1.85656
1.87798
1.92267
1.98217
2.05543
2.13378
2.20093
2.23859
2.23569
2.19649
2.1292
2.05116
1.9777
1.92425
1.89138
1.88425
1.89826
1.93371
1.98268
2.03996
2.10378
2.16588
2.22563
2.27854
2.32794
2.37175
2.40747
2.43749
2.46381
2.48805
2.51175
2.53178
2.54676
2.55317
2.54651
2.52213
2.47679
2.41464
2.3331
2.24035
2.14117
2.0442
1.95391
1.87503
1.81004
1.76095
1.72334
1.70157
1.69258
1.69475
1.7102
1.73191
1.75578
1.77826
1.79056
1.79508
1.7949
1.79157
1.78391
1.77017
1.75166
1.72595
1.70219
1.678
1.65539
1.63819
1.62374
1.6104
1.59708
1.59269
1.59659
1.61373
1.63708
1.65776
1.66222
1.64325
1.60533
1.54808
1.48653
1.43015
1.38532
1.35649
1.34773
1.36103
1.39439
1.44705
1.51181
1.57497
1.61633
1.62217
1.60162
1.56879
1.54418
1.54319
1.56849
1.61202
1.66877
1.72915
1.78846
1.84313
1.88745
1.91958
1.93942
1.94351
1.93221
1.90816
1.87377
1.83223
1.79228
1.75919
1.73574
1.72194
1.71738
1.71715
1.72009
1.72207
1.71653
1.70506
1.68764
1.6638
1.64016
1.62323
1.61299
1.60838
1.60249
1.58701
1.55502
1.50989
1.46004
1.41215
1.37621
1.35061
1.33996
1.33702
1.33896
1.33711
1.3257
1.29985
1.26011
1.21047
1.15584
1.10747
1.06808
1.04357
1.03684
1.04349
1.06077
1.08803
1.12285
1.16142
1.20757
1.26243
1.3234
1.39107
1.45468
1.50786
1.53849
1.54306
1.51494
1.45691
1.37669
1.28175
1.1825
1.08466
1.00007
0.941416
0.91386
0.923975
0.974852
1.06753
1.19579
1.34769
1.50917
1.66001
1.78814
1.88507
1.95383
1.99834
2.02226
2.02692
2.01292
1.9825
1.94372
1.90308
1.87016
1.85385
1.85387
1.87328
1.90589
1.94766
1.99874
2.05075
2.10206
2.14753
2.18089
2.19674
2.18719
2.14978
2.09099
2.01603
1.93625
1.86803
1.82273
1.81134
1.83409
1.88417
1.95208
2.02291
2.08317
2.12043
2.1203
2.08374
2.01497
1.92393
1.82821
1.73884
1.66335
1.60723
1.56695
1.53766
1.51423
1.48888
1.46097
1.43022
1.40194
1.37724
1.36041
1.3522
1.35431
1.36937
1.39383
1.42778
1.47295
1.52973
1.59456
1.66599
1.73614
1.79399
1.83284
1.84606
1.83499
1.8037
1.76143
1.7176
1.67769
1.64937
1.6377
1.64154
1.65882
1.69026
1.73818
1.80044
1.88041
1.97923
2.08905
2.20052
2.30279
2.37238
2.39996
2.38002
2.32216
2.2374
2.14747
2.0651
2.00196
1.95992
1.94027
1.9393
1.95388
1.97697
2.00648
2.03931
2.07467
2.11082
2.14407
2.17281
2.19159
2.19702
2.18773
2.16585
2.13378
2.0951
2.05339
2.00832
1.96166
1.91089
1.85591
1.79943
1.74224
1.69263
1.65144
1.61796
1.59032
1.56107
1.53279
1.50345
1.47462
1.45072
1.43772
1.43466
1.43457
1.43885
1.44556
1.45851
1.48404
1.52707
1.59605
1.68882
1.79773
1.90649
1.99935
2.06157
2.0867
2.08097
2.0469
1.99673
1.93632
1.879
1.82561
1.78063
1.74407
1.71875
1.70149
1.68957
1.67924
1.66945
1.65859
1.64341
1.6238
1.60196
1.57892
1.5583
1.54009
1.52509
1.51898
1.52277
1.53642
1.55857
1.58479
1.61118
1.63683
1.66783
1.70389
1.74941
1.80703
1.86879
1.93258
1.98606
2.02491
2.04437
2.04235
2.02525
1.99853
1.9662
1.93502
1.91086
1.89518
1.88949
1.89471
1.91001
1.93396
1.9652
2.00769
2.06099
2.12772
2.20356
2.2871
2.36974
2.44719
2.50494
2.53648
2.53205
2.49399
2.42161
2.31932
2.19505
2.06491
1.94545
1.85156
1.78669
1.75825
1.75828
1.78261
1.82399
1.8758
1.92712
1.96811
1.99209
1.99329
1.97311
1.94128
1.90383
1.87127
1.85743
1.86119
1.88342
1.92156
1.97166
2.03071
2.08977
2.14887
2.20444
2.24986
2.28061
2.29329
2.28343
2.25294
2.20262
2.13502
2.05023
1.94993
1.83997
1.73001
1.62793
1.53781
1.46387
1.40265
1.35827
1.32593
1.30059
1.28122
1.26983
1.26358
1.26548
1.28038
1.3064
1.34391
1.38461
1.42334
1.45348
1.47733
1.50062
1.53131
1.57666
1.63405
1.69352
1.73951
1.76769
1.77539
1.76431
1.74048
1.7021
1.65466
1.60275
1.55027
1.50219
1.46092
1.42936
1.40391
1.37742
1.34886
1.31458
1.27918
1.24712
1.22365
1.21498
1.22554
1.25246
1.29105
1.34091
1.39165
1.43184
1.45386
1.4515
1.42744
1.38718
1.33699
1.28456
1.23799
1.19901
1.17167
1.15453
1.14339
1.13612
1.13379
1.14487
1.172
1.2208
1.28778
1.37129
1.45888
1.5432
1.61787
1.67994
1.72728
1.76132
1.78043
1.77865
1.7514
1.69822
1.629
1.55207
1.48152
1.42577
1.38672
1.36921
1.36837
1.38273
1.40746
1.43714
1.46493
1.48575
1.5001
1.50892
1.51932
1.53628
1.5657
1.60891
1.65827
1.7072
1.74667
1.76664
1.76387
1.74263
1.7076
1.66777
1.62979
1.60126
1.58804
1.5917
1.61268
1.64804
1.69461
1.75102
1.81443
1.87954
1.94487
2.00364
2.05419
2.09838
2.13259
2.1534
2.16334
2.15755
2.13182
2.08361
2.01318
1.91872
1.80399
1.67224
1.53136
1.3905
1.26415
1.16691
1.1115
1.10735
1.15111
1.23818
1.35257
1.47535
1.59352
1.69578
1.77357
1.82451
1.84679
1.84542
1.82572
1.79622
1.76737
1.7473
1.74025
1.74673
1.76312
1.78047
1.78463
1.76338
1.70824
1.61913
1.5117
1.39719
1.29067
1.20034
1.13777
1.10733
1.10699
1.1419
1.2102
1.30664
1.42665
1.55238
1.66732
1.75441
1.80626
1.81598
1.79155
1.7471
1.69472
1.646
1.60841
1.58486
1.5742
1.57453
1.58423
1.60028
1.62419
1.65134
1.68551
1.72578
1.77863
1.84019
1.91364
1.98809
2.04797
2.07665
2.06536
2.01595
1.93395
1.83181
1.71476
1.59631
1.48607
1.39357
1.32302
1.27942
1.26333
1.26934
1.29628
1.33655
1.385
1.4396
1.49641
1.55623
1.61546
1.67681
1.73764
1.79658
1.85285
1.90361
1.94419
1.97117
1.98288
1.9781
1.95408
1.91072
1.85121
1.7775
1.69411
1.60596
1.52258
1.45408
1.40625
1.38445
1.3924
1.42724
1.48567
1.55831
1.62217
1.65637
1.64561
1.59256
1.5146
1.42877
1.35003
1.29266
1.25767
1.2469
1.2617
1.30082
1.3592
1.4279
1.49689
1.55431
1.58748
1.58986
1.56453
1.52623
1.48616
1.45696
1.44766
1.4606
1.49426
1.53952
1.58904
1.63273
1.66465
1.68245
1.68763
1.6818
1.67049
1.65697
1.64453
1.63354
1.61987
1.59904
1.57447
1.54812
1.52445
1.5147
1.52099
1.54774
1.59164
1.6413
1.68501
1.7076
1.70431
1.67347
1.62381
1.5682
1.51957
1.49399
1.49854
1.53894
1.61667
1.72602
1.85635
1.99166
2.11916
2.22103
2.28651
2.299
2.25166
2.14693
1.99552
1.82477
1.65476
1.50075
1.37802
1.29268
1.24641
1.24035
1.2635
1.31263
1.38149
1.46539
1.56174
1.6709
1.79027
1.91229
2.02844
2.12531
2.19885
2.2396
2.25025
2.23491
2.19882
2.15207
2.09691
2.03739
1.97589
1.91198
1.84359
1.77702
1.71325
1.65748
1.61622
1.58986
1.57724
1.57545
1.58001
1.58214
1.57524
1.55116
1.51503
1.46668
1.41625
1.36747
1.32054
1.27524
1.23081
1.18531
1.13996
1.10335
1.07576
1.06564
1.07123
1.09071
1.12273
1.16764
1.22744
1.29841
1.37694
1.45531
1.52419
1.57834
1.61172
1.63032
1.63479
1.63265
1.62714
1.61728
1.6026
1.58615
1.5654
1.54332
1.52014
1.49712
1.4833
1.47996
1.48891
1.51454
1.54922
1.58942
1.62856
1.66101
1.69209
1.72318
1.76
1.80371
1.85357
1.90537
1.95821
2.00448
2.04004
2.06477
2.07587
2.07252
2.05636
2.02694
1.98491
1.93081
1.8706
1.80526
1.74117
1.68352
1.63266
1.5907
1.56006
1.53918
1.52824
1.52462
1.53081
1.5412
1.55234
1.56028
1.56012
1.55356
1.54312
1.5353
1.53327
1.54176
1.56562
1.61017
1.67222
1.74946
1.8374
1.93118
2.02338
2.10696
2.17543
2.21904
2.23355
2.21559
2.16745
2.09768
2.01903
1.94761
1.8956
1.86845
1.86768
1.8871
1.91861
1.95274
1.97958
1.99075
1.98544
1.95893
1.91787
1.86495
1.80311
1.73802
1.6742
1.60933
1.54927
1.49598
1.45369
1.4253
1.40704
1.40085
1.40331
1.40495
1.40207
1.38938
1.37152
1.35569
1.35062
1.36264
1.39604
1.44999
1.51063
1.56795
1.608
1.62354
1.61196
1.57726
1.53516
1.4924
1.45818
1.43734
1.43347
1.4423
1.46372
1.49914
1.54763
1.61171
1.6945
1.78947
1.88274
1.96973
2.04077
2.09328
2.12608
2.14173
2.14753
2.1489
2.14645
2.14719
2.1477
2.1473
2.14427
2.13823
2.13177
2.11679
2.09268
2.05502
2.00136
1.93033
1.85237
1.76824
1.68804
1.62271
1.57289
1.54546
1.54201
1.55878
1.59284
1.64126
1.69603
1.75243
1.7996
1.82964
1.83232
1.80773
1.76276
1.70912
1.66201
1.63563
1.63474
1.6561
1.69269
1.73372
1.77046
1.79663
1.81928
1.84671
1.88166
1.92941
1.98869
2.06026
2.13905
2.2198
2.29584
2.36108
2.40426
2.4168
2.39207
2.32906
2.23523
2.1249
2.01124
1.90775
1.81786
1.7456
1.69527
1.66749
1.65802
1.6678
1.6911
1.72266
1.74592
1.74893
1.72187
1.67251
1.60864
1.54451
1.48799
1.4447
1.41639
1.40298
1.40058
1.4042
1.40647
1.40334
1.39622
1.38998
1.39709
1.4273
1.47993
1.5525
1.64235
1.73948
1.83941
1.93832
2.0299
2.10424
2.15063
2.15321
2.10485
2.00424
1.86249
1.70265
1.54582
1.41061
1.31349
1.25895
1.24876
1.27989
1.34093
1.41428
1.47862
1.51001
1.49386
1.43442
1.34398
1.24848
1.16711
1.11708
1.10139
1.11906
1.16831
1.23965
1.3273
1.42131
1.51696
1.6112
1.70042
1.78437
1.86506
1.9456
2.02693
2.10537
2.17369
2.21913
2.23214
2.20075
2.12564
2.01459
1.88472
1.75336
1.63704
1.54933
1.50143
1.49031
1.51368
1.55999
1.61389
1.66764
1.70548
1.72344
1.71981
1.69583
1.65486
1.59727
1.52678
1.45107
1.37425
1.30507
1.24488
1.19613
1.15367
1.1129
1.07623
1.04582
1.02611
1.0243
1.04409
1.08468
1.14688
1.2274
1.32229
1.43011
1.54664
1.66713
1.78827
1.90018
1.99753
2.07108
2.11808
2.13181
2.11387
2.07145
2.0225
1.98197
1.95875
1.96087
1.98463
2.02555
2.07543
2.12849
2.18083
2.22132
2.24949
2.26276
2.25495
2.22775
2.17758
2.10603
2.01264
1.90165
1.7783
1.65418
1.53954
1.43539
1.34728
1.27077
1.2055
1.14958
1.10624
1.07591
1.06093
1.06747
1.10076
1.16425
1.25279
1.36203
1.47982
1.59105
1.67675
1.72283
1.73194
1.70805
1.66391
1.61578
1.57794
1.55424
1.55093
1.56644
1.58752
1.60159
1.60242
1.58761
1.56219
1.53365
1.50825
1.49083
1.48216
1.48694
1.50921
1.54715
1.6005
1.66104
1.71855
1.76254
1.77925
1.76298
1.71456
1.63736
1.54265
1.44378
1.36052
1.30455
1.29053
1.32022
1.39967
1.51911
1.66199
1.81152
1.94872
2.05665
2.1286
2.16413
2.16499
2.13887
2.08826
2.01865
1.935
1.84625
1.75913
1.6794
1.60975
1.54502
1.48381
1.42449
1.36384
1.30767
1.25998
1.22788
1.21075
1.21126
1.22562
1.24196
1.25696
1.26394
1.25992
1.24649
1.22772
1.21279
1.20593
1.21742
1.24828
1.29744
1.36616
1.4461
1.53453
1.61961
1.69251
1.74366
1.76774
1.76256
1.73652
1.69375
1.64408
1.59226
1.53552
1.4742
1.40712
1.34167
1.28592
1.25158
1.24522
1.26241
1.29624
1.33685
1.36703
1.37947
1.36918
1.34146
1.31065
1.2953
1.30932
1.36374
1.45537
1.56624
1.6785
1.77165
1.83314
1.86348
1.87012
1.86942
1.87327
1.88731
1.91155
1.93983
1.97308
2.00141
2.02356
2.04012
2.05608
2.07451
2.09559
2.12273
2.15954
2.20384
2.24563
2.27719
2.28794
2.27156
2.22897
2.15622
2.05419
1.92676
1.78472
1.64341
1.51788
1.41975
1.35351
1.31865
1.30919
1.31719
1.33453
1.35317
1.36381
1.35636
1.33415
1.30008
1.25807
1.21134
1.16753
1.13392
1.11215
1.10657
1.11945
1.15267
1.20515
1.2746
1.36
1.46614
1.5944
1.74788
1.91486
2.07597
2.20133
2.2789
2.30178
2.27859
2.22977
2.17188
2.11616
2.07055
2.02171
1.95156
1.84339
1.69799
1.53517
1.38948
1.27826
1.20478
1.16201
1.13527
1.11243
1.08943
1.06635
1.0523
1.05676
1.08953
1.15848
1.25786
1.38006
1.50598
1.62658
1.72653
1.81351
1.88786
1.95949
2.03715
2.12387
2.2174
2.31124
2.39393
2.44917
2.46925
2.45061
2.39659
2.31456
2.21504
2.10734
2.00017
1.89853
1.80991
1.73836
1.68434
1.652
1.64415
1.65814
1.689
1.72779
1.76696
1.79562
1.8008
1.77885
1.7281
1.65583
1.57594
1.50391
1.45467
1.43428
1.44123
1.47192
1.51763
1.5772
1.64306
1.71053
1.76612
1.79414
1.78767
1.74584
1.68326
1.61136
1.54104
1.47576
1.4203
1.37626
1.34171
1.32119
1.31585
1.32244
1.33274
1.34153
1.34415
1.33786
1.32358
1.30311
1.27807
1.25708
1.24185
1.23968
1.24504
1.25161
1.25026
1.24107
1.22166
1.1961
1.17424
1.16167
1.16801
1.19355
1.23862
1.30019
1.37354
1.45033
1.53063
1.61184
1.69827
1.78957
1.88276
1.97432
2.05796
2.11469
2.12925
2.08346
1.98513
1.85808
1.73039
1.6202
1.52972
1.4603
1.4106
1.37667
1.35714
1.35117
1.35066
1.35325
1.35082
1.3449
1.33419
1.32405
1.31861
1.3305
1.36313
1.42288
1.50155
1.58639
1.6595
1.70309
1.70665
1.67101
1.61522
1.55806
1.51497
1.50394
1.52791
1.58642
1.67517
1.78563
1.90415
2.02047
2.12122
2.19898
2.24802
2.27064
2.2723
2.25972
2.23321
2.19401
2.1361
2.05824
1.96261
1.85428
1.7393
1.62834
1.52709
1.44007
1.3704
1.32041
1.29406
1.29076
1.31047
1.34554
1.38627
1.42033
1.43238
1.41737
1.38133
1.32684
1.27002
1.21903
1.19049
1.19062
1.22463
1.28588
1.36984
1.47049
1.57436
1.67298
1.7579
1.82362
1.86809
1.8934
1.90893
1.92172
1.93579
1.95283
1.97816
2.00786
2.03138
2.04305
2.03893
2.01716
1.98303
1.9401
1.89039
1.83214
1.76353
1.68451
1.60297
1.53001
1.47354
1.44482
1.44363
1.46459
1.49915
1.52722
1.53871
1.52575
1.49581
1.46129
1.43112
1.4215
1.42995
1.45305
1.48576
1.51719
1.53896
1.54816
1.53989
1.52179
1.49963
1.48157
1.47329
1.48066
1.50507
1.5437
1.58563
1.61978
1.63968
1.64565
1.63892
1.62604
1.61417
1.61039
1.61925
1.63818
1.6691
1.70242
1.73526
1.75561
1.75584
1.72546
1.66361
1.57903
1.48007
1.3829
1.29846
1.22649
1.15804
1.08204
0.991421
0.897528
0.8075
0.738034
0.703999
0.711702
0.76617
0.865596
1.00489
1.17045
1.35447
1.53946
1.70963
1.85444
1.95967
2.02183
2.04558
2.0314
1.99499
1.94923
1.90833
1.88018
1.8673
1.86297
1.85772
1.84719
1.83163
1.81591
1.80426
1.79692
1.79138
1.79318
1.799
1.80961
1.82197
1.8332
1.84449
1.85188
1.85186
1.84144
1.81996
1.7872
1.74585
1.69782
1.64843
1.59912
1.54805
1.49166
1.42349
1.34826
1.2663
1.18702
1.11878
1.07125
1.04765
1.04921
1.06762
1.09452
1.12484
1.15108
1.1757
1.20153
1.23569
1.28226
1.34291
1.41574
1.49392
1.56719
1.6262
1.6593
1.65704
1.62156
1.55553
1.46655
1.36601
1.25879
1.1568
1.06697
1.00039
0.964234
0.96511
1.0025
1.06964
1.15527
1.2482
1.33742
1.41396
1.47072
1.50676
1.52435
1.53022
1.5257
1.5159
1.50773
1.50643
1.51116
1.52637
1.54866
1.57442
1.59718
1.61223
1.61291
1.59609
1.55887
1.50151
1.43213
1.35556
1.28543
1.22891
1.1871
1.16318
1.1558
1.16143
1.17589
1.19512
1.215
1.23341
1.24692
1.2582
1.2602
1.25309
1.23355
1.20083
1.15434
1.09882
1.03961
0.989655
0.956953
0.949265
0.969505
1.01889
1.09519
1.19411
1.30359
1.41386
1.50914
1.5802
1.62518
1.64715
1.65132
1.64564
1.63587
1.62649
1.62112
1.6241
1.63776
1.66021
1.68347
1.70018
1.69914
1.68265
1.6501
1.60985
1.5721
1.54717
1.53761
1.54258
1.55805
1.58269
1.60769
1.62843
1.64543
1.65892
1.67724
1.71293
1.77293
1.85947
1.96605
2.07834
2.18013
2.25219
2.28052
2.26225
2.19749
2.09426
1.96913
1.83872
1.72043
1.63068
1.57774
1.56142
1.56964
1.58652
1.59789
1.59898
1.58963
1.57023
1.54292
1.50672
1.46235
1.41064
1.35404
1.30114
1.25736
1.22641
1.21632
1.23255
1.277
1.35043
1.44718
1.55145
1.64741
1.71621
1.75115
1.75252
1.73325
1.70312
1.67132
1.64171
1.61392
1.58634
1.55245
1.50978
1.45396
1.38391
1.30661
1.2269
1.15594
1.09769
1.0583
1.03163
1.01417
0.999041
0.980799
0.959587
0.937444
0.916776
0.905278
0.909809
0.933825
0.981793
1.04846
1.12891
1.21123
1.28415
1.33909
1.36897
1.3768
1.36169
1.33267
1.29277
1.25012
1.20918
1.17303
1.14014
1.11061
1.08377
1.0613
1.04614
1.04125
1.05455
1.08955
1.14501
1.2172
1.30292
1.39766
1.49677
1.59526
1.68997
1.77607
1.84949
1.90509
1.93793
1.951
1.94186
1.91561
1.87167
1.81905
1.75985
1.70185
1.6532
1.6176
1.59668
1.59321
1.60104
1.61617
1.63188
1.6451
1.64946
1.64254
1.62331
1.5874
1.53925
1.48267
1.42517
1.37523
1.34511
1.34227
1.36432
1.41797
1.49655
1.59172
1.69484
1.80041
1.9015
1.9941
2.0747
2.14266
2.19133
2.21515
2.21012
2.1763
2.1207
2.05021
1.97402
1.90003
1.83216
1.77414
1.72851
1.69696
1.68332
1.69236
1.72359
1.78002
1.85533
1.94199
2.03238
2.11158
2.17244
2.2089
2.21706
2.1953
2.15066
2.09077
2.02909
1.97824
1.94226
1.92644
1.92515
1.92901
1.93349
1.93027
1.91893
1.89726
1.86586
1.82773
1.7876
1.75328
1.73281
1.72664
1.73281
1.74216
1.74031
1.71964
1.67693
1.62455
1.57109
1.52269
1.48407
1.45402
1.43422
1.42486
1.42268
1.42987
1.44931
1.48265
1.52602
1.57839
1.62708
1.65831
1.66207
1.63492
1.57572
1.50032
1.42003
1.34874
1.29246
1.25332
1.22854
1.2183
1.22214
1.23984
1.26723
1.29867
1.33634
1.37294
1.40384
1.41777
1.40584
1.37359
1.33708
1.30821
1.29234
1.28677
1.28461
1.28209
1.28816
1.30627
1.33646
1.38032
1.42855
1.47145
1.50231
1.52391
1.53595
1.54183
1.54483
1.54526
1.54368
1.54057
1.53711
1.53319
1.53378
1.53737
1.54643
1.56134
1.57806
1.60036
1.62909
1.66203
1.69734
1.73104
1.75564
1.7637
1.7493
1.71229
1.6626
1.60444
1.54915
1.50343
1.4698
1.4474
1.43182
1.42026
1.40958
1.39587
1.38342
1.37746
1.37851
1.38712
1.40644
1.43726
1.48141
1.53426
1.58882
1.63785
1.6706
1.68003
1.67121
1.64307
1.60135
1.54884
1.48848
1.42604
1.36627
1.31634
1.28088
1.25689
1.24504
1.24211
1.2472
1.26322
1.29214
1.32849
1.3682
1.41285
1.45626
1.49907
1.54042
1.57831
1.6115
1.63585
1.64633
1.63918
1.61269
1.56782
1.50208
1.43169
1.36209
1.30157
1.25756
1.2357
1.23606
1.25952
1.30091
1.35395
1.41287
1.4669
1.51682
1.56073
1.59852
1.6329
1.66062
1.68314
1.69929
1.7068
1.70712
1.7029
1.69737
1.68351
1.66481
1.63379
1.59425
1.54685
1.49425
1.43776
1.38402
1.33322
1.28753
1.24191
1.19499
1.14593
1.09719
1.05586
1.02548
1.00408
0.993732
0.992947
0.997265
1.00731
1.02337
1.04628
1.07868
1.12291
1.17356
1.23625
1.31326
1.40408
1.50438
1.60294
1.6857
1.74723
1.78769
1.80895
1.81736
1.81615
1.80657
1.79051
1.77311
1.74958
1.71568
1.66205
1.58241
1.47434
1.35487
1.23987
1.14423
1.07789
1.04419
1.03739
1.05816
1.10599
1.17739
1.26991
1.37795
1.49476
1.61627
1.72937
1.81978
1.87995
1.90413
1.89924
1.87358
1.83979
1.80238
1.7653
1.72695
1.68612
1.64504
1.60534
1.57193
1.54791
1.53838
1.54099
1.55772
1.58818
1.63065
1.68589
1.7454
1.80081
1.84239
1.86602
1.87385
1.87139
1.86862
1.87156
1.88509
1.9153
1.9645
2.02705
2.09399
2.15446
2.19406
2.19984
2.16589
2.09986
2.01025
1.91117
1.8126
1.72343
1.64601
1.58362
1.53998
1.52373
1.54344
1.60308
1.70133
1.83653
1.9942
2.16176
2.31929
2.4549
2.56191
2.63552
2.6843
2.71077
2.71708
2.69864
2.65415
2.58142
2.48297
2.36433
2.23406
2.09846
1.96464
1.84162
1.73448
1.64688
1.58228
1.54229
1.52319
1.52515
1.54815
1.58961
1.64976
1.7214
1.80637
1.89294
1.97518
2.04481
2.09711
2.1302
2.14869
2.1527
2.14879
2.13458
2.11096
2.06921
2.00707
1.9232
1.82098
1.71284
1.60856
1.52297
1.46209
1.43081
1.43074
1.45551
1.49904
1.55139
1.61052
1.66427
1.7058
1.72843
1.72663
1.70538
1.6709
1.63602
1.61145
1.59915
1.60345
1.62315
1.65065
1.67865
1.69943
1.71415
1.71869
1.721
1.72028
1.71649
1.70625
1.68475
1.65362
1.61607
1.5795
1.54975
1.53215
1.52305
1.5279
1.54786
1.58293
1.63669
1.7054
1.78496
1.86319
1.93253
1.98295
2.00898
2.01412
2.00027
1.97477
1.94553
1.91493
1.88326
1.84316
1.79984
1.74768
1.69105
1.63278
1.57693
1.52671
1.48691
1.45557
1.43211
1.41503
1.39786
1.37477
1.34542
1.31352
1.28369
1.26463
1.25326
1.24705
1.2408
1.23347
1.22917
1.23391
1.25585
1.29812
1.35469
1.41809
1.47654
1.51772
1.53409
1.51847
1.47027
1.39259
1.29062
1.17431
1.05585
0.950039
0.872276
0.833593
0.839847
0.888323
0.974961
1.08394
1.19749
1.29534
1.36398
1.39649
1.39854
1.37642
1.34519
1.3124
1.28748
1.26696
1.25266
1.24093
1.22913
1.22116
1.21612
1.21438
1.21144
1.20767
1.20316
1.20348
1.21593
1.24787
1.29957
1.36813
1.44556
1.52686
1.60463
1.6672
1.70121
1.69912
1.65117
1.56947
1.4699
1.36939
1.28928
1.24132
1.23362
1.26277
1.32477
1.40918
1.49883
1.5731
1.62004
1.62627
1.59167
1.51973
1.42689
1.32316
1.22215
1.13975
1.08396
1.05971
1.06854
1.11013
1.17716
1.25996
1.34468
1.41748
1.46506
1.48363
1.47922
1.4592
1.43072
1.4019
1.37688
1.35739
1.34112
1.32576
1.31163
1.29652
1.28562
1.27828
1.27168
1.26788
1.26483
1.25965
1.25828
1.26503
1.2848
1.32066
1.37459
1.44225
1.52278
1.60249
1.67611
1.73025
1.76002
1.76549
1.7513
1.7303
1.7116
1.70291
1.70763
1.7205
1.73298
1.73755
1.72614
1.70336
1.67705
1.65635
1.65156
1.66982
1.70363
1.74216
1.7742
1.78846
1.77949
1.75468
1.7246
1.70634
1.70846
1.73422
1.77541
1.81605
1.84434
1.84699
1.81968
1.76571
1.69141
1.60941
1.53185
1.46279
1.40499
1.35415
1.30333
1.24269
1.17534
1.10523
1.04253
0.997213
0.973958
0.970967
0.987531
1.01479
1.04584
1.08137
1.11865
1.16761
1.23743
1.33302
1.45283
1.58658
1.7179
1.83392
1.91465
1.94919
1.93398
1.87848
1.78781
1.67829
1.56226
1.45234
1.35559
1.2798
1.2296
1.19704
1.18562
1.19016
1.21079
1.2473
1.29531
1.35597
1.42395
1.49666
1.56987
1.63819
1.69871
1.74956
1.79151
1.82997
1.86207
1.8941
1.92542
1.95539
1.97984
1.99354
1.98915
1.96416
1.91795
1.85261
1.7751
1.68395
1.58442
1.47751
1.36587
1.25524
1.14694
1.04649
0.955498
0.87567
0.810021
0.758147
0.724884
0.707047
0.701114
0.703887
0.711327
0.723007
0.740572
0.766281
0.804899
0.858053
0.926531
1.009
1.09571
1.17882
1.25887
1.33627
1.42017
1.50767
1.59235
1.66182
1.71668
1.75411
1.78581
1.82459
1.87453
1.93989
2.02146
2.10772
2.18319
2.23124
2.24034
2.20776
2.14187
2.06162
1.98949
1.94683
1.94691
1.99529
2.094
2.2367
2.41015
2.58912
2.75033
2.86554
2.91382
2.89012
2.8106
2.69578
2.55761
2.40559
2.24639
2.09527
1.96828
1.87064
1.79943
1.74565
1.70169
1.66477
1.63649
1.62248
1.62501
1.64498
1.68038
1.72379
1.76782
1.80794
1.8448
1.88039
1.91319
1.94095
1.96517
1.97924
1.98139
1.97021
1.95047
1.92103
1.88466
1.83985
1.78476
1.7215
1.65049
1.5749
1.50278
1.4409
1.40864
1.41171
1.45992
1.5477
1.66289
1.78507
1.89186
1.96561
2.00152
2.00129
1.9735
1.92798
1.87297
1.81437
1.75729
1.70053
1.64424
1.59174
1.5396
1.49293
1.45572
1.43316
1.43065
1.44288
1.47149
1.50953
1.55747
1.6109
1.6641
1.7108
1.74716
