1.07224
1.08481
1.1023
1.12149
1.14184
1.16392
1.1867
1.20686
1.22039
1.2243
1.21716
1.19873
1.17007
1.13392
1.09519
1.06014
1.03415
1.01929
1.01413
1.01539
1.01974
1.02467
1.02864
1.03082
1.03083
1.02896
1.02607
1.02337
1.02201
1.0226
1.02501
1.02824
1.03073
1.03067
1.02644
1.01693
1.00183
0.981722
0.958246
0.933958
0.912068
0.895774
0.887342
0.887441
0.895081
0.908139
0.924102
0.940658
0.95607
0.969351
0.980299
0.989162
0.996111
1.0009
1.0031
1.00268
1.00074
0.999424
1.00108
1.00695
1.01626
1.02636
1.03406
1.03727
1.03607
1.03277
1.03072
1.03252
1.0388
1.0484
1.05939
1.06997
1.07898
1.08596
1.0909
1.09397
1.09517
1.09422
1.09067
1.08405
1.07418
1.06109
1.04497
1.02604
1.00461
0.981296
0.957513
0.935859
0.919766
0.91219
0.913985
0.92363
0.938286
0.95481
0.970028
0.980872
0.9849
0.980975
0.969615
0.952895
0.933975
0.916367
0.903039
0.895522
0.893555
0.8956
0.899938
0.905573
0.91253
0.921465
0.933042
0.947277
0.963156
0.978797
0.992189
1.00208
1.00841
1.01221
1.01503
1.01832
1.02304
1.02945
1.03716
1.04534
1.05295
1.05898
1.06259
1.06314
1.06006
1.05283
1.04107
1.02478
1.00453
0.981457
0.957194
0.933563
0.91238
0.895428
0.884541
0.881554
0.887798
0.903306
0.926289
0.953397
0.980648
1.00455
1.02269
1.03392
1.0382
1.03628
1.02943
1.0191
1.00658
0.99291
0.978908
0.965446
0.953666
0.944961
0.940432
0.940147
0.942735
0.945892
0.947396
0.945905
0.941374
0.934895
0.928316
0.9236
0.922214
0.92474
0.930915
0.939912
0.950646
0.961961
0.97276
0.982063
0.989127
0.993626
0.995885
0.997002
0.99865
1.0025
1.00944
1.01899
1.02939
1.03817
1.04295
1.04224
1.03581
1.02486
1.01159
0.998453
0.987228
0.978517
0.971834
0.966202
0.960803
0.955471
0.950716
0.947391
0.946195
0.94727
0.950257
0.954638
0.960185
0.967093
0.975754
0.986184
0.99762
1.00856
1.01731
1.02264
1.02431
1.02314
1.02077
1.01921
1.02
1.02363
1.02935
1.03556
1.04045
1.04268
1.04158
1.03713
1.02979
1.02023
1.00915
0.997303
0.985526
0.974846
0.966445
0.961501
0.960938
0.965044
0.973233
0.984091
0.995682
1.00603
1.01342
1.01663
1.01493
1.00814
0.996692
0.981818
0.965728
0.951376
0.941798
0.93916
0.944304
0.95701
0.976224
0.999973
1.0254
1.04923
1.06846
1.0809
1.08533
1.08143
1.06956
1.05055
1.02559
0.996334
0.96498
0.934481
0.908425
0.890503
0.883597
0.888881
0.905521
0.931025
0.961939
0.994454
1.02484
1.04984
1.06703
1.07508
1.07375
1.06393
1.04744
1.02685
1.00526
0.985941
0.971511
0.962987
0.959396
0.95826
0.956798
0.952936
0.945809
0.935694
0.923712
0.911373
0.900167
0.891151
0.88483
0.881221
0.879951
0.880379
0.881782
0.883653
0.885964
0.889304
0.894398
0.90134
0.909129
0.915993
0.920191
0.92088
0.918507
0.914643
0.911346
0.910233
0.911845
0.915652
0.92065
0.92606
0.931543
0.936954
0.94202
0.946239
0.949129
0.95049
0.950371
0.948978
0.946797
0.945014
0.945634
0.950792
0.961528
0.977071
0.995181
1.01314
1.02863
1.04015
1.047
1.04907
1.0467
1.04058
1.03183
1.02187
1.0123
1.0045
0.999266
0.996615
0.995847
0.995638
0.994265
0.989957
0.981408
0.968341
0.951754
0.933721
0.916842
0.903479
0.895004
0.891324
0.890904
0.891473
0.891157
0.889477
0.887607
0.887705
0.891657
0.900052
0.912013
0.92587
0.940066
0.953719
0.966591
0.978726
0.98999
0.999805
1.00727
1.01146
1.01186
1.00853
1.00209
0.993598
0.984215
0.97515
0.967714
0.963439
0.963634
0.968356
0.975783
0.982995
0.987459
0.987966
0.984734
0.978967
0.972395
0.966789
0.963405
0.962717
0.964368
0.967512
0.971261
0.975022
0.978451
0.981273
0.983067
0.983259
0.981188
0.976317
0.968355
0.957354
0.943686
0.92804
0.911506
0.895803
0.88339
0.877174
0.879647
0.891779
0.912347
0.938386
0.966302
0.992856
1.01567
1.03329
1.04507
1.05108
1.05208
1.04934
1.04416
1.03748
1.02962
1.02047
1.00997
0.998423
0.986659
0.975771
0.966654
0.959639
0.954499
0.950732
0.947968
0.946046
0.944944
0.94461
0.944957
0.945918
0.947513
0.949819
0.952779
0.956193
0.959742
0.963145
0.96625
0.96908
0.971693
0.973995
0.975683
0.976396
0.975933
0.97445
0.972522
0.970921
0.970278
0.970872
0.972587
0.975009
0.97771
0.980411
0.982936
0.985187
0.98722
0.989402
0.992445
0.997193
1.00422
1.01352
1.02446
1.03599
1.04699
1.05638
1.06323
1.06677
1.06651
1.06231
1.05446
1.0437
1.03114
1.01797
1.0051
0.992849
0.980969
0.968823
0.95583
0.941893
0.92767
0.914572
0.904346
0.898381
0.897164
0.900188
0.906252
0.913883
0.921812
0.929391
0.936763
0.944731
0.954246
0.965759
0.978868
0.99232
1.00446
1.01376
1.01915
1.02018
1.01707
1.01076
1.00272
0.994735
0.988538
0.985499
0.986508
0.991925
1.00151
1.01448
1.02957
1.04529
1.06013
1.0728
1.08243
1.08853
1.09099
1.08982
1.08507
1.07685
1.06539
1.05119
1.03514
1.01851
1.00284
0.989723
0.980487
0.975897
0.976004
0.980134
0.987
0.995036
1.00278
1.00935
1.01457
1.01879
1.02237
1.02519
1.02642
1.02494
1.01974
1.01033
0.996727
0.979377
0.959086
0.937106
0.915304
0.896105
0.881904
0.874112
0.872651
0.876359
0.883782
0.893642
0.904869
0.916551
0.927942
0.938656
0.948779
0.958722
0.968781
0.978639
0.987236
0.993129
0.995103
0.992653
0.986086
0.976322
0.964628
0.952441
0.941313
0.932786
0.928142
0.927999
0.9321
0.939416
0.948562
0.958262
0.967651
0.976216
0.983598
0.989478
0.993598
0.99589
0.996547
0.995918
0.994338
0.992084
0.989433
0.986711
0.984332
0.982764
0.982624
0.98478
0.990127
0.999023
1.0107
1.02334
1.03474
1.04322
1.04825
1.05056
1.05164
1.05281
1.05444
1.05552
1.05412
1.0482
1.03658
1.01953
0.999096
0.978728
0.962265
0.952454
0.94989
0.953071
0.959471
0.96677
0.973639
0.979729
0.985111
0.989777
0.993401
0.995658
0.996676
0.997226
0.998415
1.00096
1.00462
1.00815
1.00996
1.00902
1.00543
1.00041
0.995822
0.993227
0.993224
0.995371
0.998721
1.00235
1.00547
1.00742
1.00768
1.00591
1.00204
0.996332
0.989473
0.982716
0.977608
0.975453
0.976684
0.980632
0.98575
0.990096
0.991855
0.989874
0.984033
0.975305
0.965544
0.957126
0.952388
0.952925
0.959164
0.97028
0.984533
0.999786
1.01393
1.02516
1.03229
1.03491
1.03343
1.02889
1.02266
1.01616
1.01063
1.00686
1.0051
1.00499
1.00559
1.00568
1.00424
1.00084
0.99587
0.99055
0.986695
0.986277
0.990535
0.998983
1.00914
1.01762
1.02172
1.02071
1.01625
1.01154
1.00944
1.01058
1.01315
1.01475
1.01439
1.01294
1.01209
1.01309
1.01617
1.0207
1.02549
1.02913
1.03013
1.02722
1.01978
1.00805
0.99319
0.977027
0.961561
0.948431
0.938498
0.931791
0.927696
0.925316
0.923824
0.922702
0.921675
0.920569
0.91925
0.917629
0.915794
0.914091
0.913162
0.913848
0.916919
0.922857
0.931801
0.943589
0.957878
0.97417
0.991838
1.01014
1.02814
1.04483
1.05913
1.07006
1.07682
1.07886
1.07587
1.06778
1.05477
1.03751
1.01722
0.995835
0.975615
0.958647
0.946412
0.939764
0.939023
0.943807
0.952687
0.963218
0.972644
0.978888
0.981173
0.980101
0.97729
0.974845
0.974699
0.977974
0.984654
0.993587
1.00292
1.01072
1.0155
1.01666
1.01455
1.01028
1.00526
1.00071
0.997101
0.994079
0.990625
0.985635
0.978367
0.968841
0.957868
0.946798
0.937078
0.929871
0.925832
0.925072
0.92728
0.931829
0.93795
0.944946
0.952389
0.960217
0.968485
0.977025
0.985357
0.992933
0.999456
1.00506
1.01024
1.01569
1.02208
1.02993
1.03944
1.0505
1.06262
1.07501
1.08666
1.09643
1.10321
1.10597
1.10398
1.0968
1.08435
1.06692
1.04524
1.0207
0.995423
0.972131
0.953351
0.940477
0.933311
0.930629
0.931201
0.934401
0.940049
0.948037
0.958076
0.96959
0.981768
0.993701
1.00456
1.01365
1.02028
1.02389
1.0241
1.02101
1.01527
1.008
1.0005
0.993782
0.988564
0.985381
0.984626
0.986445
0.990545
0.996295
1.00288
1.00948
1.0154
1.02013
1.02336
1.02498
1.02516
1.02429
1.02296
1.02165
1.02058
1.01949
1.01761
1.01379
1.00673
0.995421
0.979615
0.960119
0.938698
0.917735
0.899598
0.886048
0.877874
0.874905
0.876491
0.881997
0.890917
0.902679
0.916283
0.930336
0.943528
0.955052
0.964657
0.972244
0.977627
0.980543
0.980984
0.97952
0.977307
0.975848
0.97651
0.979962
0.985899
0.993083
0.999798
1.00446
1.00609
1.00463
1.00092
0.996335
0.992249
0.989465
0.987903
0.986757
0.984954
0.981726
0.976984
0.9713
0.965594
0.960648
0.956773
0.953709
0.950804
0.94737
0.943046
0.938084
0.933376
0.930229
0.929861
0.932896
0.939071
0.947297
0.956018
0.963557
0.968412
0.969478
0.966178
0.958601
0.947664
0.934935
0.922295
0.911453
0.903572
0.899179
0.898379
0.901006
0.906625
0.91433
0.922807
0.930803
0.937923
0.945057
0.9537
0.964382
0.975816
0.985685
0.99216
0.994786
0.994503
0.993093
0.992461
0.993878
0.997508
1.00239
1.00686
1.00904
1.00734
1.00091
0.990021
0.976228
0.962098
0.950482
0.943641
0.942797
0.948207
0.95916
0.974023
0.990325
1.0052
1.01603
1.02095
1.0191
1.01078
0.997431
0.981635
0.966781
0.956175
0.951508
0.951938
0.954753
0.957001
0.956843
0.953945
0.949304
0.944707
0.94197
0.9423
0.946076
0.953041
0.962612
0.973955
0.985927
0.996968
1.00515
1.00843
1.00515
0.994651
0.977733
0.956768
0.935219
0.916617
0.903415
0.896361
0.894711
0.896982
0.9016
0.907281
0.913146
0.918905
0.925015
0.932521
0.942553
0.955614
0.971237
0.987983
1.00386
1.01678
1.02503
1.02737
1.02331
1.01332
0.999184
0.984057
0.971479
0.963726
0.960891
0.961532
0.963898
0.96681
0.96988
0.973331
0.977502
0.982409
0.987543
0.992098
0.995194
0.996105
0.99435
0.989888
0.983251
0.975523
0.968001
0.961668
0.956839
0.95344
0.951412
0.950784
0.951393
0.952781
0.954367
0.955571
0.955908
0.955092
0.953318
0.951607
0.951704
0.955474
0.963936
0.976672
0.991966
1.0078
1.02269
1.03581
1.04654
1.05405
1.05744
1.05615
1.05022
1.04036
1.02768
1.01343
0.998758
0.984561
0.971438
0.959783
0.949908
0.942127
0.936723
0.933853
0.933487
0.935314
0.938612
0.942269
0.94505
0.94594
0.944424
0.94058
0.934936
0.928372
0.921926
0.916698
0.913775
0.914052
0.917837
0.924508
0.932636
0.940694
0.947686
0.95325
0.95732
0.959849
0.960821
0.960479
0.959535
0.959006
0.959783
0.962241
0.966268
0.971648
0.97828
0.986018
0.994292
1.00191
1.00735
1.00931
1.00734
1.00212
0.995306
0.988913
0.984496
0.982608
0.982722
0.983625
0.983913
0.982298
0.977747
0.969451
0.956921
0.940231
0.920311
0.899207
0.88017
0.867165
0.863554
0.870449
0.885948
0.906008
0.926323
0.943824
0.957079
0.96606
0.971776
0.975999
0.98064
0.986845
0.994312
1.00149
1.00654
1.00815
1.00581
0.999712
0.990544
0.979278
0.967142
0.955558
0.946066
0.94006
0.938301
0.940515
0.945356
0.950903
0.955448
0.958177
0.959453
0.960565
0.963093
0.96802
0.975171
0.983245
0.990398
0.995005
0.996233
0.994158
0.989597
0.983729
0.97763
0.972012
0.967137
0.962958
0.959327
0.956198
0.953781
0.952521
0.953004
0.955829
0.961363
0.96967
0.980428
0.992963
1.0064
1.0198
1.0323
1.04318
1.05194
1.05814
1.06148
1.06184
1.05945
1.05493
1.04917
1.04302
1.03673
1.02968
1.02047
1.00751
0.989707
0.967205
0.941984
0.9182
0.901721
0.898047
0.909407
0.933545
0.96545
0.999963
1.03318
1.06245
1.08608
1.10322
1.11369
1.11792
1.1168
1.11141
1.10286
1.09202
1.07944
1.06541
1.05015
1.03387
1.01661
0.998168
0.978288
0.957409
0.937211
0.920529
0.910312
0.908169
0.913525
0.923969
0.936419
0.948231
0.957751
0.964335
0.968098
0.969597
0.969533
0.968508
0.966886
0.964826
0.962498
0.960399
0.959586
0.961615
0.968057
0.979632
0.995535
1.01342
1.03022
1.04316
1.05034
1.0512
1.04663
1.03889
1.03092
1.02518
1.02267
1.02313
1.02595
1.03059
1.03629
1.04181
1.04559
1.04632
1.04344
1.0374
1.02954
1.02173
1.01577
1.01308
1.01445
1.01996
1.02877
1.03917
1.04909
1.05694
1.06205
1.06472
1.06576
1.06591
1.0655
1.06435
1.06191
1.05755
1.05088
1.04199
1.03159
1.02108
1.0124
1.00755
1.00788
1.01345
1.02296
1.03422
1.04497
1.05321
1.05749
1.05711
1.05226
1.04387
1.03321
1.02158
1.00996
0.999088
0.989571
0.982131
0.97766
0.977052
0.980828
0.98881
0.99998
1.01272
1.02523
1.03597
1.04394
1.04886
1.05112
1.05168
1.05166
1.05211
1.05368
1.05661
1.06076
1.06569
1.07091
1.07592
1.08033
1.08395
1.08688
1.08933
1.09145
1.09323
1.09451
1.09503
1.09455
1.09284
1.08973
1.08503
1.07856
1.07016
1.05971
1.04719
1.0328
1.01708
1.00106
0.98611
0.973852
0.965879
0.963439
0.96706
0.976216
0.989464
1.00501
1.02124
1.03698
1.05142
1.06384
1.07348
1.07948
1.08098
1.07727
1.0681
1.05406
1.03693
1.01957
1.00485
0.994183
0.987105
0.982658
0.980713
0.981942
0.986774
0.994623
1.00393
1.01269
1.01902
1.0218
1.021
1.01787
1.01452
1.01299
1.01416
1.01757
1.02201
1.02623
1.02923
1.03025
1.02865
1.02393
1.0158
1.0043
0.989813
0.973097
0.95524
0.937526
0.921272
0.907551
0.896993
0.889693
0.88543
0.883889
0.884892
0.888419
0.894498
0.903065
0.91384
0.926269
0.939679
0.953404
0.966898
0.979619
0.99098
1.00028
1.00678
1.01
1.00981
1.00654
1.00093
0.993986
0.986949
0.981095
0.977322
0.975776
0.975794
0.976227
0.97594
0.974211
0.97094
0.966615
0.962077
0.958225
0.955637
0.954477
0.954589
0.95569
0.957608
0.960293
0.963685
0.967493
0.971122
0.973714
0.974487
0.973022
0.969509
0.964792
0.960214
0.957211
0.956747
0.958962
0.963377
0.969361
0.976444
0.984231
0.992219
0.999818
1.00655
1.01214
1.01646
1.0194
1.02057
1.01922
1.01437
1.00514
0.991274
0.973495
0.953793
0.935228
0.921091
0.913501
0.912186
0.914618
0.917792
0.920082
0.92205
0.925821
0.933402
0.945341
0.960588
0.97739
0.994089
1.00935
1.02206
1.03129
1.03636
1.03697
1.03321
1.02554
1.01473
1.00181
0.988
0.974654
0.963064
0.954295
0.948955
0.947128
0.948469
0.952445
0.958541
0.966321
0.975482
0.985768
0.996834
1.00816
1.01904
1.02872
1.03651
1.04191
1.04462
1.04449
1.04149
1.03577
1.02775
1.0184
1.00934
1.00255
0.999581
1.00086
1.00555
1.01207
1.01877
1.02431
1.02794
1.02943
1.02906
1.02729
1.02468
1.02156
1.01788
1.01323
1.00717
0.999825
0.992411
0.987014
0.98553
0.988387
0.994153
1.00043
1.00502
1.00657
1.00456
0.999029
0.990306
0.978988
0.96608
0.953051
0.941695
0.933615
0.929605
0.92942
0.931962
0.935816
0.939668
0.942473
0.943487
0.94233
0.939033
0.934265
0.929425
0.92633
0.926371
0.929632
0.934986
0.941193
0.947902
0.955606
0.96494
0.97581
0.987023
0.996555
1.00233
1.00301
0.998302
0.98894
0.976247
0.961713
0.946573
0.931563
0.917007
0.903357
0.892033
0.886104
0.889797
0.906015
0.933557
0.966938
0.99916
1.02447
1.03929
1.0418
1.03165
1.01004
0.980329
0.948236
0.920778
0.903801
0.899703
0.907026
0.921855
0.939631
0.95657
0.97028
0.979658
0.984353
0.984312
0.979687
0.971007
0.959306
0.946051
0.932861
0.921322
0.912773
0.908242
0.908183
0.912072
0.918231
0.924223
0.927708
0.92734
0.923333
0.917548
0.912904
0.912097
0.916092
0.923663
0.93247
0.940579
0.947286
0.952999
0.95864
0.964945
0.972025
0.979305
0.98582
0.990607
0.992997
0.992719
0.989933
0.985142
0.97916
0.973049
0.968002
0.965196
0.965572
0.969472
0.976514
0.985676
0.995654
1.00526
1.01357
1.01989
1.02367
1.02445
1.02188
1.01589
1.00694
0.996255
0.985908
0.978322
0.975283
0.977009
0.981985
0.987807
0.992418
0.994835
0.995211
0.994411
0.993376
0.992663
0.992279
0.991812
0.990736
0.988729
0.985835
0.982406
0.978961
0.975986
0.973847
0.972806
0.973058
0.974811
0.978237
0.983362
0.989956
0.997417
1.00485
1.01134
1.01621
1.01907
1.01974
1.01813
1.01422
1.00824
1.00076
0.992627
0.984635
0.977247
0.970394
0.963626
0.956377
0.94815
0.938572
0.927345
0.914354
0.900026
0.885633
0.873352
0.865763
0.864975
0.871646
0.884634
0.901459
0.919291
0.93566
0.948611
0.956741
0.959285
0.956303
0.948625
0.937607
0.924748
0.911492
0.899207
0.889201
0.882651
0.880319
0.882227
0.887585
0.89504
0.903193
0.911093
0.918465
0.925591
0.932855
0.940385
0.947911
0.955015
0.96138
0.966976
0.971985
0.976625
0.980827
0.983976
0.984908
0.982223
0.974829
0.962571
0.946601
0.929362
0.914195
0.904406
0.901755
0.905382
0.912328
0.91939
0.924768
0.928529
0.93204
0.93686
0.943542
0.95132
0.958912
0.965624
0.9717
0.977874
0.984633
0.99175
0.99849
1.00405
1.00791
1.00978
1.00932
1.00605
0.99949
0.989507
0.976598
0.96203
0.947788
0.936311
0.93002
0.930793
0.939519
0.955694
0.977082
1.00013
1.02095
1.03632
1.04428
1.0443
1.03729
1.02541
1.01156
0.998477
0.987707
0.979218
0.971848
0.964265
0.955731
0.946445
0.937254
0.929135
0.922698
0.918108
0.915426
0.91497
0.917369
0.923288
0.933037
0.946342
0.9624
0.980158
0.998581
1.01684
1.03426
1.05013
1.06362
1.0737
1.07926
1.07939
1.07362
1.06214
1.0458
1.02599
1.00443
0.983024
0.963556
0.947562
0.936163
0.929888
0.928666
0.931907
0.938725
0.948079
0.958915
0.970263
0.981344
0.99169
1.00123
1.01029
1.01946
1.02927
1.03985
1.05083
1.06143
1.07083
1.07839
1.08363
1.08621
1.08575
1.08178
1.07388
1.06188
1.0461
1.02753
1.00779
0.989016
0.973436
0.962901
0.958452
0.960067
0.966718
0.976752
0.98844
1.00029
1.01125
1.02072
1.02845
1.03447
1.039
1.04229
1.04439
1.04492
1.04305
1.03781
1.02848
1.01496
0.99799
0.978985
0.959836
0.942409
0.928038
0.917229
0.909745
0.905099
0.903233
0.904921
0.911309
0.922945
0.939009
0.957375
0.975497
0.991287
1.00356
1.01203
1.01697
1.01901
1.01892
1.0175
1.01549
1.0133
1.01078
1.00739
1.00244
0.995531
0.986762
0.97664
0.965918
0.955556
0.946866
0.941557
0.941241
0.946427
0.955783
0.966637
0.976456
0.984162
0.990431
0.996845
1.00462
1.01388
1.02388
1.03367
1.04254
1.05004
1.05594
1.06009
1.0623
1.0623
1.05978
1.0544
1.04599
1.0348
1.02172
1.0085
0.997779
0.992545
0.994905
1.00475
1.01941
1.03486
1.04739
1.05485
1.0569
1.05452
1.04914
1.0418
1.03266
1.02109
1.00644
0.989062
0.970816
0.954877
0.944555
0.941764
0.946101
0.955091
0.965309
0.973589
0.977957
0.977942
0.974405
0.968938
0.963154
0.958088
0.95406
0.951039
0.949063
0.948362
0.949079
0.95093
0.95324
0.95531
0.95674
0.957485
0.957709
0.957712
0.957938
0.958901
0.960966
0.964066
0.967553
0.970414
0.971683
0.970907
0.968267
0.964405
0.960034
0.955578
0.951126
0.946604
0.941956
0.937369
0.93336
0.930744
0.930527
0.933583
0.940268
0.95019
0.962209
0.974779
0.986421
0.996137
1.0036
1.0091
1.01327
1.0167
1.01973
1.02226
1.02396
1.02447
1.02364
1.0215
1.01829
1.01426
1.00946
1.00366
0.99644
0.987537
0.977225
0.966598
0.957392
0.951427
0.949908
0.953048
0.960119
0.969745
0.980264
0.990099
0.998184
1.00421
1.00859
1.01218
1.01596
1.02067
1.02656
1.03335
1.04015
1.0458
1.04902
1.04863
1.04378
1.03413
1.02007
1.00277
0.984014
0.965848
0.950073
0.937946
0.930122
0.926792
0.927807
0.932599
0.940104
0.948973
0.957866
0.965803
0.972365
0.97785
0.983408
0.990812
1.0016
1.01615
1.03331
1.05079
1.06602
1.07687
1.08197
1.08094
1.07442
1.06395
1.05133
1.03791
1.02434
1.01098
0.998452
0.987666
0.979381
0.973774
0.970406
0.968635
0.968026
0.968439
0.969877
0.972328
0.975711
0.97988
0.984681
0.989944
0.995442
1.00078
1.00528
1.00807
1.00834
1.0057
1.00034
0.993091
0.98512
0.977545
0.971168
0.966495
0.96394
0.963985
0.966869
0.97215
0.978635
0.984863
0.989783
0.993025
0.994783
0.995422
0.995195
0.994163
0.99233
0.989771
0.986883
0.984562
0.984197
0.987202
0.994021
1.00356
1.01356
1.02164
1.02597
1.02546
1.0199
1.00992
0.997096
0.9836
0.971611
0.962622
0.957012
0.954205
0.953231
0.953429
0.954754
0.957625
0.962521
0.96953
0.978178
0.987477
0.996095
1.00255
1.00542
1.00356
0.996386
0.9843
0.968778
0.952376
0.938223
0.929183
0.927012
0.93202
0.943305
0.959342
0.97852
0.999377
1.02061
1.04098
1.05917
1.0738
1.08353
1.0871
1.08347
1.07189
1.05214
1.02489
0.992015
0.956963
0.924658
0.900542
0.888851
0.89105
0.905535
0.928541
0.95558
0.982629
1.00672
1.02608
1.03999
1.04845
1.05198
1.05137
1.04755
1.04147
1.03398
1.02573
1.0172
1.00881
1.00099
0.994044
0.988084
0.982943
0.978372
0.974266
0.970838
0.968632
0.968294
0.970227
0.974223
0.979436
0.984704
0.988893
0.991195
0.991181
0.988744
0.984094
0.977821
0.970934
0.964754
0.960542
0.959002
0.960136
0.963469
0.968436
0.974575
0.981495
0.988793
0.99597
1.00249
1.00791
1.01197
1.01439
1.01467
1.01206
1.00582
0.995616
0.981836
0.965665
0.94878
0.933059
0.920149
0.911202
0.906738
0.906707
0.910669
0.918006
0.928129
0.94057
0.954905
0.970597
0.98679
1.00233
1.01593
1.02648
1.03329
1.03645
1.03685
1.03606
1.03585
1.03759
1.04174
1.04781
1.05461
1.06079
1.06529
1.06764
1.0679
1.06638
1.06348
1.05965
1.05549
1.05155
1.04816
1.04518
1.04206
1.03809
1.03277
1.02605
1.0185
1.0112
1.00543
1.0022
1.002
1.00472
1.00961
1.0154
1.02031
1.02238
1.01986
1.01179
0.99842
0.981413
0.963683
0.948613
0.938778
0.934879
0.935635
0.938708
0.941821
0.943503
0.94332
0.941741
0.939834
0.938854
0.939825
0.943322
0.949474
0.958004
0.968299
0.979458
0.990412
1.00003
1.00734
1.01177
1.01329
1.01242
1.01009
1.00737
1.00512
1.00387
1.00372
1.00444
1.00559
1.00658
1.0067
1.00542
1.00258
0.998407
0.99343
0.988422
0.984276
0.981776
0.981376
0.983105
0.9867
0.991653
0.997024
1.00149
1.00373
1.00306
0.999773
0.995122
0.99069
0.987752
0.986714
0.987045
0.987583
0.987124
0.985022
0.981484
0.977527
0.974623
0.974073
0.97651
0.981757
0.989117
0.997863
1.00748
1.01764
1.02796
1.03782
1.0463
1.05236
1.05509
1.05407
1.04952
1.04255
1.03499
1.02879
1.02483
1.02201
1.0175
1.00831
0.993013
0.97282
0.951472
0.933762
0.92337
0.92141
0.926819
0.937789
0.952867
0.971141
0.99177
1.0135
1.03455
1.05295
1.06725
1.07692
1.08204
1.08246
1.0772
1.06491
1.04488
1.0179
0.986509
0.954809
0.927697
0.909627
0.90313
0.907975
0.921491
0.93976
0.958873
0.975745
0.988411
0.996025
0.998643
0.996732
0.990788
0.981246
0.968865
0.95534
0.943356
0.935944
0.935207
0.941331
0.952537
0.965939
0.978637
0.988521
0.994434
0.996095
0.993832
0.988379
0.980671
0.971665
0.962197
0.95291
0.94424
0.936452
0.929676
0.923922
0.919122
0.915106
0.911645
0.90849
0.905484
0.90264
0.900263
0.898933
0.8994
0.902372
0.908343
0.917462
0.929397
0.943366
0.958237
0.972712
0.98567
0.996361
1.0045
1.01011
1.01335
1.01429
1.01291
1.00925
1.0035
0.996307
0.988686
0.98183
0.97654
0.972943
0.970587
0.968993
0.968079
0.968159
0.969558
0.97218
0.975439
0.978563
0.981015
0.982728
0.984033
0.985275
0.986301
0.986347
0.984396
0.980007
0.973945
0.968145
0.96488
0.965641
0.970453
0.97811
0.986862
0.995089
1.00154
1.0054
1.00619
1.00358
0.997408
0.987905
0.976236
0.965005
0.957731
0.956937
0.962163
0.970162
0.977073
0.980353
0.979304
0.97463
0.967707
0.959926
0.952342
0.945623
0.940264
0.936647
0.935043
0.935623
0.938478
0.943503
0.950232
0.957788
0.965077
0.971123
0.975355
0.977627
0.978226
0.977752
0.976891
0.976353
0.976745
0.978411
0.981359
0.985139
0.988876
0.991634
0.992853
0.992827
0.992749
0.994185
0.998184
1.00458
1.01207
1.01898
1.02402
1.02661
1.02686
1.02535
1.02306
1.0212
1.02101
1.02343
1.02869
1.03612
1.04447
1.05221
1.05811
1.06148
1.06225
1.06076
1.0575
1.05291
1.04733
1.04092
1.03362
1.02521
1.01554
1.00499
0.994642
0.986145
0.981132
0.980805
0.985721
0.995655
1.00975
1.02669
1.0449
1.06271
1.07844
1.09046
1.09736
1.09799
1.09166
1.07828
1.05866
1.03463
1.00901
0.984941
0.964935
0.95007
0.940061
0.934076
0.931468
0.932061
0.935815
0.942354
0.950682
0.959302
0.966622
0.97143
0.973197
0.972034
0.968454
0.963062
0.956418
0.949025
0.941445
0.934446
0.929047
0.926361
0.927336
0.932509
0.9417
0.953799
0.966846
0.97833
0.985859
0.98779
0.983722
0.974556
0.962131
0.948831
0.937193
0.929611
0.927957
0.933051
0.94415
0.959121
0.975255
0.990158
1.0023
1.0111
1.0169
1.02071
1.02383
1.02734
1.03169
1.03664
1.04161
1.04603
1.0495
1.05175
1.05256
1.05179
1.04937
1.04528
1.03946
1.03176
1.02222
1.01134
1.0004
0.991177
0.985374
0.983986
0.986965
0.993336
1.00164
1.01033
1.01804
1.02374
1.02683
1.02714
1.02481
1.02
1.01273
1.00273
0.989673
0.973445
0.954611
0.934761
0.916527
0.90308
0.897077
0.899444
0.908971
0.922934
0.938159
0.951948
0.96254
0.969185
0.971985
0.971613
0.968984
0.964941
0.96013
0.954884
0.949338
0.943645
0.938125
0.933368
0.930083
0.928855
0.929952
0.933182
0.93799
0.943684
0.949702
0.955802
0.962076
0.968772
0.976025
0.983635
0.99106
0.997591
1.00265
1.00609
1.00835
1.01031
1.01268
1.01553
1.01826
1.02002
1.02032
1.01927
1.01742
1.01533
1.01325
1.01076
1.00669
0.999482
0.98793
0.971929
0.952874
0.933382
0.916436
0.904389
0.898343
0.898102
0.902526
0.909991
0.918749
0.927356
0.934939
0.941158
0.945972
0.949403
0.951552
0.952704
0.953384
0.954193
0.955642
0.957962
0.961087
0.964729
0.968561
0.972311
0.975743
0.978483
0.979987
0.979771
0.977751
0.974354
0.970305
0.966178
0.962057
0.957516
0.951902
0.944661
0.935725
0.925635
0.915505
0.906728
0.900572
0.897848
0.898698
0.902609
0.908567
0.915322
0.921754
0.92704
0.930747
0.932777
0.93322
0.932288
0.930166
0.926867
0.922228
0.915978
0.90798
0.898368
0.887634
0.876666
0.866798
0.859641
0.856762
0.859201
0.867357
0.881095
0.899801
0.922108
0.945706
0.967766
0.985748
0.998113
1.00445
1.00529
1.00175
0.995151
0.986942
0.978649
0.971851
0.967955
0.967814
0.971304
0.977283
0.983934
0.989372
0.992195
0.991697
0.98786
0.981182
0.972478
0.96265
0.952371
0.942012
0.931968
0.922934
0.915905
0.911781
0.910998
0.913513
0.919017
0.927335
0.938395
0.951943
0.967147
0.982647
0.996981
1.00911
1.01864
1.02564
1.03044
1.03343
1.035
1.03552
1.03523
1.03405
1.03164
1.02755
1.02157
1.014
1.00581
0.998354
0.99266
0.98877
0.985463
0.980912
0.973872
0.964539
0.954553
0.946087
0.940712
0.938771
0.939676
0.942685
0.947426
0.953727
0.961127
0.968725
0.975498
0.980809
0.98466
0.98764
0.990636
0.994396
0.999237
1.00487
1.01049
1.01498
1.0173
1.01672
1.013
1.00655
0.99836
0.989933
0.982952
0.978875
0.978506
0.981812
0.987992
0.995766
1.0037
1.0106
1.01578
1.01913
1.0211
1.02238
1.02339
1.02391
1.02309
1.01988
1.01349
1.00389
0.991836
0.97882
0.966575
0.956417
0.948783
0.943413
0.939997
0.938834
0.940818
0.946867
0.957068
0.970284
0.984491
0.997615
1.00817
1.01541
1.01921
1.01984
1.0178
1.0139
1.00918
1.00476
1.0015
0.99976
0.999103
0.998511
0.996781
0.993003
0.986958
0.979318
0.971493
0.965157
0.961773
0.962105
0.965987
0.972421
0.979969
0.987162
0.992772
0.996013
0.996548
0.994427
0.990001
0.983732
0.976071
0.967429
0.958296
0.949248
0.940869
0.933589
0.927531
0.922656
0.919018
0.916933
0.916908
0.919519
0.925261
0.934469
0.947296
0.963659
0.983054
1.00439
1.02592
1.04532
1.06013
1.06815
1.06805
1.05974
1.0445
1.02472
1.00331
0.983017
0.965882
0.953109
0.945174
0.942003
0.943022
0.947145
0.952847
0.9584
0.962237
0.963326
0.961414
0.957175
0.952223
0.948927
0.949854
0.956696
0.969425
0.986264
1.00457
1.02189
1.03644
1.0471
1.0531
1.05398
1.04953
1.03977
1.02518
1.00699
0.98737
0.969293
0.955823
0.949091
0.949553
0.955998
0.966137
0.977451
0.987858
0.996073
1.00163
1.00464
1.00552
1.00474
1.00273
0.999848
0.996277
0.991947
0.98646
0.979235
0.969826
0.958443
0.946484
0.936557
0.931567
0.933362
0.94195
0.956048
0.973958
0.993959
1.01431
1.03328
1.04934
1.06141
1.06895
1.07202
1.07109
1.06694
1.06048
1.05257
1.04384
1.03466
1.02524
1.01562
1.0058
0.995774
0.985639
0.975668
0.966267
0.957993
0.951424
0.947072
0.945331
0.946417
0.950404
0.957217
0.966548
0.977781
0.989902
1.00159
1.01142
1.01808
1.0206
1.01835
1.01122
0.999904
0.986366
0.974023
0.966807
0.967374
0.97568
0.989206
1.00445
1.01833
1.02887
1.03512
1.03684
1.03415
1.0274
1.01725
1.00493
0.992308
0.981715
0.975366
0.974553
0.978975
0.986719
0.995138
1.00183
1.00523
1.00475
1.0007
0.994162
0.986698
0.979933
0.975041
0.97245
0.971869
0.972637
0.97408
0.975603
0.976769
0.977547
0.978397
0.98003
0.982805
0.98627
0.989231
0.990198
0.987911
0.981898
0.972855
0.962547
0.95338
0.94765
0.946831
0.951135
0.959428
0.96956
0.978965
0.98524
0.986548
0.981846
0.970977
0.954726
0.934787
0.913531
0.893567
0.877384
0.867394
0.866049
0.875173
0.894636
0.921889
0.953103
0.984501
1.01302
1.03646
1.0535
1.06376
1.06768
1.0662
1.06048
1.05154
1.03996
1.02597
1.00969
0.991532
0.972466
0.954025
0.938033
0.926117
0.919178
0.917141
0.919116
0.923855
0.930173
0.937154
0.944239
0.951245
0.958283
0.965507
0.972784
0.979525
0.98483
0.987909
0.988409
0.986467
0.982654
0.977982
0.973917
0.972009
0.973269
0.977731
0.984462
0.992185
0.999875
1.00717
1.01437
1.02203
1.03038
1.03898
1.04684
1.05291
1.0566
1.05796
1.05727
1.05469
1.05012
1.04337
1.0346
1.02444
1.01407
1.00502
0.998616
0.995512
0.99541
0.997348
1.00029
1.00362
1.00717
1.01099
1.01516
1.01962
1.02423
1.02873
1.03271
1.03559
1.03666
1.03531
1.03135
1.02532
1.01828
1.01141
1.00534
0.999871
0.994207
0.987463
0.979139
0.969303
0.958567
0.947768
0.937764
0.929224
0.922571
0.918019
0.915638
0.915472
0.917545
0.921859
0.928241
0.936196
0.944923
0.953542
0.961342
0.967918
0.973157
0.977125
0.979882
0.981408
0.981641
0.980708
0.97906
0.977472
0.976813
0.977679
0.980089
0.983478
0.986902
0.989311
0.989754
0.987512
0.982161
0.973642
0.962329
0.948963
0.93452
0.920041
0.906633
0.895478
0.8879
0.885095
0.887768
0.89571
0.907613
0.921219
0.933936
0.943578
0.948909
0.949812
0.94712
0.942292
0.937045
0.933009
0.931383
0.932802
0.937313
0.944485
0.953623
0.963946
0.974794
0.985695
0.996259
1.00604
1.01453
1.02113
1.02538
1.02715
1.02677
1.02508
1.02327
1.02247
1.0232
1.02507
1.02683
1.02676
1.02341
1.01608
1.0052
0.992306
0.979761
0.97004
0.964853
0.964584
0.968236
0.973995
0.979945
0.984601
0.987149
0.987443
0.985776
0.982481
0.977518
0.970451
0.960815
0.948628
0.934697
0.920475
0.907557
0.897249
0.890263
0.886598
0.88566
0.886489
0.888058
0.889582
0.890723
0.891576
0.892388
0.893327
0.8944
0.895666
0.897442
0.900381
0.905288
0.912677
0.922439
0.933821
0.945693
0.956796
0.965939
0.972104
0.974622
0.973327
0.968511
0.960776
0.950912
0.939919
0.929035
0.91987
0.914167
0.913312
0.917704
0.926375
0.93715
0.947308
0.954422
0.957149
0.955651
0.951452
0.946686
0.943056
0.94103
0.939849
0.938204
0.934917
0.929326
0.921288
0.911024
0.899054
0.886193
0.873515
0.862338
0.854255
0.851016
0.854049
0.86372
0.878881
0.897239
0.916238
0.933793
0.948604
0.960066
0.967978
0.972303
0.973053
0.970383
0.964903
0.958071
0.952177
0.949648
0.951944
0.958745
0.968222
0.978079
0.986517
0.992559
0.995918
0.996778
0.995717
0.993805
0.99237
0.992428
0.993962
0.995727
0.995817
0.992586
0.985344
0.974442
0.960819
0.945492
0.929333
0.913073
0.897606
0.884317
0.87523
0.872722
0.878698
0.893534
0.915496
0.941155
0.96654
0.988238
1.00389
1.01214
1.01259
1.00577
0.993366
0.978339
0.96469
0.95657
0.95682
0.965558
0.980085
0.996163
1.00987
1.0187
1.02165
1.01879
1.01098
0.999565
0.98611
0.971965
0.958055
0.944945
0.932987
0.922215
0.912263
0.902501
0.892475
0.882348
0.873227
0.867097
0.866278
0.872457
0.885953
0.905451
0.928396
0.95167
0.972238
0.987675
0.996498
0.998339
0.993977
0.985163
0.974237
0.963627
0.955228
0.950148
0.948738
0.950853
0.956203
0.964431
0.97499
0.987031
0.99937
1.01085
1.02078
1.0292
1.03674
1.04415
1.05165
1.05866
1.06406
1.06675
1.06594
1.06142
1.05336
1.0422
1.0284
1.01236
0.994567
0.975759
0.957005
0.939552
0.924599
0.913196
0.906378
0.905145
0.909742
0.91883
0.929582
0.938941
0.944863
0.946631
0.944506
0.939277
0.931964
0.923652
0.915413
0.90823
0.902908
0.900018
0.899846
0.902539
0.908287
0.917383
0.929951
0.945566
0.963076
0.980927
0.997641
1.01232
1.02477
1.03521
1.04412
1.0518
1.05829
1.0632
1.06579
1.06515
1.06037
1.05086
1.03661
1.01847
0.998364
0.979096
0.963807
0.954864
0.95287
0.956527
0.963405
0.970901
0.976796
0.979584
0.978685
0.974709
0.969457
0.965331
0.964131
0.966153
0.970341
0.975293
0.980019
0.98392
0.986448
0.986888
0.98458
0.97925
0.971273
0.961724
0.952255
0.944842
0.941413
0.94335
0.951083
0.963878
0.979989
0.997009
1.01224
1.0231
1.0274
1.02375
1.01196
0.993255
0.970092
0.945737
0.923427
0.90565
0.893709
0.88779
0.887303
0.891356
0.899066
0.909587
0.921994
0.935163
0.947909
0.959289
0.968946
0.977204
0.98484
0.992566
1.0006
1.00846
1.01511
1.0195
1.02096
1.01952
1.01599
1.01168
1.008
1.00604
1.0063
1.00856
1.01198
1.01535
1.01734
1.01676
1.01288
1.00552
0.994956
0.981886
0.967434
0.953174
0.940889
0.932153
0.927899
0.928219
0.932374
0.939015
0.946797
0.955008
0.963803
0.97378
0.985138
0.997099
1.00797
1.01582
1.0194
1.01863
1.01481
1.01015
1.00709
1.0075
1.01204
1.01991
1.02884
1.03558
1.03706
1.03162
1.01969
1.00375
0.987525
0.974603
0.967214
0.965511
0.967819
0.97164
0.974773
0.975988
0.975163
0.972932
0.970252
0.967949
0.96644
0.965691
0.965298
0.964605
0.962829
0.959284
0.953598
0.946033
0.937724
0.930485
0.926097
0.925594
0.929341
0.937606
0.950625
0.967968
0.987926
1.00787
1.0251
1.03772
1.04485
1.04658
1.04373
1.03772
1.03026
1.02316
1.01793
1.01555
1.01631
1.01983
1.02526
1.03154
1.03761
1.04266
1.04604
1.04724
1.04567
1.04099
1.03331
1.02317
1.01081
0.995527
0.976128
0.952244
0.925492
0.89945
0.87847
0.865898
0.862667
0.867126
0.876028
0.885928
0.894304
0.900461
0.906103
0.915046
0.930945
0.954036
0.9804
1.00467
1.02309
1.03466
1.0408
1.04416
1.04705
1.05059
1.05466
1.05814
1.0592
1.05577
1.04649
1.0316
1.01295
0.99331
0.975287
0.960424
0.948838
0.939484
0.930688
0.920825
0.908936
0.895083
0.880475
0.867271
0.85795
0.854483
0.857649
0.866873
0.880637
0.897128
0.914721
0.932143
0.948414
0.96271
0.974294
0.982467
0.986703
0.986798
0.98304
0.976258
0.967724
0.959075
0.952191
0.948957
0.950798
0.958024
0.969401
0.982412
0.994162
1.00229
1.00557
1.00391
0.998138
0.989373
0.978621
0.96667
0.954653
0.944493
0.938626
0.938784
0.944887
0.955094
0.966901
0.978315
0.988313
0.996573
1.00298
1.0073
1.00922
1.00864
1.00605
1.00259
0.999697
0.998383
0.998952
1.00133
1.00525
1.01021
1.01526
1.01932
1.02175
1.02283
1.02367
1.02566
1.02966
1.03567
1.0428
1.0497
1.0549
1.05722
1.05604
1.05137
1.04378
1.03423
1.02367
1.01264
1.00114
0.988777
0.975275
0.960752
0.945816
0.93169
0.920736
0.916662
0.922648
0.93815
0.958591
0.978741
0.995607
1.00849
1.01771
1.0237
1.02676
1.02727
1.02587
1.02345
1.02095
1.01911
1.01832
1.01848
1.01896
1.01859
1.01586
1.00943
0.998696
0.984362
0.968643
0.954911
0.94657
0.945701
0.952054
0.963144
0.975319
0.985059
0.989894
0.988698
0.981534
0.969317
0.953549
0.936088
0.919063
0.904581
0.894234
0.888641
0.887419
0.889512
0.893789
0.899539
0.906796
0.916204
0.928427
0.943541
0.960732
0.97858
0.995619
1.01076
1.02339
1.03316
1.03974
1.04266
1.0416
1.03679
1.02928
1.02098
1.01418
1.01098
1.01263
1.01914
1.02927
1.04084
1.05136
1.05863
1.06121
1.05856
1.05103
1.03959
1.02565
1.01078
0.996641
0.984697
0.975981
0.970813
0.968715
0.968602
0.969118
0.968983
0.967288
0.963794
0.959073
0.954352
0.951014
0.950012
0.951511
0.954912
0.959322
0.964247
0.970061
0.977576
0.987081
0.997595
1.00719
1.01391
1.01647
1.01446
1.00853
1.00052
0.993231
0.989328
0.99008
0.994702
1.00093
1.00618
1.00864
1.00768
1.00382
0.998451
0.993266
0.989823
0.989036
0.990958
0.994853
0.999443
1.00328
1.00503
1.00382
0.999414
0.992474
0.984565
0.977633
0.973166
0.971601
0.972423
0.974551
0.976694
0.977663
0.97672
0.973739
0.969092
0.963547
0.958244
0.954671
0.954513
0.959162
0.969063
0.983243
0.999471
1.01511
1.02831
1.03899
1.04889
1.06034
1.07459
1.09083
1.10678
1.11979
1.12767
1.1289
1.12268
1.10903
1.08874
1.06333
1.03495
1.00605
0.979122
0.956413
0.939625
0.929763
0.9269
0.929984
0.936955
0.945196
0.952291
0.956774
0.958565
0.958763
0.95885
0.95981
0.961741
0.964105
0.966245
0.967751
0.968497
0.968506
0.967864
0.966686
0.965113
0.963337
0.961622
0.960384
0.960174
0.961506
0.96467
0.969589
0.975818
0.982686
0.989599
0.996279
1.00291
1.01019
1.01897
1.02962
1.04163
1.05359
1.06372
1.07051
1.07319
1.07189
1.06758
1.06171
1.05569
1.05038
1.04576
1.04105
1.03513
1.02704
1.01639
1.00349
0.989394
0.97573
0.964502
0.95766
0.956604
0.961747
0.972441
0.987288
1.00468
1.02311
1.04117
1.05732
1.06985
1.07724
1.0786
1.0739
1.06405
1.0507
1.03588
1.0216
1.00953
1.00067
0.995224
0.992686
0.992204
0.992868
0.993894
0.994524
0.994053
0.991932
0.987963
0.982444
0.976091
0.969876
0.964838
0.961966
0.962071
0.965631
0.972576
0.982073
0.992677
1.00279
1.01111
1.01687
1.01984
1.02021
1.01854
1.01564
1.01233
1.00921
1.00658
1.00455
1.00323
1.00299
1.00434
1.00779
1.01369
1.02201
1.03217
1.04299
1.05283
1.06
1.06318
1.06166
1.05522
1.04416
1.0293
1.01216
0.99491
0.979965
0.969124
0.962887
0.960581
0.96101
0.963103
0.966002
0.968896
0.970922
0.971323
0.969784
0.966706
0.9632
0.96087
0.961182
0.96477
0.97107
0.978611
0.985667
0.990852
0.993401
0.993206
0.990752
0.986955
0.982975
0.979827
0.977928
0.976842
0.975237
0.971207
0.963031
0.950011
0.932938
0.9141
0.896693
0.883901
0.878037
0.880113
0.889831
0.905771
0.925608
0.946359
0.964808
0.978162
0.984886
0.985237
0.981295
0.976094
0.972203
0.970755
0.971672
0.974557
0.979181
0.985593
0.993837
1.00367
1.01432
1.02466
1.03361
1.04024
1.04359
1.04255
1.03617
1.02424
1.00785
0.989456
0.972407
0.959723
0.952875
0.951399
0.953545
0.957278
0.961022
0.963998
0.966163
0.968088
0.970732
0.975133
0.982039
0.99157
1.00301
1.01494
1.02579
1.03425
1.03986
1.04297
1.04455
1.04578
1.04759
1.05039
1.05396
1.05754
1.05995
1.05996
1.0566
1.04943
1.03877
1.02568
1.01184
0.999172
0.989362
0.983511
0.981865
0.983915
0.988613
0.994772
1.00139
1.00777
1.01361
1.01886
1.02381
1.0288
1.03388
1.03854
1.04173
1.04235
1.03968
1.03364
1.02469
1.01355
1.00097
0.987584
0.973931
0.96063
0.94846
0.938273
0.930854
0.926732
0.926102
0.928845
0.934636
0.942959
0.953106
0.964138
0.974926
0.984321
0.991392
0.995588
0.996882
0.995767
0.993126
0.990015
0.98739
0.98603
0.986542
0.989363
0.994724
1.00247
1.01195
1.02194
1.03076
1.03673
1.03851
1.03547
1.02778
1.01623
1.00209
0.986777
0.971512
0.957137
0.944122
0.93282
0.92375
0.917754
0.915772
0.918429
0.925607
0.936393
0.949355
0.962998
0.976109
0.987917
0.998007
1.00615
1.01204
1.01515
1.01479
1.01042
1.00197
0.990062
0.975986
0.961416
0.948131
0.937705
0.931371
0.929923
0.933458
0.941139
0.951256
0.961645
0.970274
0.975804
0.977877
0.977128
0.974862
0.972538
0.971324
0.971854
0.974302
0.978556
0.984229
0.990491
0.995988
0.999199
0.999276
0.99674
0.993541
0.992077
0.993879
0.998901
1.00584
1.01311
1.01953
1.02442
1.02758
1.02911
1.02921
1.02803
1.02539
1.02087
1.01402
1.00476
0.993854
0.983
0.974522
0.970594
0.97233
0.979272
0.989537
1.00061
1.01027
1.01735
1.02174
1.02378
1.02372
1.02157
1.01754
1.01221
1.00613
0.999599
0.99295
0.987303
0.984786
0.987053
0.993421
1.00106
1.00736
1.01157
1.01444
1.01698
1.01945
1.02125
1.02134
1.019
1.01448
1.00915
1.00471
1.00213
1.00146
1.00224
1.00392
1.00607
1.00836
1.01059
1.01267
1.01451
1.0159
1.01656
1.01626
1.01491
1.01261
1.00948
1.00562
1.00096
0.995488
0.989461
0.98365
0.979337
0.977964
0.980518
0.987059
0.996608
1.00749
1.01799
1.02688
1.03359
1.03827
1.0415
1.04401
1.04633
1.04864
1.0507
1.05207
1.05225
1.05079
1.04736
1.04171
1.0338
1.02407
1.01364
1.0042
0.997355
0.994073
0.994394
0.997771
1.00355
1.01123
1.02032
1.03006
1.03936
1.04705
1.05245
1.05557
1.05686
1.05675
1.05522
1.052
1.04696
1.0403
1.03256
1.02434
1.01605
1.0079
0.999989
0.992491
0.985741
0.980316
0.976991
0.976573
0.979647
0.98626
0.995781
1.00701
1.01844
1.02859
1.03622
1.0405
1.04099
1.03773
1.03131
1.02282
1.01365
1.00504
0.997675
0.99159
0.986464
0.982017
0.978236
0.97535
0.97357
0.972876
0.973041
0.973805
0.975095
0.977108
0.980161
0.98453
0.990281
0.99724
1.00497
1.01285
1.02022
1.0267
1.03241
1.03792
1.04381
1.05026
1.05679
1.06256
1.06678
1.06916
1.06994
1.06967
1.06886
1.06765
1.06579
1.06286
1.05866
1.05321
1.04656
1.03837
1.02801
1.01509
1.00021
0.985271
0.972669
0.963985
0.959227
0.957405
0.95752
0.958981
0.961354
0.964136
0.966878
0.969644
0.973463
0.980213
0.991636
1.0079
1.02704
1.04596
1.06189
1.07325
1.07962
1.08123
1.07849
1.07183
1.06159
1.04815
1.03205
1.01406
0.995416
0.977962
0.963878
0.955039
0.952159
0.954419
0.959979
0.966953
0.974115
0.981086
0.988068
0.995364
1.00295
1.01036
1.01685
1.02175
1.02461
1.02518
1.02336
1.01907
1.01237
1.00364
0.993858
0.984565
0.97737
0.9732
0.97185
0.972189
0.972832
0.972491
0.970085
0.964766
0.956127
0.944581
0.931618
0.919664
0.911449
0.909147
0.913682
0.924377
0.93925
0.955879
0.972328
0.987552
1.0011
1.01257
1.02116
1.02562
1.02457
1.01697
1.00257
0.982137
0.957468
0.931182
0.906167
0.884788
0.86827
0.856608
0.849055
0.844812
0.843553
0.845524
0.851357
0.861568
0.876074
0.894066
0.914288
0.935449
0.956384
0.976009
0.993306
1.00746
1.01799
1.02482
1.0281
1.02806
1.02485
1.0185
1.00907
0.996855
0.982588
0.967437
0.952856
0.940206
0.930378
0.923576
0.919379
0.917039
0.915985
0.916163
0.918148
0.92289
0.931237
0.943436
0.958798
0.975685
0.991934
1.0054
1.01448
1.01844
1.01739
1.01211
1.00374
0.993567
0.982829
0.972809
0.964904
0.960457
0.96025
0.96397
0.970161
0.976789
0.981984
0.984535
0.984057
0.980972
0.976326
0.971441
0.967497
0.965098
0.964073
0.963782
0.96378
0.9643
0.966128
0.97
0.975924
0.983076
0.990255
0.996462
1.00116
1.0041
1.00505
1.00362
0.999338
0.991954
0.981732
0.96961
0.957106
0.945998
0.937841
0.93348
0.932856
0.935071
0.93888
0.943149
0.947312
0.951447
0.956015
0.961455
0.967915
0.975157
0.982649
0.989706
0.99566
1
1.00256
1.00355
1.00361
1.00371
1.00483
1.00738
1.01083
1.01398
1.01577
1.01607
1.01573
1.01587
1.01691
1.01814
1.01804
1.0152
1.0091
1.00027
0.99009
0.980448
0.973266
0.970185
0.972254
0.979805
0.992505
1.00938
1.02885
1.04883
1.06682
1.08039
1.08746
1.08681
1.07841
1.06354
1.04464
1.02491
1.00767
0.99555
0.989824
0.990124
0.994734
1.00136
1.00801
1.01358
1.0178
1.02099
1.0236
1.0258
1.02754
1.02865
1.02924
1.02975
1.03073
1.0321
1.03293
1.03172
1.02729
1.01937
1.00847
0.995547
0.981732
0.968385
0.957268
0.950538
0.950222
0.957325
0.970985
0.988491
1.00622
1.02081
1.02989
1.03223
1.02769
1.01726
1.00296
0.987617
0.974487
0.966459
0.965355
0.971538
0.98399
1.00073
1.01934
1.03732
1.05248
1.06311
1.06809
1.067
1.06014
1.04858
1.0341
1.01904
1.00593
0.996725
0.992297
0.992199
0.995059
0.999187
1.00323
1.0065
1.00893
1.01083
1.01254
1.01423
1.01584
1.01716
1.01803
1.01846
1.01869
1.01906
1.01964
1.02001
1.01927
1.01646
1.01093
1.00252
0.991539
0.978756
0.965407
0.953197
0.94404
0.939368
0.939398
0.942929
0.947942
0.952438
0.955074
0.955515
0.954458
0.953376
0.953957
0.957256
0.963116
0.970152
0.976374
0.98002
0.980237
0.977478
0.973411
0.970375
0.970472
0.974579
0.981837
0.989901
0.995951
0.997861
0.99502
0.988559
0.980951
0.975029
0.972957
0.975679
0.982894
0.993264
1.0048
1.0155
1.02406
1.03034
1.03532
1.0406
1.04749
1.05626
1.06598
1.07505
1.08186
1.08538
1.08541
1.08258
1.0781
1.07332
1.06896
1.06464
1.05895
1.05018
1.03715
1.01979
0.999381
0.978326
0.959699
0.946416
0.94045
0.942439
0.951697
0.966537
0.984744
1.00397
1.02216
1.03778
1.04997
1.05845
1.06336
1.06514
1.06427
1.06114
1.05596
1.0488
1.03979
1.0293
1.01799
1.00672
0.996313
0.987359
0.980035
0.974135
0.969182
0.964606
0.95994
0.955012
0.949993
0.945437
0.942271
0.941653
0.94445
0.950757
0.959978
0.97134
0.984359
0.998835
1.01455
1.03107
1.0478
1.06411
1.07952
1.0937
1.10633
1.117
1.12526
1.13091
1.13416
1.13553
1.13569
1.13517
1.13419
1.13252
1.12958
1.12458
1.11688
1.10628
1.09345
1.07985
1.06704
1.05549
1.04424
1.03198
1.01861
1.00556
0.994793
0.987257
0.982378
0.978641
0.974324
0.967926
0.958512
0.946139
0.93226
0.919625
0.911481
0.910329
0.916819
0.929522
0.945358
0.960532
0.97145
0.975419
0.970967
0.957868
0.93706
0.910664
0.882006
0.855634
0.83663
0.828933
0.833417
0.847578
0.867663
0.891084
0.916722
0.943335
0.968521
0.989619
1.00536
1.01635
1.02424
1.03057
1.03609
1.04059
1.04322
1.04308
1.03981
1.03391
1.0266
1.01912
1.01219
1.00577
0.999495
0.993166
0.986947
0.981313
0.976755
0.973621
0.972038
0.971946
0.973183
0.97562
0.979267
0.9843
0.990958
0.999286
1.00886
1.01855
1.02647
1.03034
1.02803
1.01833
1.00151
0.979697
0.956446
0.935727
0.92059
0.912306
0.910419
0.913437
0.919633
0.927534
0.93612
0.944767
0.953264
0.961692
0.970184
0.978611
0.986458
0.992879
0.997022
0.998363
0.99683
0.992749
0.986658
0.979142
0.970785
0.962205
0.954212
0.947833
