-5.26928
-5.28902
-5.31643
-5.34536
-5.37567
-5.41008
-5.44549
-5.4753
-5.49431
-5.49904
-5.48738
-5.4587
-5.41404
-5.35874
-5.3
-5.24878
-5.21126
-5.19015
-5.18317
-5.18558
-5.19234
-5.19907
-5.20587
-5.20912
-5.20912
-5.20579
-5.19958
-5.194
-5.19192
-5.19372
-5.19738
-5.20149
-5.2045
-5.20404
-5.19621
-5.18111
-5.15704
-5.12593
-5.09055
-5.05395
-5.02175
-4.99776
-4.98684
-4.98838
-5.00127
-5.02192
-5.04595
-5.07207
-5.09567
-5.11554
-5.13223
-5.14554
-5.15476
-5.16219
-5.16598
-5.16487
-5.16144
-5.15915
-5.16146
-5.17151
-5.18595
-5.2014
-5.21163
-5.21556
-5.21339
-5.20869
-5.20621
-5.21036
-5.22023
-5.23452
-5.24984
-5.26615
-5.27953
-5.28907
-5.29529
-5.29946
-5.30082
-5.29859
-5.29222
-5.28196
-5.26606
-5.24536
-5.22209
-5.1933
-5.16067
-5.12611
-5.0904
-5.0573
-5.03472
-5.02477
-5.02849
-5.04498
-5.06716
-5.09242
-5.11388
-5.12791
-5.13159
-5.12481
-5.10709
-5.08145
-5.05318
-5.02708
-5.00714
-4.99782
-4.99605
-4.99896
-5.00661
-5.01539
-5.02652
-5.04043
-5.05792
-5.07977
-5.10414
-5.12679
-5.14672
-5.16114
-5.16986
-5.17456
-5.17877
-5.18341
-5.19119
-5.20058
-5.21214
-5.22394
-5.23565
-5.24438
-5.24983
-5.25014
-5.24508
-5.23388
-5.21571
-5.19093
-5.16018
-5.12573
-5.08976
-5.05455
-5.02284
-4.9988
-4.98368
-4.98127
-4.99146
-5.01541
-5.05137
-5.09096
-5.13095
-5.16592
-5.19229
-5.20869
-5.21395
-5.20962
-5.19903
-5.18388
-5.16488
-5.14487
-5.12358
-5.10385
-5.0873
-5.07542
-5.0699
-5.07033
-5.07416
-5.07834
-5.08081
-5.07793
-5.07135
-5.06208
-5.05146
-5.04495
-5.04254
-5.04631
-5.0556
-5.06989
-5.08525
-5.10252
-5.11795
-5.13282
-5.1432
-5.14881
-5.15163
-5.15357
-5.15596
-5.16187
-5.17425
-5.18855
-5.20378
-5.21785
-5.22398
-5.22036
-5.21009
-5.19284
-5.17144
-5.15147
-5.13439
-5.12244
-5.11234
-5.10382
-5.09648
-5.08913
-5.08169
-5.0782
-5.07615
-5.07717
-5.0825
-5.08865
-5.09685
-5.10775
-5.12087
-5.13765
-5.15454
-5.17058
-5.18219
-5.18948
-5.19149
-5.18927
-5.1854
-5.18378
-5.18569
-5.19031
-5.19849
-5.20908
-5.21701
-5.22048
-5.21816
-5.21041
-5.19842
-5.18334
-5.16671
-5.14919
-5.13071
-5.1157
-5.10308
-5.09567
-5.09643
-5.10327
-5.11455
-5.13169
-5.14857
-5.16345
-5.17383
-5.17916
-5.17644
-5.16582
-5.14727
-5.12505
-5.10051
-5.07905
-5.06515
-5.06203
-5.07168
-5.0915
-5.12116
-5.15816
-5.19644
-5.23169
-5.2607
-5.27837
-5.28286
-5.27547
-5.25622
-5.22687
-5.18822
-5.14476
-5.09809
-5.05335
-5.01585
-4.99075
-4.98189
-4.99117
-5.01751
-5.05774
-5.10476
-5.15361
-5.19919
-5.23506
-5.25969
-5.26928
-5.26578
-5.25051
-5.22497
-5.1931
-5.1613
-5.1335
-5.11288
-5.10125
-5.09582
-5.09485
-5.09242
-5.08601
-5.07498
-5.06019
-5.04205
-5.02302
-5.00617
-4.99303
-4.98533
-4.9803
-4.979
-4.97953
-4.98264
-4.98535
-4.98877
-4.99369
-5.00163
-5.01302
-5.02485
-5.0341
-5.03989
-5.03995
-5.03664
-5.0314
-5.02654
-5.02587
-5.02838
-5.03464
-5.04103
-5.04917
-5.05739
-5.06548
-5.07103
-5.07688
-5.08084
-5.08235
-5.08212
-5.07941
-5.07549
-5.07303
-5.07435
-5.08274
-5.10042
-5.12324
-5.15132
-5.17954
-5.20211
-5.21872
-5.22903
-5.23113
-5.22635
-5.21564
-5.20268
-5.18799
-5.17413
-5.16338
-5.15518
-5.15109
-5.14907
-5.14765
-5.14512
-5.13839
-5.12442
-5.10389
-5.07818
-5.05112
-5.02498
-5.00515
-4.9932
-4.98846
-4.98904
-4.98956
-4.98888
-4.98696
-4.98384
-4.98356
-4.98879
-5.00291
-5.02066
-5.04129
-5.06269
-5.08321
-5.1024
-5.1211
-5.13737
-5.15226
-5.16378
-5.16907
-5.1694
-5.16372
-5.15459
-5.14239
-5.12949
-5.11619
-5.10555
-5.1008
-5.10196
-5.10946
-5.12108
-5.13224
-5.13748
-5.13824
-5.13246
-5.12401
-5.11343
-5.10483
-5.1006
-5.09996
-5.10212
-5.10729
-5.11234
-5.11735
-5.12242
-5.12653
-5.12843
-5.12842
-5.12417
-5.11777
-5.1043
-5.08812
-5.06682
-5.04418
-5.01862
-4.99552
-4.97808
-4.97128
-4.97672
-4.99481
-5.02702
-5.06646
-5.10818
-5.14774
-5.18095
-5.20714
-5.22391
-5.23257
-5.23236
-5.22794
-5.22005
-5.21015
-5.19863
-5.18531
-5.17073
-5.15421
-5.13783
-5.12141
-5.10805
-5.09678
-5.08915
-5.08428
-5.08042
-5.07781
-5.07658
-5.07649
-5.0765
-5.07788
-5.07917
-5.08243
-5.08665
-5.09257
-5.09759
-5.10265
-5.10742
-5.11132
-5.11536
-5.11814
-5.12055
-5.1213
-5.12058
-5.11779
-5.11444
-5.1126
-5.11121
-5.11213
-5.11454
-5.11794
-5.12216
-5.12665
-5.1307
-5.13464
-5.13843
-5.14147
-5.14714
-5.15413
-5.16563
-5.17988
-5.1954
-5.21254
-5.22826
-5.24217
-5.25079
-5.25632
-5.25458
-5.2474
-5.23619
-5.22045
-5.20053
-5.18032
-5.1617
-5.14417
-5.12636
-5.1082
-5.0881
-5.06648
-5.04626
-5.02753
-5.0123
-5.00346
-5.00278
-5.00756
-5.01745
-5.02841
-5.03997
-5.05158
-5.06236
-5.07433
-5.0892
-5.10555
-5.12521
-5.14516
-5.16274
-5.17586
-5.18285
-5.1848
-5.17912
-5.16943
-5.15741
-5.14514
-5.13699
-5.1339
-5.13651
-5.14499
-5.16025
-5.18072
-5.20386
-5.22771
-5.24987
-5.26877
-5.28165
-5.29025
-5.2934
-5.29156
-5.28406
-5.27106
-5.25433
-5.23283
-5.20721
-5.18246
-5.15953
-5.14066
-5.12701
-5.12055
-5.12062
-5.12747
-5.13791
-5.15137
-5.16331
-5.1734
-5.1806
-5.18652
-5.1918
-5.19706
-5.19844
-5.1951
-5.18655
-5.17179
-5.15063
-5.12486
-5.09392
-5.05932
-5.02623
-4.99818
-4.97657
-4.96572
-4.9644
-4.97153
-4.9822
-4.99651
-5.01348
-5.03055
-5.0483
-5.06426
-5.07969
-5.09416
-5.10972
-5.12485
-5.13714
-5.14576
-5.14717
-5.14284
-5.13304
-5.11831
-5.10044
-5.08206
-5.06415
-5.05111
-5.04525
-5.04586
-5.05379
-5.06468
-5.07811
-5.09312
-5.10665
-5.11949
-5.13142
-5.1409
-5.1468
-5.14967
-5.15014
-5.14797
-5.14488
-5.14202
-5.13635
-5.13305
-5.13062
-5.12768
-5.1282
-5.13246
-5.13996
-5.15441
-5.17237
-5.19023
-5.20668
-5.21963
-5.2261
-5.22927
-5.23128
-5.23372
-5.23709
-5.23864
-5.23749
-5.22841
-5.2104
-5.18475
-5.15384
-5.12362
-5.09948
-5.08663
-5.08379
-5.08968
-5.10031
-5.1111
-5.12069
-5.12941
-5.13768
-5.14274
-5.14662
-5.14965
-5.15149
-5.15354
-5.1552
-5.16014
-5.16465
-5.17024
-5.17245
-5.17091
-5.16549
-5.15896
-5.15213
-5.14968
-5.14929
-5.15321
-5.15758
-5.16285
-5.16724
-5.17085
-5.17035
-5.16708
-5.16097
-5.15354
-5.14301
-5.13377
-5.12724
-5.12466
-5.12774
-5.13366
-5.14151
-5.14805
-5.15049
-5.14722
-5.13779
-5.125
-5.11024
-5.09877
-5.09161
-5.09267
-5.10179
-5.11983
-5.14211
-5.16617
-5.18615
-5.20139
-5.21005
-5.21302
-5.21117
-5.20325
-5.19271
-5.18318
-5.1745
-5.17005
-5.16801
-5.16847
-5.16908
-5.16874
-5.16599
-5.16031
-5.15316
-5.14511
-5.13926
-5.13958
-5.14623
-5.16058
-5.17595
-5.18937
-5.19459
-5.19224
-5.18573
-5.17844
-5.17535
-5.1779
-5.18205
-5.18251
-5.1802
-5.17831
-5.17755
-5.17876
-5.18411
-5.19119
-5.19725
-5.20286
-5.20294
-5.19747
-5.18608
-5.16837
-5.14681
-5.12268
-5.10049
-5.08064
-5.06624
-5.05753
-5.05125
-5.04726
-5.0445
-5.04255
-5.0407
-5.03947
-5.037
-5.03392
-5.03161
-5.02988
-5.02806
-5.02986
-5.03456
-5.04377
-5.05672
-5.07572
-5.09764
-5.12248
-5.14868
-5.1766
-5.20364
-5.22869
-5.24954
-5.26445
-5.27362
-5.27579
-5.26993
-5.25688
-5.23683
-5.20932
-5.17843
-5.14562
-5.11579
-5.09157
-5.07416
-5.06477
-5.06499
-5.0732
-5.08651
-5.10277
-5.11746
-5.12609
-5.1297
-5.128
-5.12384
-5.12116
-5.122
-5.12806
-5.13898
-5.15167
-5.16556
-5.17628
-5.18218
-5.18233
-5.17905
-5.17319
-5.16657
-5.16047
-5.15489
-5.15037
-5.14518
-5.13769
-5.12689
-5.112
-5.09498
-5.07893
-5.06481
-5.05475
-5.04873
-5.04852
-5.05148
-5.05829
-5.06779
-5.07807
-5.08929
-5.10125
-5.11326
-5.12593
-5.1385
-5.15062
-5.15843
-5.16779
-5.17555
-5.18503
-5.19421
-5.20728
-5.22059
-5.23602
-5.25596
-5.2736
-5.29041
-5.30335
-5.31252
-5.31584
-5.31225
-5.30129
-5.28183
-5.25423
-5.22118
-5.18409
-5.14628
-5.11096
-5.08347
-5.06491
-5.05538
-5.05222
-5.05426
-5.05928
-5.06811
-5.08028
-5.0959
-5.11333
-5.13148
-5.14866
-5.16383
-5.17759
-5.18667
-5.19098
-5.19154
-5.18614
-5.17767
-5.16695
-5.15485
-5.1445
-5.13679
-5.13221
-5.13071
-5.13366
-5.14041
-5.14906
-5.15885
-5.16914
-5.17802
-5.18461
-5.18951
-5.19187
-5.19209
-5.19008
-5.18835
-5.18748
-5.18636
-5.18406
-5.18044
-5.17371
-5.16254
-5.14564
-5.12236
-5.09268
-5.0609
-5.03003
-5.00356
-4.98387
-4.97272
-4.96945
-4.97261
-4.98081
-4.99496
-5.01402
-5.03535
-5.05563
-5.07445
-5.091
-5.10511
-5.11663
-5.12344
-5.12698
-5.12791
-5.1249
-5.1225
-5.12085
-5.12284
-5.12889
-5.13748
-5.14816
-5.15817
-5.16414
-5.16445
-5.16229
-5.15619
-5.15067
-5.14546
-5.1421
-5.13928
-5.13678
-5.1333
-5.12746
-5.11955
-5.11095
-5.1014
-5.09399
-5.08727
-5.0829
-5.07881
-5.07459
-5.06783
-5.06019
-5.05433
-5.0498
-5.05064
-5.05541
-5.06567
-5.07805
-5.09076
-5.10192
-5.10945
-5.10997
-5.10435
-5.09149
-5.0756
-5.05669
-5.03775
-5.02232
-5.011
-5.00555
-5.00549
-5.00976
-5.01798
-5.02899
-5.04125
-5.05402
-5.06476
-5.07665
-5.09038
-5.10664
-5.12342
-5.13736
-5.1474
-5.14975
-5.14947
-5.14765
-5.14574
-5.14716
-5.15303
-5.16012
-5.16736
-5.1706
-5.16706
-5.157
-5.13965
-5.11962
-5.09756
-5.08117
-5.07206
-5.07158
-5.0803
-5.0967
-5.11954
-5.14428
-5.16646
-5.18237
-5.19058
-5.18558
-5.17191
-5.15117
-5.12737
-5.10461
-5.08939
-5.08388
-5.08479
-5.08866
-5.09237
-5.09185
-5.08609
-5.07976
-5.07394
-5.07114
-5.07305
-5.07907
-5.08995
-5.10449
-5.12198
-5.13947
-5.15513
-5.16545
-5.16932
-5.16425
-5.14729
-5.12307
-5.09113
-5.05857
-5.03075
-5.01246
-5.00398
-5.00205
-5.00455
-5.01187
-5.02092
-5.03046
-5.03865
-5.04794
-5.06056
-5.07545
-5.09503
-5.1186
-5.14328
-5.16724
-5.18634
-5.19804
-5.20151
-5.19326
-5.17719
-5.15484
-5.13276
-5.11376
-5.10261
-5.09915
-5.09988
-5.10462
-5.10933
-5.11442
-5.11953
-5.12515
-5.13274
-5.13936
-5.14558
-5.14933
-5.15108
-5.14773
-5.14035
-5.13045
-5.11911
-5.10765
-5.09822
-5.0918
-5.08706
-5.08392
-5.08349
-5.08441
-5.08595
-5.08846
-5.09047
-5.09127
-5.09063
-5.08728
-5.08591
-5.08724
-5.09356
-5.10696
-5.12674
-5.14854
-5.17268
-5.19554
-5.21431
-5.22923
-5.24023
-5.2445
-5.24274
-5.2329
-5.21745
-5.1963
-5.17524
-5.1531
-5.13178
-5.11335
-5.09506
-5.08023
-5.06785
-5.06041
-5.05604
-5.056
-5.05932
-5.06456
-5.07015
-5.07379
-5.07509
-5.07275
-5.06606
-5.05679
-5.04583
-5.03627
-5.029
-5.02504
-5.02613
-5.0305
-5.04114
-5.05357
-5.0657
-5.07598
-5.08395
-5.09013
-5.09369
-5.09523
-5.09471
-5.09223
-5.09113
-5.09329
-5.09678
-5.10363
-5.1119
-5.12203
-5.13407
-5.14738
-5.15768
-5.16524
-5.16714
-5.16423
-5.15603
-5.14634
-5.13712
-5.13116
-5.12854
-5.12938
-5.13119
-5.13126
-5.12983
-5.12219
-5.10989
-5.09075
-5.06438
-5.03401
-5.00211
-4.97357
-4.95604
-4.95386
-4.96554
-4.98903
-5.02019
-5.05131
-5.07804
-5.09695
-5.10954
-5.11867
-5.12449
-5.13163
-5.14059
-5.15141
-5.16167
-5.17016
-5.17231
-5.16835
-5.15885
-5.14471
-5.12698
-5.10906
-5.09204
-5.07824
-5.06939
-5.06709
-5.07107
-5.07827
-5.08609
-5.09297
-5.09724
-5.09948
-5.10171
-5.10702
-5.11373
-5.12456
-5.13666
-5.1471
-5.1543
-5.15607
-5.15252
-5.1457
-5.13755
-5.12874
-5.11981
-5.11216
-5.10643
-5.10106
-5.09691
-5.09342
-5.09205
-5.0946
-5.09907
-5.10764
-5.11854
-5.13545
-5.15536
-5.17497
-5.19499
-5.21399
-5.22928
-5.2416
-5.25033
-5.25415
-5.25441
-5.25075
-5.24371
-5.23452
-5.22376
-5.21397
-5.20424
-5.18952
-5.17016
-5.1424
-5.10729
-5.06874
-5.03313
-5.00955
-5.00565
-5.02471
-5.06366
-5.11269
-5.16465
-5.21495
-5.2587
-5.29277
-5.31792
-5.3334
-5.33721
-5.3336
-5.32452
-5.31069
-5.29339
-5.27323
-5.25137
-5.22832
-5.20436
-5.17953
-5.15181
-5.12269
-5.09057
-5.06074
-5.03741
-5.02308
-5.02184
-5.02978
-5.04641
-5.0653
-5.08336
-5.09738
-5.1056
-5.11101
-5.11328
-5.1127
-5.1103
-5.10824
-5.10555
-5.10144
-5.09825
-5.09704
-5.09989
-5.11046
-5.12917
-5.15518
-5.18341
-5.20791
-5.22595
-5.23562
-5.23616
-5.22864
-5.21724
-5.20563
-5.19642
-5.19239
-5.19317
-5.19696
-5.20504
-5.21457
-5.22314
-5.22844
-5.229
-5.22461
-5.21471
-5.2031
-5.19214
-5.18376
-5.17939
-5.18223
-5.19108
-5.20557
-5.22199
-5.23651
-5.24833
-5.2559
-5.26051
-5.26128
-5.26111
-5.25996
-5.25853
-5.25493
-5.24791
-5.23786
-5.22469
-5.20971
-5.19362
-5.18195
-5.17493
-5.17565
-5.18426
-5.19925
-5.21561
-5.23028
-5.24076
-5.24711
-5.24539
-5.23736
-5.22463
-5.20751
-5.19
-5.17324
-5.15695
-5.14339
-5.13231
-5.12643
-5.1266
-5.13248
-5.14502
-5.16092
-5.18011
-5.19886
-5.21415
-5.2249
-5.23198
-5.23505
-5.23482
-5.23434
-5.23529
-5.23725
-5.2423
-5.24806
-5.25554
-5.26428
-5.27263
-5.27928
-5.28445
-5.2892
-5.29207
-5.2946
-5.29661
-5.29813
-5.29817
-5.29833
-5.29618
-5.29114
-5.28384
-5.27431
-5.26216
-5.24692
-5.22845
-5.20555
-5.18321
-5.15848
-5.13575
-5.1182
-5.10684
-5.10333
-5.11041
-5.12457
-5.1446
-5.16752
-5.19262
-5.21548
-5.23642
-5.25484
-5.26806
-5.27675
-5.27841
-5.27143
-5.25702
-5.23489
-5.2094
-5.18283
-5.16056
-5.14561
-5.13469
-5.12898
-5.12709
-5.13007
-5.13844
-5.1495
-5.16383
-5.17686
-5.18664
-5.18995
-5.18798
-5.18385
-5.17958
-5.17751
-5.17966
-5.18502
-5.19187
-5.19778
-5.20098
-5.20156
-5.19931
-5.19098
-5.17797
-5.15978
-5.13736
-5.11294
-5.08653
-5.06024
-5.03663
-5.0168
-5.00161
-4.99173
-4.98562
-4.98415
-4.98573
-4.9917
-5.00181
-5.01426
-5.02996
-5.04925
-5.06991
-5.09095
-5.11051
-5.12852
-5.14545
-5.15887
-5.16817
-5.17218
-5.17004
-5.16427
-5.15573
-5.14551
-5.13475
-5.12653
-5.12197
-5.12041
-5.12028
-5.12104
-5.11952
-5.11684
-5.11233
-5.1053
-5.09869
-5.09383
-5.09076
-5.08968
-5.08941
-5.0912
-5.09374
-5.09772
-5.1029
-5.11015
-5.11535
-5.1181
-5.11864
-5.11581
-5.11058
-5.10328
-5.09746
-5.09344
-5.09285
-5.09564
-5.10209
-5.11126
-5.12126
-5.13331
-5.14437
-5.15551
-5.1653
-5.1732
-5.17934
-5.18397
-5.1851
-5.18338
-5.1761
-5.1608
-5.13949
-5.11267
-5.08441
-5.05702
-5.037
-5.02709
-5.0268
-5.03075
-5.03438
-5.03707
-5.04028
-5.04549
-5.05768
-5.07603
-5.09926
-5.12319
-5.14841
-5.17114
-5.18974
-5.20255
-5.2095
-5.21005
-5.20333
-5.19037
-5.17437
-5.15583
-5.13479
-5.1148
-5.09762
-5.08481
-5.07778
-5.07585
-5.07799
-5.08476
-5.09434
-5.10608
-5.12092
-5.13604
-5.15271
-5.17044
-5.18679
-5.20091
-5.21273
-5.21999
-5.22318
-5.2236
-5.21838
-5.20942
-5.19756
-5.18452
-5.17082
-5.16143
-5.15867
-5.16179
-5.16861
-5.17763
-5.18803
-5.19609
-5.20122
-5.20361
-5.2031
-5.20029
-5.19567
-5.19107
-5.18621
-5.17859
-5.16957
-5.15813
-5.14701
-5.13939
-5.13693
-5.14134
-5.15039
-5.15878
-5.16467
-5.16648
-5.16232
-5.15382
-5.13969
-5.12179
-5.1029
-5.08378
-5.0673
-5.05636
-5.05051
-5.05058
-5.05424
-5.0601
-5.06624
-5.07083
-5.07204
-5.06997
-5.06474
-5.05731
-5.05003
-5.04655
-5.04728
-5.05363
-5.06232
-5.07094
-5.08156
-5.09333
-5.1079
-5.12527
-5.14138
-5.15479
-5.16412
-5.16477
-5.15694
-5.14109
-5.12243
-5.10047
-5.07804
-5.05588
-5.03323
-5.01282
-4.99639
-4.98819
-4.99519
-5.02127
-5.0627
-5.11186
-5.1595
-5.19699
-5.21685
-5.21766
-5.20013
-5.16576
-5.12009
-5.07201
-5.03115
-5.00831
-5.00482
-5.01693
-5.04022
-5.06654
-5.09234
-5.11321
-5.12719
-5.13398
-5.13366
-5.12622
-5.11266
-5.09477
-5.07615
-5.05726
-5.04031
-5.02713
-5.02114
-5.02171
-5.02772
-5.03787
-5.04768
-5.05254
-5.05093
-5.04449
-5.03608
-5.03059
-5.02948
-5.0369
-5.04906
-5.06348
-5.07469
-5.08365
-5.09169
-5.0993
-5.10874
-5.11884
-5.12866
-5.13732
-5.14403
-5.14752
-5.14641
-5.14219
-5.13446
-5.12554
-5.11675
-5.10868
-5.10535
-5.10614
-5.11175
-5.12301
-5.13682
-5.15256
-5.16638
-5.17964
-5.18954
-5.19403
-5.19456
-5.18989
-5.18102
-5.16782
-5.1526
-5.13688
-5.12533
-5.12152
-5.12579
-5.13386
-5.14102
-5.14825
-5.15123
-5.15094
-5.14829
-5.146
-5.14379
-5.14369
-5.14444
-5.14255
-5.1394
-5.13358
-5.12885
-5.12418
-5.11967
-5.11616
-5.11477
-5.11461
-5.11703
-5.12303
-5.13066
-5.14073
-5.15273
-5.1635
-5.17319
-5.18111
-5.18493
-5.1847
-5.18254
-5.17664
-5.16739
-5.15632
-5.14424
-5.13248
-5.12195
-5.11187
-5.10078
-5.09039
-5.07848
-5.06388
-5.04738
-5.02735
-5.00619
-4.98399
-4.96655
-4.95592
-4.95646
-4.96874
-4.98839
-5.01291
-5.03929
-5.06133
-5.08042
-5.09136
-5.09402
-5.08862
-5.07619
-5.05884
-5.03969
-5.01986
-5.00214
-4.98728
-4.97744
-4.97414
-4.97744
-4.9859
-4.99652
-5.00967
-5.02114
-5.03152
-5.04266
-5.05451
-5.06613
-5.07708
-5.08915
-5.09843
-5.10642
-5.11431
-5.12273
-5.12954
-5.13357
-5.13437
-5.12954
-5.1177
-5.09789
-5.0737
-5.04836
-5.02712
-5.01405
-5.01054
-5.01701
-5.0281
-5.03927
-5.04735
-5.05314
-5.05745
-5.06557
-5.07765
-5.08982
-5.1011
-5.10998
-5.11966
-5.12763
-5.13665
-5.14763
-5.15715
-5.16571
-5.17123
-5.17492
-5.17399
-5.16847
-5.15751
-5.14205
-5.12218
-5.10023
-5.07865
-5.06115
-5.05312
-5.05438
-5.06896
-5.09345
-5.1262
-5.16084
-5.19174
-5.21394
-5.22454
-5.22312
-5.21065
-5.19202
-5.17134
-5.15124
-5.13486
-5.123
-5.11184
-5.10005
-5.0871
-5.07342
-5.06109
-5.0502
-5.03961
-5.0333
-5.02988
-5.02913
-5.03246
-5.04145
-5.05739
-5.07722
-5.1027
-5.12875
-5.15762
-5.18432
-5.21102
-5.23529
-5.25494
-5.2693
-5.27734
-5.27575
-5.26667
-5.24804
-5.22199
-5.19174
-5.15976
-5.12751
-5.09858
-5.07522
-5.05826
-5.05069
-5.04973
-5.05489
-5.06572
-5.08035
-5.09674
-5.11316
-5.13076
-5.14645
-5.1599
-5.17377
-5.18699
-5.20197
-5.21779
-5.23471
-5.25094
-5.2642
-5.27612
-5.28346
-5.28796
-5.28632
-5.2798
-5.26809
-5.25009
-5.22593
-5.19762
-5.16769
-5.13895
-5.11683
-5.1022
-5.09722
-5.09943
-5.10943
-5.1247
-5.14144
-5.15854
-5.1757
-5.19055
-5.20204
-5.21112
-5.21726
-5.22111
-5.22392
-5.22472
-5.22163
-5.21244
-5.19749
-5.17633
-5.15015
-5.12134
-5.09275
-5.06745
-5.04642
-5.02952
-5.01921
-5.01279
-5.01
-5.01241
-5.02231
-5.04038
-5.06483
-5.09206
-5.11932
-5.14314
-5.16129
-5.17343
-5.18096
-5.1841
-5.1837
-5.18099
-5.17613
-5.1722
-5.16865
-5.16351
-5.15536
-5.14455
-5.13176
-5.11643
-5.09972
-5.08463
-5.07198
-5.06558
-5.06593
-5.07478
-5.08908
-5.10536
-5.1204
-5.13242
-5.14248
-5.15255
-5.16416
-5.17792
-5.1937
-5.2095
-5.22278
-5.23425
-5.24315
-5.24864
-5.25255
-5.25266
-5.24786
-5.23904
-5.22538
-5.20747
-5.18829
-5.16818
-5.15333
-5.14712
-5.15155
-5.16637
-5.18847
-5.21067
-5.22896
-5.23962
-5.24149
-5.23676
-5.2282
-5.21709
-5.20321
-5.18497
-5.16209
-5.13677
-5.11027
-5.08624
-5.0715
-5.06742
-5.07528
-5.08904
-5.10382
-5.11575
-5.12164
-5.12176
-5.11635
-5.1089
-5.10028
-5.09298
-5.08695
-5.08241
-5.07947
-5.07984
-5.08051
-5.08311
-5.08598
-5.08991
-5.09255
-5.09403
-5.09416
-5.09386
-5.09306
-5.09556
-5.09989
-5.10435
-5.10972
-5.11322
-5.11423
-5.11306
-5.10917
-5.10295
-5.09742
-5.09119
-5.08391
-5.07786
-5.06952
-5.06328
-5.05757
-5.05424
-5.0539
-5.05826
-5.06822
-5.08426
-5.10309
-5.12341
-5.14003
-5.15563
-5.16589
-5.17526
-5.18122
-5.18735
-5.19092
-5.19401
-5.19686
-5.19668
-5.19446
-5.19123
-5.18643
-5.18043
-5.17174
-5.16361
-5.15208
-5.13909
-5.12332
-5.10762
-5.09373
-5.08599
-5.08472
-5.0904
-5.10164
-5.11694
-5.13286
-5.14771
-5.15923
-5.16828
-5.17528
-5.17987
-5.18578
-5.19362
-5.20369
-5.21409
-5.2236
-5.23195
-5.23646
-5.23571
-5.22711
-5.21073
-5.1886
-5.1635
-5.13517
-5.10741
-5.08438
-5.06635
-5.05544
-5.05096
-5.05325
-5.06017
-5.07234
-5.08543
-5.09853
-5.11069
-5.12079
-5.12908
-5.13802
-5.14969
-5.1657
-5.18728
-5.21172
-5.23717
-5.25979
-5.27497
-5.28201
-5.27927
-5.26878
-5.25188
-5.2323
-5.21242
-5.19192
-5.17226
-5.1535
-5.13796
-5.12564
-5.11806
-5.11299
-5.11037
-5.11053
-5.1113
-5.11451
-5.11924
-5.1246
-5.1305
-5.13854
-5.14785
-5.15626
-5.16313
-5.16984
-5.17325
-5.17429
-5.16989
-5.16089
-5.15133
-5.13997
-5.12813
-5.11774
-5.11041
-5.10679
-5.10682
-5.11231
-5.12081
-5.13135
-5.14025
-5.14724
-5.15201
-5.1543
-5.15451
-5.1542
-5.15238
-5.14936
-5.14453
-5.14036
-5.13767
-5.138
-5.14157
-5.15187
-5.16596
-5.17946
-5.19158
-5.19846
-5.19664
-5.18771
-5.17234
-5.15315
-5.13224
-5.11387
-5.09923
-5.09115
-5.08637
-5.08542
-5.08527
-5.0873
-5.09188
-5.09895
-5.10975
-5.1226
-5.137
-5.1491
-5.15803
-5.162
-5.15933
-5.14839
-5.12962
-5.10646
-5.08273
-5.06103
-5.04842
-5.0464
-5.05479
-5.07269
-5.09733
-5.12659
-5.15953
-5.19134
-5.22181
-5.2485
-5.2698
-5.28325
-5.28699
-5.28115
-5.26194
-5.23067
-5.18863
-5.13963
-5.0874
-5.03965
-5.00601
-4.99114
-4.99646
-5.01961
-5.05443
-5.09554
-5.13585
-5.17166
-5.20052
-5.22161
-5.23246
-5.23693
-5.23561
-5.23038
-5.21933
-5.20764
-5.1952
-5.18225
-5.17018
-5.15825
-5.14813
-5.13918
-5.13173
-5.12539
-5.11991
-5.11461
-5.11139
-5.11151
-5.11384
-5.12024
-5.12845
-5.13536
-5.1414
-5.14423
-5.14248
-5.13968
-5.13196
-5.12223
-5.11251
-5.10331
-5.0963
-5.09502
-5.09648
-5.10161
-5.10912
-5.11877
-5.12833
-5.13854
-5.14954
-5.15979
-5.16849
-5.1751
-5.17815
-5.17699
-5.17273
-5.16279
-5.14749
-5.12607
-5.10113
-5.07584
-5.05304
-5.0342
-5.02143
-5.01481
-5.0154
-5.02265
-5.03472
-5.05028
-5.0694
-5.09146
-5.11574
-5.14062
-5.16358
-5.18344
-5.19843
-5.20852
-5.21276
-5.21231
-5.2108
-5.21055
-5.21411
-5.22038
-5.22909
-5.23929
-5.24912
-5.25556
-5.25785
-5.25901
-5.25559
-5.25121
-5.24644
-5.23974
-5.2339
-5.2289
-5.2243
-5.22
-5.21326
-5.20551
-5.19631
-5.18494
-5.17429
-5.1664
-5.16109
-5.16065
-5.16466
-5.17284
-5.18137
-5.18875
-5.19187
-5.18745
-5.17495
-5.15451
-5.12821
-5.10239
-5.08089
-5.06703
-5.06246
-5.06442
-5.06842
-5.0728
-5.07369
-5.0733
-5.07095
-5.068
-5.06661
-5.06932
-5.07557
-5.08564
-5.09965
-5.1162
-5.13268
-5.14853
-5.16237
-5.17264
-5.17867
-5.18115
-5.17819
-5.17503
-5.17036
-5.16681
-5.1642
-5.16322
-5.16515
-5.1675
-5.16814
-5.16844
-5.16645
-5.16226
-5.15584
-5.14816
-5.14011
-5.13424
-5.13018
-5.13021
-5.13235
-5.1395
-5.14616
-5.15403
-5.16093
-5.16479
-5.16349
-5.1584
-5.15105
-5.1444
-5.14058
-5.13929
-5.1393
-5.14018
-5.14018
-5.13708
-5.13162
-5.12498
-5.12105
-5.12081
-5.12582
-5.13361
-5.14566
-5.15984
-5.17558
-5.19027
-5.20588
-5.22068
-5.23327
-5.24145
-5.24469
-5.24215
-5.23502
-5.22449
-5.21307
-5.20455
-5.19846
-5.19509
-5.18796
-5.17255
-5.15023
-5.119
-5.08675
-5.06108
-5.04721
-5.04578
-5.05425
-5.07095
-5.0944
-5.12147
-5.15283
-5.18515
-5.2151
-5.24232
-5.26309
-5.27735
-5.2839
-5.28391
-5.27626
-5.25639
-5.2246
-5.18491
-5.13686
-5.08906
-5.04947
-5.02309
-5.01558
-5.02453
-5.04474
-5.07237
-5.10059
-5.12583
-5.1438
-5.15505
-5.15781
-5.15461
-5.14406
-5.13031
-5.11203
-5.09102
-5.07217
-5.06134
-5.06191
-5.07142
-5.08861
-5.10849
-5.12724
-5.13956
-5.14764
-5.14906
-5.14618
-5.13745
-5.12593
-5.1129
-5.09763
-5.08377
-5.07058
-5.0601
-5.04979
-5.04071
-5.03439
-5.02953
-5.02515
-5.0206
-5.01505
-5.01022
-5.00616
-5.00378
-5.00436
-5.00939
-5.02003
-5.03356
-5.05244
-5.07331
-5.09564
-5.11675
-5.13618
-5.1526
-5.16518
-5.17278
-5.17804
-5.17819
-5.17518
-5.16995
-5.16062
-5.15028
-5.13949
-5.12834
-5.12098
-5.11581
-5.11181
-5.10891
-5.10796
-5.10947
-5.11207
-5.11751
-5.12107
-5.12553
-5.13045
-5.13339
-5.13532
-5.13672
-5.13863
-5.13696
-5.13382
-5.1266
-5.11785
-5.10923
-5.10501
-5.10725
-5.11349
-5.12662
-5.14083
-5.15359
-5.16353
-5.16964
-5.17047
-5.16543
-5.15595
-5.14171
-5.12451
-5.10771
-5.09751
-5.09839
-5.10616
-5.11824
-5.1288
-5.13262
-5.12907
-5.12162
-5.11056
-5.09901
-5.08758
-5.07676
-5.06881
-5.06382
-5.06113
-5.06249
-5.06757
-5.0751
-5.08478
-5.09661
-5.10741
-5.11593
-5.12169
-5.12497
-5.1255
-5.12529
-5.1237
-5.12194
-5.123
-5.12525
-5.12878
-5.13482
-5.14079
-5.14426
-5.14601
-5.14586
-5.14572
-5.14791
-5.15507
-5.16569
-5.1771
-5.18831
-5.19552
-5.20086
-5.20121
-5.19997
-5.19697
-5.19524
-5.19607
-5.20088
-5.20915
-5.21978
-5.23231
-5.24266
-5.25161
-5.25688
-5.25691
-5.25392
-5.2488
-5.24115
-5.23189
-5.22306
-5.21227
-5.19901
-5.18478
-5.16798
-5.15278
-5.13969
-5.13296
-5.13233
-5.14094
-5.1576
-5.17942
-5.20468
-5.23038
-5.25675
-5.2802
-5.29634
-5.30506
-5.30455
-5.29413
-5.2729
-5.24265
-5.20661
-5.1676
-5.13181
-5.10178
-5.08056
-5.06651
-5.05853
-5.0554
-5.05677
-5.06271
-5.07302
-5.08506
-5.09805
-5.10933
-5.1158
-5.11875
-5.116
-5.11031
-5.10276
-5.09174
-5.08103
-5.06999
-5.05981
-5.05204
-5.04775
-5.05012
-5.06003
-5.07435
-5.09264
-5.11231
-5.12849
-5.13903
-5.14026
-5.1327
-5.11862
-5.09998
-5.08102
-5.06477
-5.05402
-5.05404
-5.06283
-5.07947
-5.10214
-5.12524
-5.14666
-5.16484
-5.17755
-5.18648
-5.19275
-5.19713
-5.2025
-5.20855
-5.21602
-5.22281
-5.22948
-5.23422
-5.23724
-5.23793
-5.23485
-5.23023
-5.22384
-5.21453
-5.20195
-5.18783
-5.17155
-5.15527
-5.1423
-5.1336
-5.1316
-5.13576
-5.14556
-5.15818
-5.17086
-5.18293
-5.19173
-5.19534
-5.19493
-5.19166
-5.18485
-5.17309
-5.15812
-5.1382
-5.11235
-5.08381
-5.05483
-5.02677
-5.00817
-5.00011
-5.00471
-5.01867
-5.04062
-5.06326
-5.08401
-5.09918
-5.1093
-5.11358
-5.11322
-5.10856
-5.10234
-5.09459
-5.08637
-5.07756
-5.06856
-5.06065
-5.05339
-5.04859
-5.04708
-5.04922
-5.05405
-5.06114
-5.06961
-5.07835
-5.08812
-5.09773
-5.10846
-5.12032
-5.13221
-5.14477
-5.15423
-5.16111
-5.16605
-5.16934
-5.17412
-5.1776
-5.18116
-5.18516
-5.1885
-5.18843
-5.18549
-5.18324
-5.17995
-5.17667
-5.17204
-5.16436
-5.15326
-5.13524
-5.1111
-5.08225
-5.05335
-5.02823
-5.01147
-5.00497
-5.00526
-5.01307
-5.02412
-5.03838
-5.05058
-5.06222
-5.07148
-5.0788
-5.08253
-5.08452
-5.08584
-5.08774
-5.08963
-5.09147
-5.09478
-5.09972
-5.10538
-5.11174
-5.11703
-5.1218
-5.12637
-5.12825
-5.12764
-5.12467
-5.11927
-5.11286
-5.10683
-5.10168
-5.09445
-5.08657
-5.0762
-5.06166
-5.04674
-5.03044
-5.01774
-5.00883
-5.00514
-5.00768
-5.01348
-5.02111
-5.03051
-5.03973
-5.04684
-5.05199
-5.05479
-5.05478
-5.05244
-5.04863
-5.0444
-5.03767
-5.0291
-5.01699
-5.00327
-4.98721
-4.97173
-4.95616
-4.94582
-4.94134
-4.9466
-4.95939
-4.98065
-5.00936
-5.04395
-5.07946
-5.11149
-5.13589
-5.15368
-5.1611
-5.16207
-5.15696
-5.14747
-5.13459
-5.12181
-5.11196
-5.10634
-5.10701
-5.11348
-5.12207
-5.13275
-5.14271
-5.14617
-5.14536
-5.13989
-5.13042
-5.11773
-5.10183
-5.08668
-5.07101
-5.05573
-5.04317
-5.03391
-5.02821
-5.028
-5.03224
-5.04108
-5.05352
-5.07006
-5.0907
-5.11395
-5.13682
-5.15744
-5.17541
-5.189
-5.20036
-5.20635
-5.20924
-5.21142
-5.21282
-5.2118
-5.21033
-5.20725
-5.20039
-5.19128
-5.179
-5.1669
-5.15576
-5.14798
-5.14219
-5.13702
-5.13048
-5.11967
-5.10513
-5.08948
-5.07807
-5.07053
-5.0678
-5.06982
-5.07415
-5.08287
-5.09329
-5.10388
-5.11431
-5.12368
-5.13186
-5.13715
-5.14081
-5.14583
-5.15162
-5.16009
-5.16907
-5.1774
-5.18388
-5.18651
-5.18365
-5.17718
-5.16881
-5.15638
-5.14309
-5.13251
-5.12646
-5.12724
-5.1333
-5.14291
-5.15484
-5.16727
-5.17769
-5.18668
-5.19222
-5.19473
-5.19599
-5.19701
-5.19796
-5.19538
-5.18967
-5.17854
-5.16399
-5.1452
-5.12673
-5.10951
-5.09465
-5.08266
-5.07476
-5.06993
-5.06814
-5.07122
-5.08048
-5.09649
-5.11571
-5.13714
-5.15622
-5.17083
-5.18147
-5.18562
-5.18597
-5.18243
-5.17637
-5.16911
-5.16275
-5.15885
-5.15659
-5.1563
-5.15548
-5.15323
-5.14737
-5.13709
-5.12549
-5.11371
-5.10396
-5.09971
-5.10168
-5.10782
-5.11744
-5.12805
-5.13868
-5.14723
-5.15185
-5.15239
-5.14853
-5.14144
-5.1321
-5.12028
-5.1066
-5.09303
-5.07891
-5.06694
-5.05695
-5.04714
-5.0394
-5.03536
-5.0325
-5.03267
-5.03733
-5.0472
-5.0617
-5.08209
-5.10683
-5.1357
-5.16682
-5.1988
-5.22784
-5.25022
-5.26246
-5.26121
-5.24849
-5.22431
-5.19359
-5.16207
-5.13213
-5.10642
-5.08752
-5.07559
-5.07167
-5.0736
-5.08013
-5.08893
-5.0968
-5.10159
-5.10247
-5.09933
-5.09288
-5.08538
-5.08105
-5.08294
-5.09369
-5.11416
-5.13862
-5.16563
-5.19099
-5.21351
-5.22869
-5.23559
-5.23657
-5.22878
-5.21292
-5.1907
-5.16181
-5.1324
-5.10638
-5.08813
-5.07807
-5.07963
-5.09017
-5.10527
-5.12223
-5.13788
-5.15012
-5.1582
-5.16282
-5.16461
-5.16384
-5.16173
-5.15684
-5.15184
-5.1446
-5.13645
-5.12425
-5.11086
-5.09327
-5.07498
-5.06034
-5.05409
-5.0583
-5.07182
-5.09365
-5.11944
-5.14961
-5.17959
-5.20726
-5.23005
-5.24779
-5.25858
-5.26208
-5.26074
-5.25366
-5.2437
-5.23229
-5.21924
-5.20605
-5.19158
-5.17772
-5.16251
-5.14729
-5.13239
-5.11749
-5.10321
-5.09117
-5.08222
-5.07636
-5.07371
-5.07578
-5.08279
-5.09342
-5.1076
-5.12436
-5.14318
-5.16113
-5.17503
-5.18401
-5.18665
-5.18162
-5.17054
-5.15351
-5.13191
-5.11315
-5.10276
-5.1056
-5.12042
-5.14121
-5.1639
-5.18495
-5.19924
-5.20808
-5.21089
-5.20668
-5.19554
-5.17914
-5.16046
-5.14197
-5.12658
-5.11813
-5.11867
-5.12732
-5.13877
-5.15114
-5.16106
-5.16575
-5.16461
-5.15762
-5.14801
-5.13696
-5.12734
-5.12033
-5.11648
-5.11526
-5.11686
-5.11922
-5.12163
-5.123
-5.12338
-5.12473
-5.12885
-5.13332
-5.13809
-5.14278
-5.14322
-5.14029
-5.1318
-5.1182
-5.10304
-5.08906
-5.08158
-5.08114
-5.08891
-5.10209
-5.11721
-5.13145
-5.13962
-5.14088
-5.1335
-5.11646
-5.09124
-5.06051
-5.02894
-4.9988
-4.97574
-4.96128
-4.96089
-4.97575
-5.00528
-5.04823
-5.09532
-5.14172
-5.18432
-5.21829
-5.24268
-5.25738
-5.26086
-5.25808
-5.24866
-5.23436
-5.21662
-5.19619
-5.17205
-5.14445
-5.11567
-5.08765
-5.06493
-5.0467
-5.03706
-5.03438
-5.0377
-5.04602
-5.05535
-5.06617
-5.07724
-5.08774
-5.09817
-5.11009
-5.12037
-5.13003
-5.13785
-5.14149
-5.14155
-5.13861
-5.13344
-5.12687
-5.12159
-5.11886
-5.12201
-5.12791
-5.1384
-5.14943
-5.16046
-5.17196
-5.18354
-5.19483
-5.20683
-5.21986
-5.23053
-5.24066
-5.24598
-5.24754
-5.24592
-5.24162
-5.23445
-5.22309
-5.20922
-5.19339
-5.17779
-5.16513
-5.156
-5.15289
-5.15252
-5.15609
-5.1606
-5.16502
-5.17022
-5.17646
-5.18185
-5.18828
-5.19445
-5.20099
-5.20821
-5.21186
-5.21268
-5.2107
-5.20334
-5.19421
-5.18331
-5.1725
-5.16412
-5.15519
-5.14629
-5.13535
-5.12247
-5.10783
-5.09287
-5.07643
-5.0616
-5.04966
-5.03983
-5.03348
-5.03099
-5.03138
-5.03498
-5.04163
-5.05163
-5.06253
-5.07551
-5.08851
-5.09989
-5.11047
-5.11934
-5.12511
-5.12876
-5.13025
-5.13117
-5.12947
-5.12755
-5.12585
-5.12507
-5.12706
-5.13073
-5.13558
-5.13943
-5.14236
-5.14326
-5.14052
-5.13155
-5.11832
-5.10129
-5.08146
-5.05957
-5.03778
-5.01792
-5.00133
-4.99136
-4.9884
-4.99354
-5.00632
-5.0246
-5.04535
-5.06394
-5.07721
-5.08423
-5.08421
-5.07928
-5.07141
-5.06286
-5.05634
-5.05448
-5.05633
-5.06459
-5.07585
-5.08979
-5.10615
-5.12275
-5.13787
-5.15394
-5.16831
-5.18094
-5.19036
-5.19562
-5.19928
-5.19935
-5.19625
-5.19362
-5.19172
-5.19304
-5.19564
-5.19752
-5.1964
-5.19095
-5.17952
-5.16155
-5.14254
-5.12414
-5.11045
-5.10297
-5.10295
-5.11008
-5.11827
-5.12724
-5.1344
-5.13863
-5.1383
-5.13584
-5.13096
-5.12294
-5.11303
-5.10014
-5.08168
-5.05957
-5.03923
-5.02002
-5.00517
-4.99476
-4.98942
-4.98865
-4.98977
-4.9914
-4.9947
-4.9959
-4.99701
-4.99794
-4.99936
-5.0013
-5.00173
-5.00482
-5.00947
-5.01688
-5.02774
-5.04345
-5.05932
-5.07755
-5.09474
-5.10686
-5.1159
-5.1191
-5.116
-5.10844
-5.09707
-5.08203
-5.06622
-5.04988
-5.03654
-5.02772
-5.02738
-5.03502
-5.04851
-5.06492
-5.08
-5.08932
-5.09212
-5.08979
-5.08356
-5.07604
-5.06948
-5.06694
-5.06534
-5.06179
-5.05655
-5.04734
-5.03508
-5.01863
-4.99987
-4.98023
-4.96149
-4.94462
-4.9334
-4.92986
-4.93572
-4.95147
-4.97516
-5.00266
-5.03092
-5.0557
-5.07759
-5.09547
-5.1071
-5.11214
-5.11304
-5.10855
-5.10061
-5.08927
-5.08033
-5.07674
-5.08229
-5.09305
-5.10777
-5.122
-5.13434
-5.14331
-5.14855
-5.14996
-5.14891
-5.14663
-5.1454
-5.1462
-5.14849
-5.15178
-5.15182
-5.14533
-5.13372
-5.11749
-5.09613
-5.07341
-5.04987
-5.02568
-5.00224
-4.98233
-4.96831
-4.96557
-4.97543
-4.99893
-5.03344
-5.07201
-5.10974
-5.14212
-5.1638
-5.17471
-5.17438
-5.16316
-5.14424
-5.12222
-5.1023
-5.09154
-5.09416
-5.10793
-5.13086
-5.15501
-5.17603
-5.18813
-5.19165
-5.18731
-5.1748
-5.15756
-5.13629
-5.1146
-5.09352
-5.07355
-5.05595
-5.04041
-5.02586
-5.01089
-4.99505
-4.97946
-4.96577
-4.95767
-4.95665
-4.96718
-4.98876
-5.01962
-5.05461
-5.08946
-5.12015
-5.14314
-5.15442
-5.15647
-5.14897
-5.13541
-5.12057
-5.10442
-5.09302
-5.0867
-5.08588
-5.09017
-5.0982
-5.11078
-5.12706
-5.14435
-5.16265
-5.17891
-5.19372
-5.20554
-5.2165
-5.22824
-5.23901
-5.24861
-5.25623
-5.25932
-5.25681
-5.24947
-5.23628
-5.21836
-5.19714
-5.17248
-5.14573
-5.11805
-5.08912
-5.06248
-5.03901
-5.02236
-5.01231
-5.0115
-5.01905
-5.03361
-5.04957
-5.06335
-5.07314
-5.07517
-5.07115
-5.06217
-5.05113
-5.0392
-5.02633
-5.01715
-5.00995
-5.00495
-5.00527
-5.00945
-5.01946
-5.03407
-5.05388
-5.07769
-5.10502
-5.13217
-5.15592
-5.17776
-5.19504
-5.21045
-5.22376
-5.23587
-5.24494
-5.25156
-5.25563
-5.25487
-5.24732
-5.23142
-5.20967
-5.18232
-5.15253
-5.12371
-5.10145
-5.09015
-5.08722
-5.09292
-5.10411
-5.11585
-5.12371
-5.12841
-5.12728
-5.12022
-5.11219
-5.10681
-5.10491
-5.10775
-5.11424
-5.12229
-5.1299
-5.13528
-5.13911
-5.1397
-5.13549
-5.12766
-5.11507
-5.10018
-5.08569
-5.07399
-5.06988
-5.0744
-5.08669
-5.10667
-5.13145
-5.15811
-5.18017
-5.19592
-5.20063
-5.19573
-5.17735
-5.14857
-5.11417
-5.07758
-5.04375
-5.0179
-5.00121
-4.9932
-4.99366
-4.99944
-5.01088
-5.02656
-5.04567
-5.06529
-5.08395
-5.10017
-5.1132
-5.12588
-5.13791
-5.14925
-5.16178
-5.17301
-5.18242
-5.18753
-5.18987
-5.18748
-5.18107
-5.1755
-5.17018
-5.16726
-5.16783
-5.17146
-5.17727
-5.18191
-5.18533
-5.18325
-5.17631
-5.16536
-5.14878
-5.13008
-5.10832
-5.08741
-5.06911
-5.05618
-5.05005
-5.05193
-5.05818
-5.069
-5.08107
-5.09314
-5.10723
-5.12271
-5.14067
-5.15858
-5.17486
-5.18576
-5.18923
-5.18766
-5.18238
-5.17487
-5.171
-5.17176
-5.17917
-5.19178
-5.20539
-5.21474
-5.2169
-5.20783
-5.1882
-5.16414
-5.13947
-5.12005
-5.10956
-5.10746
-5.11223
-5.11829
-5.1223
-5.12305
-5.12079
-5.11821
-5.11299
-5.10979
-5.10856
-5.10889
-5.1083
-5.10594
-5.10291
-5.09804
-5.08934
-5.07718
-5.06519
-5.05451
-5.04831
-5.04863
-5.0543
-5.06755
-5.08794
-5.11464
-5.14492
-5.17475
-5.20016
-5.21785
-5.22696
-5.22788
-5.22287
-5.21427
-5.20377
-5.19285
-5.18433
-5.18259
-5.18494
-5.19027
-5.19786
-5.20791
-5.21783
-5.22489
-5.22952
-5.23033
-5.22708
-5.21928
-5.20735
-5.19182
-5.1729
-5.14869
-5.11981
-5.08384
-5.04384
-5.00418
-4.97485
-4.95694
-4.95312
-4.96117
-4.97444
-4.98905
-5.00264
-5.01146
-5.02073
-5.03514
-5.05956
-5.09443
-5.13538
-5.1708
-5.19664
-5.21258
-5.22044
-5.22481
-5.22935
-5.23494
-5.2421
-5.2474
-5.24845
-5.2428
-5.22752
-5.2052
-5.17658
-5.14811
-5.12042
-5.10016
-5.08215
-5.06802
-5.05447
-5.03866
-5.02004
-4.99934
-4.97778
-4.95808
-4.94562
-4.94155
-4.94683
-4.96071
-4.98174
-5.00704
-5.03424
-5.06071
-5.08563
-5.10627
-5.12182
-5.13352
-5.13986
-5.13939
-5.13308
-5.12224
-5.10976
-5.09692
-5.08671
-5.0836
-5.08734
-5.09877
-5.11613
-5.1358
-5.15378
-5.1653
-5.169
-5.16598
-5.15694
-5.14509
-5.12903
-5.11145
-5.0925
-5.07637
-5.06809
-5.06882
-5.07951
-5.09462
-5.11179
-5.12798
-5.14318
-5.1553
-5.16386
-5.17076
-5.17386
-5.17265
-5.16824
-5.16364
-5.15964
-5.15749
-5.15847
-5.16229
-5.16837
-5.17681
-5.18401
-5.19078
-5.19342
-5.19446
-5.19551
-5.19965
-5.20523
-5.21388
-5.2248
-5.23453
-5.24242
-5.24465
-5.2422
-5.23469
-5.22279
-5.20751
-5.19217
-5.17558
-5.15913
-5.14043
-5.1197
-5.09795
-5.07557
-5.05345
-5.03837
-5.03286
-5.04312
-5.06643
-5.09707
-5.12739
-5.15195
-5.17129
-5.18461
-5.19239
-5.19672
-5.19774
-5.19468
-5.19081
-5.18576
-5.18315
-5.18137
-5.18156
-5.1818
-5.1819
-5.17687
-5.16704
-5.14926
-5.12691
-5.10339
-5.08338
-5.07175
-5.07161
-5.08342
-5.10033
-5.11769
-5.13261
-5.13855
-5.13583
-5.12455
-5.10543
-5.08063
-5.05466
-5.02936
-5.00862
-4.99365
-4.98642
-4.98577
-4.98976
-4.99583
-5.00466
-5.01521
-5.03016
-5.04939
-5.072
-5.09693
-5.12368
-5.14886
-5.17153
-5.19051
-5.20503
-5.21467
-5.21802
-5.21599
-5.20798
-5.19645
-5.1836
-5.17261
-5.16908
-5.17397
-5.1838
-5.19967
-5.21598
-5.23261
-5.24351
-5.24751
-5.24216
-5.23064
-5.21347
-5.19124
-5.16878
-5.14781
-5.13048
-5.11808
-5.1113
-5.10974
-5.10961
-5.10901
-5.10771
-5.10611
-5.10092
-5.09314
-5.08678
-5.08268
-5.08156
-5.08446
-5.08932
-5.09572
-5.1035
-5.11348
-5.12596
-5.14137
-5.15745
-5.17138
-5.18212
-5.18513
-5.18114
-5.17193
-5.15892
-5.14924
-5.14419
-5.14661
-5.15351
-5.16151
-5.16983
-5.17165
-5.16956
-5.1645
-5.1568
-5.14979
-5.14559
-5.14408
-5.14808
-5.15412
-5.16099
-5.16636
-5.1692
-5.16751
-5.16075
-5.14931
-5.13701
-5.12721
-5.12139
-5.11885
-5.12006
-5.1232
-5.12646
-5.12781
-5.12578
-5.12208
-5.11447
-5.107
-5.09875
-5.09378
-5.09328
-5.10104
-5.11694
-5.13764
-5.16237
-5.18616
-5.20569
-5.22144
-5.23621
-5.25332
-5.27585
-5.29898
-5.3231
-5.34305
-5.35395
-5.35486
-5.34395
-5.32195
-5.28986
-5.25236
-5.20923
-5.16571
-5.12596
-5.09163
-5.06789
-5.05492
-5.04996
-5.05518
-5.06525
-5.07759
-5.08821
-5.09511
-5.09701
-5.09628
-5.09635
-5.0984
-5.10232
-5.10617
-5.10855
-5.1101
-5.11261
-5.11252
-5.11162
-5.10903
-5.10617
-5.10425
-5.10172
-5.09998
-5.10001
-5.10257
-5.10745
-5.11491
-5.12409
-5.13504
-5.14554
-5.15522
-5.1649
-5.1757
-5.1905
-5.20614
-5.22395
-5.24113
-5.25608
-5.26567
-5.26936
-5.26596
-5.25871
-5.24994
-5.24009
-5.23225
-5.22492
-5.21774
-5.20829
-5.19563
-5.17927
-5.15952
-5.13831
-5.11864
-5.10233
-5.09286
-5.09357
-5.10248
-5.11941
-5.14247
-5.1679
-5.19589
-5.22221
-5.246
-5.26396
-5.27465
-5.2756
-5.26693
-5.25076
-5.23053
-5.20885
-5.18826
-5.17074
-5.15842
-5.15119
-5.14836
-5.14726
-5.14882
-5.15156
-5.15284
-5.15101
-5.14785
-5.14103
-5.13212
-5.12193
-5.11256
-5.10481
-5.1009
-5.10125
-5.10697
-5.11845
-5.13267
-5.14982
-5.16479
-5.17587
-5.1841
-5.18815
-5.1885
-5.18621
-5.18219
-5.17722
-5.17245
-5.16828
-5.16624
-5.16394
-5.16483
-5.16759
-5.17328
-5.1819
-5.19425
-5.20893
-5.22544
-5.23931
-5.24909
-5.25258
-5.2494
-5.23902
-5.22194
-5.19873
-5.17345
-5.14746
-5.12571
-5.11045
-5.10175
-5.09894
-5.10095
-5.10502
-5.10943
-5.11324
-5.11608
-5.1167
-5.11412
-5.10859
-5.10279
-5.09824
-5.09934
-5.10368
-5.11298
-5.12494
-5.13653
-5.14395
-5.14705
-5.14652
-5.14393
-5.13828
-5.13297
-5.12919
-5.12606
-5.12462
-5.12243
-5.11527
-5.10168
-5.081
-5.05494
-5.02727
-5.00134
-4.98261
-4.97512
-4.97868
-4.99401
-5.01929
-5.04925
-5.07994
-5.10733
-5.12688
-5.1367
-5.13655
-5.13023
-5.12218
-5.11667
-5.11458
-5.11582
-5.12057
-5.12761
-5.13736
-5.14923
-5.16326
-5.17942
-5.1945
-5.20718
-5.21701
-5.22085
-5.21732
-5.20676
-5.18855
-5.16361
-5.13658
-5.11073
-5.09208
-5.08208
-5.08145
-5.08535
-5.09149
-5.09718
-5.10166
-5.10542
-5.10865
-5.11387
-5.12096
-5.13157
-5.14652
-5.1631
-5.18111
-5.19663
-5.20952
-5.21675
-5.22141
-5.22381
-5.22614
-5.2302
-5.23529
-5.24071
-5.24659
-5.25039
-5.25011
-5.24526
-5.23349
-5.21704
-5.19642
-5.17541
-5.15703
-5.14315
-5.13607
-5.13345
-5.137
-5.14329
-5.15296
-5.16319
-5.17285
-5.18105
-5.18917
-5.19704
-5.20485
-5.21185
-5.21749
-5.22196
-5.22228
-5.2173
-5.20761
-5.19426
-5.17744
-5.15811
-5.13749
-5.11717
-5.09748
-5.07962
-5.06425
-5.05298
-5.04792
-5.0469
-5.0518
-5.0603
-5.07402
-5.08899
-5.10603
-5.12268
-5.13618
-5.14608
-5.15238
-5.15331
-5.15164
-5.14799
-5.14439
-5.14075
-5.13941
-5.14065
-5.14434
-5.15306
-5.16471
-5.17865
-5.19311
-5.20649
-5.21473
-5.21595
-5.21294
-5.20121
-5.18324
-5.16161
-5.13872
-5.11531
-5.09362
-5.07463
-5.05918
-5.04597
-5.03707
-5.03385
-5.03764
-5.04873
-5.06473
-5.08438
-5.10514
-5.1248
-5.14288
-5.15834
-5.17054
-5.17945
-5.18395
-5.18239
-5.17597
-5.16256
-5.14442
-5.12326
-5.10012
-5.08052
-5.06557
-5.05646
-5.05415
-5.0597
-5.07066
-5.08588
-5.10133
-5.11312
-5.12135
-5.12336
-5.12146
-5.11901
-5.11608
-5.1157
-5.11693
-5.12088
-5.12751
-5.13588
-5.14481
-5.15205
-5.15522
-5.15517
-5.15156
-5.14611
-5.14328
-5.14515
-5.15413
-5.16514
-5.176
-5.18543
-5.19205
-5.19729
-5.20011
-5.20007
-5.199
-5.1957
-5.1889
-5.17795
-5.1648
-5.148
-5.13176
-5.12005
-5.11512
-5.11737
-5.12889
-5.14382
-5.16035
-5.17436
-5.18472
-5.19076
-5.19396
-5.194
-5.19107
-5.18465
-5.17605
-5.16745
-5.15655
-5.14677
-5.13846
-5.13472
-5.13856
-5.14837
-5.15946
-5.16905
-5.17509
-5.17809
-5.18083
-5.18539
-5.18731
-5.18621
-5.18307
-5.17591
-5.16765
-5.16106
-5.15841
-5.15766
-5.15959
-5.16282
-5.16594
-5.16921
-5.17254
-5.17579
-5.17849
-5.18124
-5.18165
-5.18135
-5.17918
-5.17499
-5.17124
-5.16563
-5.15776
-5.14899
-5.13977
-5.13088
-5.12445
-5.12248
-5.12693
-5.13804
-5.15163
-5.16831
-5.18419
-5.19736
-5.2071
-5.21356
-5.21825
-5.2215
-5.22421
-5.22857
-5.23235
-5.23321
-5.2319
-5.22898
-5.22322
-5.21455
-5.20177
-5.18667
-5.1712
-5.15656
-5.14634
-5.14318
-5.14386
-5.15009
-5.15953
-5.1716
-5.18569
-5.20002
-5.21395
-5.22532
-5.23261
-5.23773
-5.23944
-5.23907
-5.23715
-5.2322
-5.22301
-5.21236
-5.20171
-5.18889
-5.17692
-5.16487
-5.1529
-5.14174
-5.13131
-5.12298
-5.11838
-5.11839
-5.12325
-5.1326
-5.14965
-5.16694
-5.18429
-5.19966
-5.21095
-5.21637
-5.21667
-5.2111
-5.20153
-5.1895
-5.17576
-5.16452
-5.15382
-5.14456
-5.13714
-5.13011
-5.12531
-5.12129
-5.11834
-5.1179
-5.11946
-5.12174
-5.1227
-5.12631
-5.12971
-5.13708
-5.1459
-5.15619
-5.16725
-5.17964
-5.19058
-5.20076
-5.2088
-5.21709
-5.22572
-5.2353
-5.24549
-5.25365
-5.25912
-5.26378
-5.26595
-5.26559
-5.26462
-5.26244
-5.25936
-5.25554
-5.24964
-5.24009
-5.23022
-5.21705
-5.20008
-5.17988
-5.15739
-5.13562
-5.1186
-5.10665
-5.09943
-5.0972
-5.09745
-5.09906
-5.10196
-5.10585
-5.10828
-5.11203
-5.11791
-5.12864
-5.14579
-5.1717
-5.20029
-5.22809
-5.25137
-5.26722
-5.27467
-5.27716
-5.27349
-5.26309
-5.24707
-5.22572
-5.20092
-5.17464
-5.14626
-5.11983
-5.09969
-5.08686
-5.0837
-5.08758
-5.09685
-5.10725
-5.11843
-5.12886
-5.13952
-5.15097
-5.16221
-5.17339
-5.18293
-5.1903
-5.1932
-5.19355
-5.1903
-5.18365
-5.17432
-5.16068
-5.14581
-5.13178
-5.12156
-5.11607
-5.11454
-5.1158
-5.1164
-5.11519
-5.11135
-5.10273
-5.08853
-5.07117
-5.05305
-5.0361
-5.02409
-5.02103
-5.02915
-5.04522
-5.06795
-5.09328
-5.11888
-5.14164
-5.16154
-5.17793
-5.19059
-5.19684
-5.19404
-5.18145
-5.15993
-5.12835
-5.09151
-5.05148
-5.01451
-4.98297
-4.95819
-4.94274
-4.93225
-4.92635
-4.92415
-4.9281
-4.93808
-4.95497
-4.97793
-5.00565
-5.03575
-5.06738
-5.09896
-5.12752
-5.15228
-5.17285
-5.18808
-5.19717
-5.20203
-5.20194
-5.19635
-5.18636
-5.17116
-5.15413
-5.13221
-5.11007
-5.0884
-5.06965
-5.05507
-5.04545
-5.03873
-5.0362
-5.03479
-5.03603
-5.03829
-5.04545
-5.05764
-5.07573
-5.09943
-5.12452
-5.14937
-5.169
-5.18279
-5.18916
-5.18688
-5.17841
-5.1652
-5.15083
-5.13383
-5.11902
-5.10775
-5.10153
-5.10246
-5.10824
-5.11788
-5.12727
-5.13322
-5.13675
-5.13575
-5.13005
-5.12234
-5.11463
-5.10953
-5.10526
-5.10479
-5.10426
-5.10491
-5.10627
-5.10914
-5.11543
-5.12442
-5.13584
-5.14743
-5.15744
-5.16363
-5.16882
-5.17008
-5.16738
-5.1614
-5.15002
-5.13462
-5.11551
-5.09699
-5.08007
-5.06792
-5.06227
-5.06108
-5.06488
-5.07148
-5.07804
-5.08411
-5.08944
-5.09791
-5.10562
-5.11605
-5.12715
-5.13837
-5.14868
-5.15755
-5.16304
-5.16677
-5.16866
-5.16838
-5.16818
-5.17007
-5.17378
-5.17824
-5.18297
-5.18451
-5.18509
-5.18489
-5.18538
-5.18675
-5.18789
-5.18771
-5.18328
-5.17306
-5.15919
-5.14311
-5.12814
-5.11788
-5.11367
-5.11789
-5.13033
-5.14994
-5.17577
-5.20521
-5.23535
-5.26229
-5.28164
-5.29069
-5.28807
-5.27529
-5.25204
-5.22303
-5.19283
-5.16758
-5.15062
-5.14391
-5.1447
-5.15237
-5.16183
-5.172
-5.17909
-5.18569
-5.19006
-5.19375
-5.19806
-5.20073
-5.20261
-5.20329
-5.20485
-5.20639
-5.20832
-5.20919
-5.20726
-5.19995
-5.18742
-5.17024
-5.15124
-5.13094
-5.11082
-5.09435
-5.08554
-5.0854
-5.09866
-5.1201
-5.14559
-5.17192
-5.19251
-5.20488
-5.20642
-5.1994
-5.18407
-5.16254
-5.13949
-5.12114
-5.10914
-5.10828
-5.11799
-5.13822
-5.16273
-5.19026
-5.21741
-5.23881
-5.25306
-5.25932
-5.25739
-5.24661
-5.22915
-5.20717
-5.18441
-5.16445
-5.15179
-5.14722
-5.14793
-5.15207
-5.15848
-5.16476
-5.16983
-5.17292
-5.17511
-5.17736
-5.17929
-5.18244
-5.1839
-5.18438
-5.18558
-5.18578
-5.18576
-5.1874
-5.18801
-5.18664
-5.18206
-5.17349
-5.15984
-5.14304
-5.12187
-5.10219
-5.08375
-5.07122
-5.06509
-5.06517
-5.07098
-5.0784
-5.08554
-5.09007
-5.09043
-5.08858
-5.08709
-5.08772
-5.09385
-5.10324
-5.11381
-5.12362
-5.12936
-5.12782
-5.12243
-5.11647
-5.11226
-5.11284
-5.12003
-5.13092
-5.14321
-5.15117
-5.15302
-5.14734
-5.13668
-5.12609
-5.11751
-5.11524
-5.12035
-5.13161
-5.14794
-5.16554
-5.18088
-5.19411
-5.20401
-5.21171
-5.21905
-5.23028
-5.24351
-5.25841
-5.27193
-5.28095
-5.28449
-5.28405
-5.27885
-5.27215
-5.26592
-5.25855
-5.25258
-5.2443
-5.23072
-5.21019
-5.18282
-5.15162
-5.12124
-5.09316
-5.07393
-5.06646
-5.07197
-5.08623
-5.10976
-5.13723
-5.16604
-5.19287
-5.21675
-5.23493
-5.24543
-5.25321
-5.25544
-5.25453
-5.24968
-5.24054
-5.22951
-5.21528
-5.20012
-5.18402
-5.16764
-5.15252
-5.13918
-5.12828
-5.11961
-5.11062
-5.10407
-5.09673
-5.08915
-5.08119
-5.07419
-5.06945
-5.06929
-5.07372
-5.08307
-5.09727
-5.11353
-5.13389
-5.15581
-5.17953
-5.2047
-5.22931
-5.25412
-5.27693
-5.29769
-5.31622
-5.33158
-5.34479
-5.35304
-5.35774
-5.35986
-5.35997
-5.35943
-5.35802
-5.35508
-5.35026
-5.34195
-5.33025
-5.31486
-5.29523
-5.27471
-5.25553
-5.23668
-5.21958
-5.20039
-5.18055
-5.16105
-5.14611
-5.13392
-5.12764
-5.12298
-5.11522
-5.10462
-5.09002
-5.07034
-5.0495
-5.0316
-5.0209
-5.02033
-5.03099
-5.05121
-5.07573
-5.09839
-5.11312
-5.11698
-5.10914
-5.08824
-5.05556
-5.01416
-4.97209
-4.93404
-4.90732
-4.89749
-4.90636
-4.92874
-4.95889
-4.99456
-5.03282
-5.07302
-5.11095
-5.14184
-5.1648
-5.1807
-5.19236
-5.202
-5.21032
-5.21686
-5.21969
-5.21886
-5.21411
-5.20526
-5.19434
-5.18333
-5.17348
-5.16404
-5.15403
-5.14438
-5.13586
-5.12648
-5.11938
-5.11506
-5.11428
-5.11435
-5.11655
-5.11962
-5.12483
-5.13336
-5.14391
-5.15663
-5.17096
-5.18461
-5.19741
-5.20181
-5.1982
-5.18236
-5.1565
-5.12345
-5.08853
-5.05782
-5.0364
-5.02486
-5.02303
-5.02845
-5.03839
-5.05071
-5.06393
-5.07628
-5.08915
-5.10255
-5.11439
-5.12729
-5.13922
-5.14931
-5.15589
-5.15641
-5.15415
-5.14723
-5.13875
-5.12701
-5.11333
-5.09973
-5.08822
-5.07898
