1.60836
1.62721
1.65345
1.68223
1.71276
1.74588
1.78005
1.81029
1.83058
1.83646
1.82574
1.7981
1.7551
1.70088
1.64278
1.59021
1.55122
1.52893
1.5212
1.52308
1.5296
1.53701
1.54297
1.54623
1.54625
1.54345
1.5391
1.53506
1.53301
1.5339
1.53751
1.54237
1.54609
1.546
1.53966
1.5254
1.50274
1.47258
1.43737
1.40094
1.3681
1.34366
1.33101
1.33116
1.34262
1.36221
1.38615
1.41099
1.43411
1.45403
1.47045
1.48374
1.49417
1.50136
1.50464
1.50403
1.50112
1.49914
1.50161
1.51043
1.52439
1.53954
1.55109
1.55591
1.55411
1.54915
1.54608
1.54879
1.5582
1.57259
1.58908
1.60496
1.61847
1.62894
1.63635
1.64095
1.64275
1.64133
1.636
1.62607
1.61127
1.59164
1.56745
1.53906
1.50692
1.47194
1.43627
1.40379
1.37965
1.36829
1.37098
1.38545
1.40743
1.43222
1.45504
1.47131
1.47735
1.47146
1.45442
1.42934
1.40096
1.37455
1.35456
1.34328
1.34033
1.3434
1.34991
1.35836
1.36879
1.3822
1.39956
1.42091
1.44473
1.46819
1.48828
1.50311
1.51261
1.51832
1.52255
1.52749
1.53456
1.54417
1.55573
1.568
1.57943
1.58847
1.59389
1.59471
1.59009
1.57924
1.56161
1.53718
1.50679
1.47218
1.43579
1.40034
1.36857
1.34314
1.32681
1.32233
1.3317
1.35496
1.38943
1.4301
1.47097
1.50682
1.53403
1.55089
1.5573
1.55441
1.54414
1.52865
1.50988
1.48936
1.46836
1.44817
1.4305
1.41744
1.41065
1.41022
1.4141
1.41884
1.42109
1.41886
1.41206
1.40234
1.39247
1.3854
1.38332
1.38711
1.39637
1.40987
1.42597
1.44294
1.45914
1.47309
1.48369
1.49044
1.49383
1.4955
1.49797
1.50375
1.51416
1.52849
1.54409
1.55725
1.56443
1.56335
1.55372
1.53729
1.51739
1.49768
1.48084
1.46778
1.45775
1.4493
1.4412
1.43321
1.42607
1.42109
1.41929
1.4209
1.42539
1.43196
1.44028
1.45064
1.46363
1.47928
1.49643
1.51284
1.52596
1.53395
1.53647
1.53471
1.53116
1.52882
1.53
1.53544
1.54403
1.55334
1.56068
1.56402
1.56237
1.5557
1.54469
1.53034
1.51373
1.49595
1.47829
1.46227
1.44967
1.44225
1.44141
1.44757
1.45985
1.47614
1.49352
1.50905
1.52013
1.52494
1.52239
1.51221
1.49504
1.47273
1.44859
1.42706
1.4127
1.40874
1.41646
1.43551
1.46434
1.49996
1.5381
1.57385
1.60269
1.62136
1.628
1.62215
1.60434
1.57582
1.53839
1.4945
1.44747
1.40172
1.36264
1.33575
1.32539
1.33332
1.35828
1.39654
1.44291
1.49168
1.53725
1.57475
1.60055
1.61262
1.61062
1.5959
1.57116
1.54027
1.5079
1.47891
1.45727
1.44448
1.43909
1.43739
1.4352
1.4294
1.41871
1.40354
1.38557
1.36706
1.35025
1.33673
1.32724
1.32183
1.31993
1.32057
1.32267
1.32548
1.32895
1.33396
1.3416
1.35201
1.36369
1.37399
1.38029
1.38132
1.37776
1.37196
1.36702
1.36535
1.36777
1.37348
1.38097
1.38909
1.39731
1.40543
1.41303
1.41936
1.42369
1.42573
1.42556
1.42347
1.4202
1.41752
1.41845
1.42619
1.44229
1.46561
1.49277
1.51971
1.54294
1.56022
1.57049
1.5736
1.57005
1.56087
1.54774
1.53281
1.51845
1.50675
1.4989
1.49492
1.49377
1.49346
1.4914
1.48494
1.47211
1.45251
1.42763
1.40058
1.37526
1.35522
1.34251
1.33699
1.33636
1.33721
1.33674
1.33422
1.33141
1.33156
1.33749
1.35008
1.36802
1.3888
1.4101
1.43058
1.44989
1.46809
1.48499
1.49971
1.5109
1.51719
1.5178
1.51279
1.50314
1.4904
1.47632
1.46273
1.45157
1.44516
1.44545
1.45253
1.46367
1.47449
1.48119
1.48195
1.4771
1.46845
1.45859
1.45018
1.44511
1.44408
1.44655
1.45127
1.45689
1.46253
1.46768
1.47191
1.4746
1.47489
1.47178
1.46448
1.45253
1.43603
1.41553
1.39206
1.36726
1.34371
1.32509
1.31576
1.31947
1.33767
1.36852
1.40758
1.44945
1.48928
1.5235
1.54994
1.5676
1.57662
1.57813
1.574
1.56624
1.55622
1.54443
1.53071
1.51496
1.49763
1.47999
1.46366
1.44998
1.43946
1.43175
1.4261
1.42195
1.41907
1.41742
1.41692
1.41744
1.41888
1.42127
1.42473
1.42917
1.43429
1.43961
1.44472
1.44937
1.45362
1.45754
1.46099
1.46353
1.46459
1.4639
1.46167
1.45878
1.45638
1.45542
1.45631
1.45888
1.46251
1.46657
1.47062
1.4744
1.47778
1.48083
1.4841
1.48867
1.49579
1.50634
1.52028
1.53669
1.55398
1.57048
1.58456
1.59484
1.60016
1.59977
1.59347
1.58169
1.56556
1.54671
1.52695
1.50764
1.48927
1.47145
1.45323
1.43374
1.41284
1.3915
1.37186
1.35652
1.34757
1.34575
1.35028
1.35938
1.37082
1.38272
1.39409
1.40514
1.4171
1.43137
1.44864
1.4683
1.48848
1.5067
1.52064
1.52873
1.53027
1.52561
1.51613
1.50408
1.4921
1.48281
1.47825
1.47976
1.48789
1.50227
1.52172
1.54436
1.56794
1.59019
1.6092
1.62364
1.63279
1.63649
1.63473
1.62761
1.61527
1.59808
1.57679
1.55271
1.52777
1.50426
1.48458
1.47073
1.46385
1.46401
1.4702
1.4805
1.49255
1.50417
1.51402
1.52186
1.52819
1.53356
1.53778
1.53963
1.5374
1.52961
1.5155
1.49509
1.46907
1.43863
1.40566
1.37296
1.34416
1.32286
1.31117
1.30898
1.31454
1.32567
1.34046
1.3573
1.37483
1.39191
1.40798
1.42317
1.43808
1.45317
1.46796
1.48085
1.48969
1.49265
1.48898
1.47913
1.46448
1.44694
1.42866
1.41197
1.39918
1.39221
1.392
1.39815
1.40912
1.42284
1.43739
1.45148
1.46432
1.4754
1.48422
1.4904
1.49384
1.49482
1.49388
1.49151
1.48813
1.48415
1.48007
1.4765
1.47415
1.47394
1.47717
1.48519
1.49853
1.51605
1.53501
1.55211
1.56482
1.57238
1.57585
1.57746
1.57922
1.58166
1.58329
1.58118
1.5723
1.55487
1.5293
1.49864
1.46809
1.4434
1.42868
1.42484
1.42961
1.43921
1.45016
1.46046
1.46959
1.47767
1.48467
1.4901
1.49349
1.49501
1.49584
1.49762
1.50144
1.50693
1.51222
1.51494
1.51354
1.50814
1.50062
1.49373
1.48984
1.48984
1.49306
1.49808
1.50353
1.5082
1.51112
1.51152
1.50887
1.50306
1.4945
1.48421
1.47407
1.46641
1.46318
1.46503
1.47095
1.47862
1.48514
1.48778
1.48481
1.47605
1.46296
1.44832
1.43569
1.42858
1.42939
1.43875
1.45542
1.4768
1.49968
1.52089
1.53774
1.54843
1.55237
1.55015
1.54334
1.53399
1.52425
1.51594
1.51029
1.50766
1.50749
1.50838
1.50852
1.50636
1.50126
1.49381
1.48582
1.48004
1.47941
1.4858
1.49847
1.51372
1.52644
1.53258
1.53107
1.52438
1.51731
1.51416
1.51587
1.51972
1.52212
1.52158
1.51942
1.51814
1.51963
1.52425
1.53104
1.53824
1.5437
1.54519
1.54083
1.52967
1.51207
1.48979
1.46554
1.44234
1.42265
1.40775
1.39769
1.39154
1.38797
1.38574
1.38405
1.38251
1.38085
1.37888
1.37644
1.37369
1.37114
1.36974
1.37077
1.37538
1.38429
1.3977
1.41538
1.43682
1.46126
1.48776
1.51521
1.54222
1.56725
1.58869
1.60509
1.61523
1.61829
1.6138
1.60166
1.58216
1.55626
1.52583
1.49375
1.46342
1.43797
1.41962
1.40965
1.40853
1.41571
1.42903
1.44483
1.45897
1.46833
1.47176
1.47015
1.46594
1.46227
1.46205
1.46696
1.47698
1.49038
1.50438
1.51607
1.52325
1.525
1.52183
1.51542
1.50789
1.50106
1.49565
1.49112
1.48594
1.47845
1.46755
1.45326
1.4368
1.4202
1.40562
1.39481
1.38875
1.38761
1.39092
1.39774
1.40693
1.41742
1.42858
1.44033
1.45273
1.46554
1.47804
1.4894
1.49918
1.50759
1.51536
1.52353
1.53313
1.5449
1.55917
1.57575
1.59393
1.61251
1.62998
1.64465
1.65482
1.65896
1.65597
1.6452
1.62652
1.60037
1.56787
1.53105
1.49313
1.4582
1.43003
1.41072
1.39997
1.39594
1.3968
1.4016
1.41007
1.42206
1.43711
1.45439
1.47265
1.49055
1.50685
1.52047
1.53042
1.53583
1.53616
1.53152
1.5229
1.512
1.50075
1.49067
1.48285
1.47807
1.47694
1.47967
1.48582
1.49444
1.50433
1.51422
1.5231
1.5302
1.53504
1.53748
1.53774
1.53644
1.53444
1.53247
1.53087
1.52923
1.52642
1.52069
1.5101
1.49313
1.46942
1.44018
1.40805
1.3766
1.3494
1.32907
1.31681
1.31236
1.31474
1.323
1.33638
1.35402
1.37442
1.3955
1.41529
1.43258
1.44699
1.45837
1.46644
1.47082
1.47148
1.46928
1.46596
1.46377
1.46477
1.46994
1.47885
1.48962
1.4997
1.50669
1.50914
1.50694
1.50138
1.4945
1.48837
1.4842
1.48185
1.48014
1.47743
1.47259
1.46548
1.45695
1.44839
1.44097
1.43516
1.43056
1.42621
1.42105
1.41457
1.40713
1.40006
1.39534
1.39479
1.39934
1.40861
1.42095
1.43403
1.44534
1.45262
1.45422
1.44927
1.4379
1.4215
1.4024
1.38344
1.36718
1.35536
1.34877
1.34757
1.35151
1.35994
1.37149
1.38421
1.3962
1.40688
1.41759
1.43055
1.44657
1.46372
1.47853
1.48824
1.49218
1.49176
1.48964
1.48869
1.49082
1.49626
1.50358
1.51029
1.51356
1.511
1.50136
1.48503
1.46434
1.44315
1.42572
1.41546
1.4142
1.42231
1.43874
1.46104
1.48549
1.5078
1.52405
1.53142
1.52865
1.51617
1.49615
1.47245
1.45017
1.43426
1.42726
1.42791
1.43213
1.4355
1.43526
1.43092
1.42396
1.41706
1.41296
1.41345
1.41911
1.42956
1.44392
1.46093
1.47889
1.49545
1.50773
1.51264
1.50772
1.49198
1.4666
1.43515
1.40283
1.37492
1.35512
1.34454
1.34207
1.34547
1.3524
1.36092
1.36972
1.37836
1.38752
1.39878
1.41383
1.43342
1.45686
1.48197
1.50578
1.52517
1.53754
1.54105
1.53497
1.51997
1.49878
1.47609
1.45722
1.44559
1.44134
1.4423
1.44585
1.45022
1.45482
1.46
1.46625
1.47361
1.48131
1.48815
1.49279
1.49416
1.49153
1.48483
1.47488
1.46328
1.452
1.4425
1.43526
1.43016
1.42712
1.42618
1.42709
1.42917
1.43155
1.43336
1.43386
1.43264
1.42998
1.42741
1.42756
1.43321
1.4459
1.46501
1.48795
1.5117
1.53403
1.55372
1.56981
1.58107
1.58616
1.58422
1.57533
1.56054
1.54153
1.52015
1.49814
1.47684
1.45716
1.43967
1.42486
1.41319
1.40509
1.40078
1.40023
1.40297
1.40792
1.4134
1.41758
1.41891
1.41664
1.41087
1.4024
1.39256
1.38289
1.37505
1.37066
1.37108
1.37676
1.38676
1.39895
1.41104
1.42153
1.42987
1.43598
1.43977
1.44123
1.44072
1.4393
1.43851
1.43967
1.44336
1.4494
1.45747
1.46742
1.47903
1.49144
1.50286
1.51102
1.51396
1.51101
1.50318
1.49296
1.48337
1.47674
1.47391
1.47408
1.47544
1.47587
1.47345
1.46662
1.45418
1.43538
1.41035
1.38047
1.34881
1.32025
1.30075
1.29533
1.30567
1.32892
1.35901
1.38948
1.41574
1.43562
1.44909
1.45766
1.464
1.47096
1.48027
1.49147
1.50223
1.5098
1.51222
1.50871
1.49957
1.48582
1.46892
1.45071
1.43334
1.4191
1.41009
1.40745
1.41077
1.41803
1.42635
1.43317
1.43727
1.43918
1.44085
1.44464
1.45203
1.46276
1.47487
1.4856
1.49251
1.49435
1.49124
1.4844
1.47559
1.46644
1.45802
1.45071
1.44444
1.43899
1.4343
1.43067
1.42878
1.42951
1.43374
1.44204
1.45451
1.47064
1.48944
1.5096
1.52971
1.54845
1.56478
1.57791
1.58721
1.59222
1.59277
1.58918
1.58239
1.57376
1.56453
1.55509
1.54452
1.53071
1.51126
1.48456
1.45081
1.41298
1.3773
1.35258
1.34707
1.36411
1.40032
1.44817
1.49994
1.54977
1.59367
1.62913
1.65483
1.67053
1.67688
1.6752
1.66712
1.65429
1.63803
1.61916
1.59811
1.57522
1.5508
1.52492
1.49725
1.46743
1.43611
1.40582
1.38079
1.36547
1.36225
1.37029
1.38595
1.40463
1.42235
1.43663
1.4465
1.45215
1.4544
1.4543
1.45276
1.45033
1.44724
1.44375
1.4406
1.43938
1.44242
1.45209
1.46945
1.4933
1.52012
1.54533
1.56474
1.57551
1.5768
1.56995
1.55833
1.54638
1.53777
1.53401
1.5347
1.53893
1.54589
1.55444
1.56271
1.56839
1.56948
1.56517
1.5561
1.54432
1.53259
1.52365
1.51961
1.52167
1.52994
1.54315
1.55875
1.57364
1.58541
1.59308
1.59709
1.59864
1.59886
1.59825
1.59652
1.59286
1.58633
1.57632
1.56299
1.54739
1.53162
1.51859
1.51132
1.51182
1.52018
1.53444
1.55133
1.56746
1.57981
1.58623
1.58567
1.5784
1.5658
1.54982
1.53236
1.51493
1.49863
1.48436
1.4732
1.46649
1.46558
1.47124
1.48321
1.49997
1.51908
1.53785
1.55395
1.56591
1.57328
1.57669
1.57752
1.57749
1.57816
1.58052
1.58492
1.59113
1.59854
1.60637
1.61388
1.62049
1.62593
1.63032
1.63399
1.63718
1.63985
1.64177
1.64255
1.64182
1.63926
1.6346
1.62755
1.61785
1.60525
1.58956
1.57079
1.5492
1.52562
1.50158
1.47917
1.46078
1.44882
1.44516
1.45059
1.46432
1.4842
1.50751
1.53186
1.55548
1.57713
1.59575
1.61022
1.61922
1.62147
1.61591
1.60215
1.58108
1.55539
1.52935
1.50728
1.49127
1.48066
1.47399
1.47107
1.47291
1.48016
1.49193
1.5059
1.51903
1.52853
1.53271
1.53151
1.52681
1.52178
1.51948
1.52124
1.52636
1.53301
1.53934
1.54384
1.54538
1.54297
1.53589
1.5237
1.50645
1.48472
1.45965
1.43286
1.40629
1.38191
1.36133
1.34549
1.33454
1.32814
1.32583
1.32734
1.33263
1.34175
1.3546
1.37076
1.3894
1.40952
1.43011
1.45035
1.46943
1.48647
1.50041
1.51018
1.515
1.51472
1.50982
1.5014
1.49098
1.48042
1.47164
1.46598
1.46366
1.46369
1.46434
1.46391
1.46132
1.45641
1.44992
1.44312
1.43734
1.43345
1.43172
1.43188
1.43353
1.43641
1.44044
1.44553
1.45124
1.45668
1.46057
1.46173
1.45953
1.45426
1.44719
1.44032
1.43582
1.43512
1.43844
1.44507
1.45404
1.46467
1.47635
1.48833
1.49973
1.50982
1.51821
1.5247
1.52911
1.53085
1.52883
1.52155
1.50771
1.48691
1.46024
1.43069
1.40284
1.38164
1.37025
1.36828
1.37193
1.37669
1.38012
1.38308
1.38873
1.4001
1.41801
1.44088
1.46609
1.49113
1.51403
1.53308
1.54693
1.55454
1.55546
1.54982
1.5383
1.52209
1.50271
1.482
1.46198
1.4446
1.43144
1.42343
1.42069
1.4227
1.42867
1.43781
1.44948
1.46322
1.47865
1.49525
1.51224
1.52856
1.54308
1.55477
1.56287
1.56693
1.56673
1.56223
1.55365
1.54163
1.5276
1.51401
1.50382
1.49937
1.50129
1.50832
1.51811
1.52815
1.53647
1.54191
1.54415
1.54358
1.54094
1.53702
1.53234
1.52682
1.51985
1.51075
1.49974
1.48862
1.48052
1.47829
1.48258
1.49123
1.50065
1.50754
1.50986
1.50684
1.49854
1.48546
1.46848
1.44912
1.42958
1.41254
1.40042
1.39441
1.39413
1.39794
1.40372
1.4095
1.41371
1.41523
1.4135
1.40855
1.4014
1.39414
1.3895
1.38956
1.39445
1.40248
1.41179
1.42185
1.43341
1.44741
1.46372
1.48054
1.49483
1.5035
1.50451
1.49745
1.48341
1.46437
1.44257
1.41986
1.39734
1.37551
1.35504
1.33805
1.32916
1.3347
1.35902
1.40034
1.45041
1.49874
1.53671
1.55893
1.5627
1.54747
1.51506
1.47049
1.42235
1.38117
1.3557
1.34955
1.36054
1.38278
1.40945
1.43485
1.45542
1.46949
1.47653
1.47647
1.46953
1.45651
1.43896
1.41908
1.39929
1.38198
1.36916
1.36236
1.36227
1.36811
1.37735
1.38633
1.39156
1.39101
1.385
1.37632
1.36936
1.36815
1.37414
1.38549
1.39871
1.41087
1.42093
1.4295
1.43796
1.44742
1.45804
1.46896
1.47873
1.48591
1.48949
1.48908
1.4849
1.47771
1.46874
1.45957
1.452
1.44779
1.44836
1.45421
1.46477
1.47851
1.49348
1.50789
1.52035
1.52984
1.53551
1.53667
1.53282
1.52384
1.51041
1.49438
1.47886
1.46748
1.46292
1.46551
1.47298
1.48171
1.48863
1.49225
1.49282
1.49162
1.49006
1.489
1.48842
1.48772
1.4861
1.48309
1.47875
1.47361
1.46844
1.46398
1.46077
1.45921
1.45959
1.46222
1.46736
1.47504
1.48493
1.49613
1.50727
1.51701
1.52431
1.5286
1.52961
1.5272
1.52133
1.51236
1.50114
1.48894
1.47695
1.46587
1.45559
1.44544
1.43457
1.42222
1.40786
1.39102
1.37153
1.35004
1.32845
1.31003
1.29864
1.29746
1.30747
1.32695
1.35219
1.37894
1.40349
1.42292
1.43511
1.43893
1.43445
1.42294
1.40641
1.38712
1.36724
1.34881
1.3338
1.32398
1.32048
1.32334
1.33138
1.34256
1.35479
1.36664
1.3777
1.38839
1.39928
1.41058
1.42187
1.43252
1.44207
1.45046
1.45798
1.46494
1.47124
1.47596
1.47736
1.47333
1.46224
1.44386
1.4199
1.39404
1.37129
1.35661
1.35263
1.35807
1.36849
1.37909
1.38715
1.39279
1.39806
1.40529
1.41531
1.42698
1.43837
1.44844
1.45755
1.46681
1.47695
1.48763
1.49773
1.50607
1.51186
1.51467
1.51398
1.50907
1.49923
1.48426
1.4649
1.44305
1.42168
1.40447
1.39503
1.39619
1.40928
1.43354
1.46562
1.5002
1.53142
1.55448
1.56642
1.56645
1.55594
1.53812
1.51734
1.49772
1.48156
1.46883
1.45777
1.4464
1.4336
1.41967
1.40588
1.3937
1.38405
1.37716
1.37314
1.37246
1.37605
1.38493
1.39956
1.41951
1.4436
1.47024
1.49787
1.52527
1.55139
1.5752
1.59544
1.61055
1.61889
1.61908
1.61043
1.59321
1.56869
1.53898
1.50665
1.47454
1.44533
1.42134
1.40424
1.39483
1.393
1.39786
1.40809
1.42212
1.43837
1.4554
1.47202
1.48754
1.50185
1.51544
1.52919
1.54391
1.55978
1.57624
1.59214
1.60625
1.61758
1.62545
1.62932
1.62862
1.62267
1.61082
1.59282
1.56916
1.5413
1.51169
1.48352
1.46015
1.44435
1.43768
1.4401
1.45008
1.46513
1.48266
1.50044
1.51688
1.53108
1.54268
1.55171
1.5585
1.56343
1.56659
1.56738
1.56457
1.55672
1.54272
1.52245
1.49699
1.46848
1.43975
1.41361
1.39206
1.37584
1.36462
1.35765
1.35485
1.35738
1.36696
1.38442
1.40851
1.43606
1.46325
1.48693
1.50535
1.51805
1.52546
1.52852
1.52837
1.52625
1.52324
1.51995
1.51617
1.51108
1.50365
1.4933
1.48014
1.46496
1.44888
1.43333
1.4203
1.41234
1.41186
1.41964
1.43367
1.44996
1.46468
1.47624
1.48565
1.49527
1.50694
1.52082
1.53582
1.55051
1.56381
1.57506
1.58391
1.59013
1.59345
1.59345
1.58966
1.5816
1.56899
1.5522
1.53258
1.51275
1.49667
1.48882
1.49236
1.50712
1.52912
1.55229
1.57108
1.58227
1.58535
1.58177
1.57371
1.5627
1.54898
1.53163
1.50967
1.48359
1.45622
1.43232
1.41683
1.41265
1.41915
1.43264
1.44796
1.46038
1.46694
1.46691
1.46161
1.45341
1.44473
1.43713
1.43109
1.42656
1.42359
1.42254
1.42362
1.42639
1.42986
1.43297
1.43511
1.43623
1.43656
1.43657
1.43691
1.43835
1.44145
1.4461
1.45133
1.45562
1.45752
1.45636
1.4524
1.44661
1.44005
1.43337
1.42669
1.41991
1.41293
1.40605
1.40004
1.39612
1.39579
1.40037
1.4104
1.42529
1.44331
1.46217
1.47963
1.4942
1.5054
1.51365
1.51991
1.52506
1.52959
1.53339
1.53594
1.53671
1.53545
1.53225
1.52744
1.52139
1.51419
1.50549
1.49466
1.4813
1.46584
1.4499
1.43609
1.42714
1.42486
1.42957
1.44018
1.45462
1.4704
1.48515
1.49728
1.50632
1.51289
1.51828
1.52394
1.531
1.53985
1.55002
1.56023
1.5687
1.57353
1.57294
1.56566
1.55119
1.53011
1.50415
1.47602
1.44877
1.42511
1.40692
1.39518
1.39019
1.39171
1.3989
1.41016
1.42346
1.4368
1.4487
1.45855
1.46677
1.47511
1.48622
1.5024
1.52423
1.54996
1.57618
1.59903
1.6153
1.62296
1.62141
1.61163
1.59593
1.577
1.55687
1.53651
1.51648
1.49768
1.4815
1.46907
1.46066
1.45561
1.45295
1.45204
1.45266
1.45482
1.45849
1.46357
1.46982
1.47702
1.48492
1.49316
1.50116
1.50792
1.51211
1.51252
1.50855
1.50051
1.48964
1.47768
1.46632
1.45675
1.44974
1.44591
1.44598
1.4503
1.45823
1.46795
1.47729
1.48467
1.48954
1.49217
1.49313
1.49279
1.49124
1.48849
1.48466
1.48033
1.47684
1.4763
1.4808
1.49103
1.50534
1.52033
1.53245
1.53895
1.53819
1.52984
1.51488
1.49564
1.4754
1.45742
1.44393
1.43552
1.43131
1.42985
1.43014
1.43213
1.43644
1.44378
1.4543
1.46727
1.48121
1.49414
1.50383
1.50814
1.50533
1.49458
1.47645
1.45317
1.42856
1.40733
1.39377
1.39052
1.39803
1.41496
1.43901
1.46778
1.49907
1.53092
1.56148
1.58876
1.6107
1.62529
1.63065
1.6252
1.60783
1.57821
1.53733
1.48802
1.43544
1.38699
1.35081
1.33328
1.33657
1.3583
1.39281
1.43337
1.47394
1.51007
1.53912
1.55998
1.57268
1.57798
1.57705
1.57132
1.5622
1.55097
1.5386
1.52581
1.51322
1.50148
1.49107
1.48213
1.47441
1.46756
1.4614
1.45626
1.45295
1.45244
1.45534
1.46133
1.46915
1.47706
1.48334
1.48679
1.48677
1.48312
1.47614
1.46673
1.4564
1.44713
1.44081
1.4385
1.4402
1.4452
1.45265
1.46186
1.47224
1.48319
1.49395
1.50373
1.51187
1.51795
1.52158
1.52201
1.5181
1.50874
1.49342
1.47275
1.4485
1.42317
1.39959
1.38022
1.3668
1.36011
1.36006
1.366
1.37701
1.39219
1.41085
1.43236
1.4559
1.48018
1.5035
1.5239
1.53972
1.54993
1.55467
1.55527
1.55409
1.55377
1.55638
1.5626
1.57172
1.58192
1.59119
1.59793
1.60146
1.60185
1.59957
1.59522
1.58948
1.58324
1.57733
1.57224
1.56777
1.56309
1.55714
1.54915
1.53907
1.52775
1.51681
1.50814
1.5033
1.503
1.50708
1.51442
1.52309
1.53047
1.53357
1.52978
1.51768
1.49763
1.47212
1.44552
1.42292
1.40817
1.40232
1.40345
1.40806
1.41273
1.41525
1.41498
1.41261
1.40975
1.40828
1.40974
1.41498
1.42421
1.43701
1.45245
1.46919
1.48562
1.50005
1.51102
1.51766
1.51993
1.51863
1.51514
1.51105
1.50768
1.50581
1.50559
1.50666
1.50839
1.50986
1.51005
1.50813
1.50387
1.49761
1.49015
1.48263
1.47641
1.47266
1.47206
1.47466
1.48005
1.48748
1.49554
1.50224
1.5056
1.50459
1.49966
1.49268
1.48603
1.48163
1.48007
1.48057
1.48137
1.48069
1.47753
1.47223
1.46629
1.46194
1.46111
1.46476
1.47264
1.48368
1.49679
1.51122
1.52646
1.54194
1.55673
1.56946
1.57853
1.58263
1.5811
1.57428
1.56383
1.55248
1.54319
1.53725
1.53301
1.52625
1.51247
1.48952
1.45923
1.42721
1.40064
1.38506
1.38211
1.39023
1.40668
1.4293
1.45671
1.48765
1.52025
1.55182
1.57942
1.60088
1.61538
1.62306
1.62369
1.61579
1.59737
1.56732
1.52684
1.47976
1.43221
1.39155
1.36444
1.3547
1.36196
1.38224
1.40964
1.43831
1.46362
1.48262
1.49404
1.49796
1.4951
1.48618
1.47187
1.4533
1.43301
1.41503
1.40392
1.40281
1.412
1.42881
1.44891
1.46796
1.48278
1.49165
1.49414
1.49075
1.48257
1.47101
1.4575
1.4433
1.42937
1.41636
1.40468
1.39451
1.38588
1.37868
1.37266
1.36747
1.36274
1.35823
1.35396
1.35039
1.3484
1.3491
1.35356
1.36252
1.37619
1.3941
1.41505
1.43735
1.45907
1.47851
1.49454
1.50675
1.51517
1.52003
1.52143
1.51937
1.51387
1.50526
1.49446
1.48303
1.47274
1.46481
1.45941
1.45588
1.45349
1.45212
1.45224
1.45434
1.45827
1.46316
1.46785
1.47152
1.47409
1.47605
1.47791
1.47945
1.47952
1.47659
1.47001
1.46092
1.45222
1.44732
1.44846
1.45568
1.46716
1.48029
1.49263
1.50231
1.50811
1.50928
1.50536
1.49611
1.48186
1.46435
1.44751
1.4366
1.4354
1.44324
1.45524
1.46561
1.47053
1.46896
1.46194
1.45156
1.43989
1.42851
1.41843
1.4104
1.40497
1.40256
1.40344
1.40772
1.41525
1.42535
1.43668
1.44762
1.45668
1.46303
1.46644
1.46734
1.46663
1.46534
1.46453
1.46512
1.46762
1.47204
1.47771
1.48331
1.48745
1.48928
1.48924
1.48912
1.49128
1.49728
1.50687
1.5181
1.52847
1.53603
1.53992
1.54029
1.53803
1.53459
1.5318
1.53152
1.53515
1.54303
1.55418
1.5667
1.57831
1.58716
1.59222
1.59337
1.59114
1.58624
1.57937
1.57099
1.56138
1.55043
1.53782
1.52331
1.50748
1.49196
1.47922
1.4717
1.47121
1.47858
1.49348
1.51463
1.54003
1.56735
1.59407
1.61766
1.63569
1.64603
1.64699
1.63748
1.61743
1.58799
1.55195
1.51351
1.47741
1.4474
1.42511
1.41009
1.40111
1.3972
1.39809
1.40372
1.41353
1.42602
1.43895
1.44993
1.45715
1.4598
1.45805
1.45268
1.44459
1.43463
1.42354
1.41217
1.40167
1.39357
1.38954
1.391
1.39876
1.41255
1.4307
1.45027
1.46749
1.47879
1.48169
1.47558
1.46183
1.4432
1.42325
1.40579
1.39442
1.39194
1.39958
1.41623
1.43868
1.46288
1.48524
1.50344
1.51666
1.52536
1.53107
1.53575
1.54101
1.54754
1.55496
1.56241
1.56904
1.57425
1.57763
1.57885
1.57768
1.57406
1.56792
1.55918
1.54765
1.53333
1.51702
1.5006
1.48677
1.47806
1.47598
1.48045
1.49
1.50246
1.5155
1.52706
1.53561
1.54025
1.54071
1.53721
1.53001
1.51909
1.5041
1.48451
1.46017
1.43192
1.40214
1.37479
1.35462
1.34562
1.34917
1.36346
1.3844
1.40724
1.42792
1.44381
1.45378
1.45798
1.45742
1.45348
1.44741
1.4402
1.43233
1.42401
1.41547
1.40719
1.40005
1.39513
1.39328
1.39493
1.39977
1.40698
1.41553
1.42455
1.4337
1.44311
1.45316
1.46404
1.47545
1.48659
1.49639
1.50397
1.50913
1.51253
1.51547
1.51902
1.5233
1.52739
1.53002
1.53048
1.52891
1.52613
1.52299
1.51988
1.51615
1.51003
1.49922
1.48189
1.45789
1.42931
1.40007
1.37465
1.35658
1.34751
1.34715
1.35379
1.36499
1.37812
1.39103
1.40241
1.41174
1.41896
1.4241
1.42733
1.42906
1.43008
1.43129
1.43346
1.43694
1.44163
1.44709
1.45284
1.45847
1.46361
1.46772
1.46998
1.46966
1.46663
1.46153
1.45546
1.44927
1.44309
1.43627
1.42785
1.41699
1.40359
1.38845
1.37326
1.36009
1.35086
1.34677
1.34805
1.35391
1.36285
1.37298
1.38263
1.39056
1.39612
1.39917
1.39983
1.39843
1.39525
1.3903
1.38334
1.37397
1.36197
1.34755
1.33145
1.315
1.3002
1.28946
1.28514
1.2888
1.30103
1.32164
1.3497
1.38316
1.41856
1.45165
1.47862
1.49717
1.50667
1.50794
1.50263
1.49273
1.48041
1.46797
1.45778
1.45193
1.45172
1.45696
1.46593
1.4759
1.48406
1.48829
1.48755
1.48179
1.47177
1.45872
1.44398
1.42856
1.41302
1.39795
1.3844
1.37386
1.36767
1.3665
1.37027
1.37853
1.391
1.40759
1.42791
1.45072
1.47397
1.49547
1.51367
1.52796
1.53846
1.54566
1.55015
1.55251
1.55328
1.55284
1.55107
1.54746
1.54133
1.53235
1.52099
1.50872
1.49753
1.48899
1.48316
1.47819
1.47137
1.46081
1.44681
1.43183
1.41913
1.41107
1.40816
1.40951
1.41403
1.42114
1.43059
1.44169
1.45309
1.46325
1.47121
1.47699
1.48146
1.48595
1.49159
1.49885
1.50731
1.51573
1.52248
1.52595
1.52508
1.51951
1.50982
1.49754
1.4849
1.47443
1.46831
1.46776
1.47272
1.48199
1.49365
1.50555
1.51591
1.52367
1.5287
1.53166
1.53357
1.53509
1.53587
1.53464
1.52981
1.52024
1.50583
1.48775
1.46823
1.44986
1.43463
1.42317
1.41512
1.40999
1.40825
1.41123
1.4203
1.4356
1.45543
1.47674
1.49642
1.51225
1.52311
1.52881
1.52976
1.5267
1.52085
1.51377
1.50713
1.50226
1.49964
1.49865
1.49777
1.49517
1.48951
1.48044
1.46898
1.45724
1.44774
1.44266
1.44316
1.44898
1.45863
1.46995
1.48074
1.48916
1.49402
1.49482
1.49164
1.485
1.4756
1.46411
1.45114
1.43744
1.42387
1.4113
1.40038
1.3913
1.38398
1.37853
1.3754
1.37536
1.37928
1.38789
1.4017
1.42094
1.44549
1.47458
1.50659
1.53887
1.56799
1.59019
1.60222
1.60208
1.58961
1.56675
1.53709
1.50497
1.47453
1.44882
1.42966
1.41776
1.413
1.41453
1.42072
1.42927
1.4376
1.44336
1.44499
1.44212
1.43576
1.42833
1.42339
1.42478
1.43504
1.45414
1.4794
1.50686
1.53283
1.55467
1.57065
1.57965
1.58098
1.57429
1.55965
1.53778
1.51048
1.48106
1.45394
1.43373
1.42364
1.42433
1.434
1.44921
1.46618
1.48179
1.49411
1.50244
1.50696
1.50828
1.50711
1.5041
1.49977
1.49442
1.48792
1.47969
1.46885
1.45474
1.43767
1.41973
1.40484
1.39735
1.40004
1.41292
1.43407
1.46094
1.49094
1.52146
1.54992
1.57402
1.59211
1.60343
1.60803
1.60663
1.60041
1.59072
1.57886
1.56575
1.552
1.53786
1.52343
1.5087
1.49366
1.47846
1.4635
1.4494
1.43699
1.42714
1.42061
1.418
1.41963
1.42561
1.43582
1.44982
1.46667
1.48485
1.50238
1.51713
1.52713
1.5309
1.52752
1.51683
1.49986
1.47955
1.46103
1.45021
1.45106
1.46352
1.48381
1.50667
1.5275
1.54331
1.55267
1.55525
1.55122
1.5411
1.52588
1.50739
1.48846
1.47257
1.46305
1.46183
1.46846
1.48008
1.49271
1.50274
1.50784
1.50713
1.50105
1.49124
1.48005
1.4699
1.46256
1.45868
1.4578
1.45896
1.46112
1.4634
1.46515
1.46632
1.4676
1.47004
1.47421
1.4794
1.48385
1.4853
1.48187
1.47285
1.45928
1.44382
1.43007
1.42147
1.42025
1.4267
1.43914
1.45434
1.46845
1.47786
1.47982
1.47277
1.45647
1.43209
1.40218
1.3703
1.34035
1.31608
1.30109
1.29907
1.31276
1.34195
1.38283
1.42965
1.47675
1.51953
1.55469
1.58025
1.59564
1.60152
1.5993
1.59073
1.5773
1.55994
1.53896
1.51453
1.4873
1.4587
1.43104
1.40705
1.38917
1.37877
1.37571
1.37867
1.38578
1.39526
1.40573
1.41636
1.42687
1.43742
1.44826
1.45918
1.46929
1.47725
1.48186
1.48261
1.4797
1.47398
1.46697
1.46088
1.45801
1.4599
1.4666
1.47669
1.48828
1.49981
1.51076
1.52156
1.53304
1.54556
1.55847
1.57026
1.57936
1.5849
1.58693
1.5859
1.58204
1.57518
1.56506
1.5519
1.53665
1.52111
1.50753
1.49792
1.49327
1.49312
1.49602
1.50044
1.50543
1.51075
1.51649
1.52274
1.52944
1.53635
1.54309
1.54907
1.55339
1.555
1.55296
1.54702
1.53797
1.52742
1.51712
1.50801
1.49981
1.49131
1.48119
1.46871
1.45396
1.43785
1.42165
1.40665
1.39384
1.38386
1.37703
1.37346
1.37321
1.37632
1.38279
1.39236
1.40429
1.41738
1.43031
1.44201
1.45188
1.45974
1.46569
1.46982
1.47211
1.47246
1.47106
1.46859
1.46621
1.46522
1.46652
1.47013
1.47522
1.48035
1.48397
1.48463
1.48127
1.47324
1.46046
1.44349
1.42344
1.40178
1.38006
1.35995
1.34322
1.33185
1.32764
1.33165
1.34357
1.36142
1.38183
1.4009
1.41537
1.42336
1.42472
1.42068
1.41344
1.40557
1.39951
1.39707
1.3992
1.40597
1.41673
1.43043
1.44592
1.46219
1.47854
1.49439
1.50907
1.52179
1.53169
1.53808
1.54073
1.54016
1.53763
1.53491
1.5337
1.5348
1.53761
1.54025
1.54015
1.53511
1.52412
1.5078
1.48846
1.46964
1.45506
1.44728
1.44688
1.45235
1.46099
1.46992
1.4769
1.48072
1.48116
1.47866
1.47372
1.46628
1.45568
1.44122
1.42294
1.40205
1.38071
1.36134
1.34587
1.33539
1.3299
1.32849
1.32973
1.33209
1.33437
1.33608
1.33736
1.33858
1.33999
1.3416
1.3435
1.34616
1.35057
1.35793
1.36902
1.38366
1.40073
1.41854
1.43519
1.44891
1.45816
1.46193
1.45999
1.45277
1.44116
1.42637
1.40988
1.39355
1.37981
1.37125
1.36997
1.37656
1.38956
1.40573
1.42096
1.43163
1.43572
1.43348
1.42718
1.42003
1.41458
1.41155
1.40977
1.40731
1.40237
1.39399
1.38193
1.36654
1.34858
1.32929
1.31027
1.29351
1.28138
1.27652
1.28107
1.29558
1.31832
1.34586
1.37436
1.40069
1.42291
1.4401
1.45197
1.45845
1.45958
1.45557
1.44736
1.43711
1.42826
1.42447
1.42792
1.43812
1.45233
1.46712
1.47978
1.48884
1.49388
1.49517
1.49358
1.49071
1.48855
1.48864
1.49094
1.49359
1.49373
1.48888
1.47802
1.46166
1.44123
1.41824
1.394
1.36961
1.34641
1.32647
1.31284
1.30908
1.31805
1.3403
1.37324
1.41173
1.44981
1.48236
1.50583
1.51821
1.51888
1.50865
1.49005
1.46751
1.44703
1.43486
1.43523
1.44834
1.47013
1.49424
1.5148
1.52805
1.53247
1.52819
1.51647
1.49935
1.47916
1.45795
1.43708
1.41742
1.39948
1.38332
1.36839
1.35375
1.33871
1.32352
1.30984
1.30065
1.29942
1.30868
1.32893
1.35818
1.39259
1.42751
1.45836
1.48151
1.49475
1.49751
1.49097
1.47774
1.46136
1.44544
1.43284
1.42522
1.42311
1.42628
1.4343
1.44665
1.46248
1.48055
1.49905
1.51627
1.53117
1.54379
1.55511
1.56623
1.57747
1.58798
1.59609
1.60012
1.59892
1.59213
1.58004
1.5633
1.5426
1.51854
1.49185
1.46364
1.43551
1.40933
1.3869
1.36979
1.35957
1.35772
1.36461
1.37824
1.39437
1.40841
1.41729
1.41995
1.41676
1.40892
1.39795
1.38548
1.37312
1.36234
1.35436
1.35003
1.34977
1.35381
1.36243
1.37607
1.39493
1.41835
1.44461
1.47139
1.49646
1.51849
1.53715
1.55282
1.56618
1.5777
1.58743
1.5948
1.59869
1.59772
1.59056
1.57629
1.55491
1.52771
1.49755
1.46864
1.44571
1.4323
1.42931
1.43479
1.44511
1.45635
1.46519
1.46938
1.46803
1.46206
1.45419
1.448
1.4462
1.44923
1.45551
1.46294
1.47003
1.47588
1.47967
1.48033
1.47687
1.46887
1.45691
1.44259
1.42838
1.41726
1.41212
1.41503
1.42662
1.44582
1.46998
1.49551
1.51836
1.53466
1.54109
1.53562
1.51795
1.48988
1.45514
1.41861
1.38514
1.35848
1.34056
1.33169
1.33095
1.33703
1.3486
1.36438
1.38299
1.40274
1.42186
1.43893
1.45342
1.46581
1.47726
1.48885
1.5009
1.51268
1.52267
1.52925
1.53144
1.52929
1.52399
1.51752
1.512
1.50907
1.50946
1.51284
1.51797
1.52303
1.526
1.52514
1.51932
1.50828
1.49243
1.47283
1.45115
1.42976
1.41133
1.39823
1.39185
1.39233
1.39856
1.40852
1.42019
1.43251
1.44571
1.46067
1.47771
1.49565
1.51195
1.52374
1.5291
1.52795
1.52221
1.51522
1.51064
1.51124
1.51806
1.52987
1.54327
1.55337
1.5556
1.54743
1.52953
1.50563
1.48129
1.4619
1.45082
1.44827
1.45173
1.45746
1.46216
1.46398
1.46274
1.4594
1.45538
1.45192
1.44966
1.44854
1.44795
1.44691
1.44424
1.43893
1.4304
1.41905
1.40659
1.39573
1.38915
1.38839
1.39401
1.40641
1.42594
1.45195
1.48189
1.5118
1.53765
1.55658
1.56728
1.56987
1.5656
1.55658
1.54539
1.53474
1.5269
1.52333
1.52447
1.52975
1.53789
1.5473
1.55642
1.56398
1.56907
1.57085
1.56851
1.56148
1.54996
1.53476
1.51621
1.49329
1.46419
1.42837
1.38824
1.34917
1.31771
1.29885
1.294
1.30069
1.31404
1.32889
1.34146
1.35069
1.35915
1.37257
1.39642
1.43105
1.4706
1.507
1.53463
1.55198
1.56121
1.56624
1.57057
1.57589
1.58198
1.58721
1.5888
1.58366
1.56974
1.54739
1.51942
1.48996
1.46293
1.44064
1.42326
1.40923
1.39603
1.38124
1.3634
1.34262
1.32071
1.30091
1.28692
1.28172
1.28647
1.30031
1.32096
1.34569
1.37208
1.39821
1.42262
1.44407
1.46144
1.4737
1.48005
1.4802
1.47456
1.46439
1.45159
1.43861
1.42829
1.42344
1.4262
1.43704
1.4541
1.47362
1.49124
1.50344
1.50836
1.50587
1.49721
1.48406
1.46793
1.45
1.43198
1.41674
1.40794
1.40818
1.41733
1.43264
1.45035
1.46747
1.48247
1.49486
1.50447
1.51095
1.51382
1.51296
1.50908
1.50389
1.49955
1.49757
1.49843
1.50199
1.50788
1.51532
1.5229
1.52898
1.53262
1.53424
1.53551
1.53849
1.5445
1.5535
1.56421
1.57455
1.58235
1.58583
1.58407
1.57705
1.56567
1.55135
1.53551
1.51896
1.5017
1.48317
1.46291
1.44113
1.41872
1.39754
1.3811
1.37499
1.38397
1.40722
1.43789
1.46811
1.49341
1.51273
1.52656
1.53555
1.54014
1.5409
1.53881
1.53517
1.53142
1.52867
1.52748
1.52772
1.52845
1.52789
1.52379
1.51414
1.49804
1.47654
1.45296
1.43237
1.41985
1.41855
1.42808
1.44472
1.46298
1.47759
1.48484
1.48305
1.4723
1.45398
1.43032
1.40413
1.37859
1.35687
1.34135
1.33296
1.33113
1.33427
1.34068
1.34931
1.36019
1.37431
1.39264
1.41531
1.4411
1.46787
1.49343
1.51614
1.53508
1.54974
1.5596
1.56398
1.5624
1.55519
1.54393
1.53147
1.52128
1.51648
1.51894
1.52871
1.5439
1.56125
1.57704
1.58795
1.59182
1.58785
1.57654
1.55939
1.53847
1.51617
1.49496
1.47705
1.46397
1.45622
1.45307
1.4529
1.45368
1.45348
1.45093
1.44569
1.43861
1.43153
1.42652
1.42502
1.42727
1.43237
1.43898
1.44637
1.45509
1.46636
1.48062
1.49639
1.51078
1.52087
1.52471
1.52169
1.51279
1.50079
1.48985
1.48399
1.48512
1.49205
1.50139
1.50928
1.51296
1.51151
1.50573
1.49768
1.4899
1.48473
1.48355
1.48644
1.49228
1.49916
1.50491
1.50754
1.50573
1.49912
1.48871
1.47685
1.46645
1.45975
1.4574
1.45864
1.46183
1.46504
1.46649
1.46508
1.46061
1.45364
1.44532
1.43737
1.43201
1.43177
1.43874
1.4536
1.47486
1.49921
1.52267
1.54247
1.55849
1.57333
1.59051
1.61188
1.63624
1.66016
1.67969
1.69151
1.69334
1.68402
1.66355
1.63311
1.595
1.55243
1.50907
1.46868
1.43462
1.40944
1.39464
1.39035
1.39498
1.40543
1.41779
1.42844
1.43516
1.43785
1.43814
1.43827
1.43972
1.44261
1.44616
1.44937
1.45163
1.45274
1.45276
1.4518
1.45003
1.44767
1.445
1.44243
1.44058
1.44026
1.44226
1.447
1.45438
1.46373
1.47403
1.4844
1.49442
1.50436
1.51529
1.52846
1.54444
1.56245
1.58038
1.59558
1.60577
1.60978
1.60783
1.60137
1.59256
1.58354
1.57558
1.56864
1.56157
1.55269
1.54056
1.52458
1.50524
1.48409
1.4636
1.44675
1.43649
1.43491
1.44262
1.45866
1.48093
1.50701
1.53466
1.56176
1.58598
1.60477
1.61586
1.6179
1.61084
1.59607
1.57606
1.55382
1.5324
1.51429
1.50101
1.49284
1.48903
1.48831
1.4893
1.49084
1.49179
1.49108
1.4879
1.48194
1.47367
1.46414
1.45481
1.44726
1.44295
1.44311
1.44845
1.45886
1.47311
1.48901
1.50418
1.51666
1.52531
1.52977
1.53032
1.52782
1.52346
1.5185
1.51382
1.50987
1.50682
1.50485
1.50448
1.5065
1.51169
1.52054
1.53301
1.54825
1.56449
1.57925
1.59
1.59477
1.59248
1.58282
1.56623
1.54395
1.51824
1.49237
1.46995
1.45369
1.44433
1.44087
1.44152
1.44465
1.449
1.45334
1.45638
1.45698
1.45468
1.45006
1.4448
1.44131
1.44177
1.44716
1.4566
1.46792
1.4785
1.48628
1.4901
1.48981
1.48613
1.48043
1.47446
1.46974
1.46689
1.46526
1.46286
1.45681
1.44455
1.42502
1.39941
1.37115
1.34504
1.32585
1.31705
1.32017
1.33475
1.35866
1.38841
1.41954
1.44721
1.46724
1.47733
1.47786
1.47194
1.46414
1.4583
1.45613
1.45751
1.46184
1.46877
1.47839
1.49076
1.5055
1.52148
1.53699
1.55042
1.56036
1.56539
1.56382
1.55425
1.53637
1.51178
1.48418
1.45861
1.43958
1.42931
1.4271
1.43032
1.43592
1.44153
1.446
1.44924
1.45213
1.4561
1.4627
1.47306
1.48735
1.50451
1.52242
1.53868
1.55138
1.55979
1.56445
1.56683
1.56868
1.57139
1.57558
1.58094
1.5863
1.58992
1.58994
1.5849
1.57415
1.55815
1.53852
1.51777
1.49876
1.48404
1.47527
1.4728
1.47587
1.48292
1.49216
1.50208
1.51166
1.52041
1.52829
1.53572
1.54321
1.55082
1.55781
1.5626
1.56353
1.55952
1.55046
1.53704
1.52033
1.50146
1.48138
1.4609
1.44095
1.42269
1.40741
1.39628
1.3901
1.38915
1.39327
1.40195
1.41444
1.42966
1.44621
1.46239
1.47648
1.48709
1.49338
1.49532
1.49365
1.48969
1.48502
1.48109
1.47904
1.47981
1.48405
1.49209
1.50371
1.51793
1.5329
1.54615
1.55509
1.55776
1.55321
1.54168
1.52435
1.50313
1.48017
1.45727
1.4357
1.41618
1.39923
1.38563
1.37663
1.37366
1.37764
1.38841
1.40459
1.42403
1.4445
1.46416
1.48188
1.49701
1.50922
1.51806
1.52272
1.52219
1.51563
1.50296
1.48509
1.46398
1.44212
1.4222
1.40656
1.39706
1.39488
1.40019
1.41171
1.42688
1.44247
1.45541
1.46371
1.46681
1.46569
1.46229
1.45881
1.45699
1.45778
1.46145
1.46783
1.47634
1.48574
1.49398
1.4988
1.49891
1.49511
1.49031
1.48812
1.49082
1.49835
1.50876
1.51967
1.5293
1.53663
1.54137
1.54366
1.54382
1.54204
1.53808
1.5313
1.52103
1.50715
1.49078
1.4745
1.46178
1.45589
1.4585
1.46891
1.48431
1.50091
1.5154
1.52603
1.5326
1.53567
1.53558
1.53235
1.52632
1.51831
1.50919
1.4994
1.48942
1.48095
1.47718
1.48058
1.49013
1.50159
1.51103
1.51735
1.52167
1.52547
1.52917
1.53187
1.53201
1.52849
1.52172
1.51373
1.50706
1.5032
1.50219
1.50336
1.50588
1.50911
1.51254
1.51588
1.51901
1.52176
1.52385
1.52484
1.52439
1.52237
1.51891
1.51422
1.50843
1.50144
1.49323
1.48419
1.47548
1.46901
1.46695
1.47078
1.48059
1.49491
1.51124
1.52699
1.54031
1.55038
1.55741
1.56226
1.56601
1.56949
1.57295
1.57605
1.57811
1.57837
1.57619
1.57104
1.56257
1.5507
1.53611
1.52047
1.50629
1.49603
1.49111
1.49159
1.49666
1.50533
1.51684
1.53048
1.54509
1.55904
1.57058
1.57867
1.58335
1.58529
1.58512
1.58283
1.578
1.57043
1.56045
1.54885
1.53651
1.52408
1.51185
1.49998
1.48874
1.47861
1.47047
1.46549
1.46486
1.46947
1.47939
1.49367
1.51052
1.52766
1.54288
1.55432
1.56074
1.56148
1.55659
1.54696
1.53422
1.52047
1.50756
1.49651
1.48739
1.4797
1.47303
1.46735
1.46302
1.46036
1.45931
1.45956
1.46071
1.46264
1.46566
1.47024
1.4768
1.48542
1.49586
1.50746
1.51927
1.53033
1.54004
1.54862
1.55687
1.56572
1.57539
1.58518
1.59383
1.60017
1.60374
1.60491
1.6045
1.60328
1.60148
1.59869
1.59429
1.58798
1.57981
1.56984
1.55756
1.54202
1.52264
1.50032
1.47791
1.459
1.44598
1.43884
1.43611
1.43628
1.43847
1.44203
1.4462
1.45032
1.45447
1.46019
1.47032
1.48745
1.51185
1.54056
1.56894
1.59283
1.60988
1.61943
1.62184
1.61774
1.60774
1.59238
1.57223
1.54808
1.52109
1.49312
1.46694
1.44582
1.43256
1.42824
1.43163
1.43997
1.45043
1.46117
1.47163
1.4821
1.49305
1.50443
1.51553
1.52528
1.53262
1.53691
1.53777
1.53503
1.52861
1.51855
1.50546
1.49079
1.47685
1.46605
1.4598
1.45777
1.45828
1.45925
1.45874
1.45513
1.44715
1.43419
1.41687
1.39743
1.3795
1.36717
1.36372
1.37052
1.38656
1.40887
1.43382
1.45849
1.48133
1.50165
1.51886
1.53174
1.53843
1.53685
1.52545
1.50385
1.47321
1.4362
1.39677
1.35925
1.32718
1.3024
1.28491
1.27358
1.26722
1.26533
1.26829
1.27704
1.29235
1.31411
1.3411
1.37143
1.40317
1.43458
1.46401
1.48996
1.5112
1.52699
1.53723
1.54215
1.54209
1.53727
1.52775
1.5136
1.49528
1.47388
1.45116
1.42928
1.41031
1.39557
1.38536
1.37907
1.37556
1.37398
1.37424
1.37722
1.38433
1.39686
1.41515
1.4382
1.46353
1.4879
1.50809
1.52172
1.52766
1.52609
1.51816
1.50561
1.49035
1.47424
1.45921
1.44736
1.44069
1.44037
1.44596
1.45524
1.46518
1.47298
1.4768
1.47609
1.47146
1.46449
1.45716
1.45125
1.44765
1.44611
1.44567
1.44567
1.44645
1.44919
1.455
1.46389
1.47461
1.48538
1.49469
1.50174
1.50615
1.50758
1.50543
1.49901
1.48793
1.4726
1.45441
1.43566
1.419
1.40676
1.40022
1.39928
1.40261
1.40832
1.41472
1.42097
1.42717
1.43402
1.44218
1.45187
1.46274
1.47397
1.48456
1.49349
1.5
1.50384
1.50532
1.50541
1.50557
1.50725
1.51107
1.51624
1.52096
1.52365
1.5241
1.5236
1.5238
1.52537
1.52721
1.52705
1.5228
1.51365
1.5004
1.48514
1.47067
1.4599
1.45528
1.45838
1.46971
1.48876
1.51407
1.54328
1.57324
1.60023
1.62058
1.63119
1.63021
1.61762
1.59531
1.56696
1.53736
1.5115
1.49333
1.48474
1.48519
1.4921
1.50203
1.51202
1.52037
1.52669
1.53149
1.53539
1.5387
1.54131
1.54298
1.54386
1.54463
1.54609
1.54816
1.54939
1.54757
1.54094
1.52906
1.51271
1.49332
1.4726
1.45258
1.4359
1.42581
1.42533
1.43599
1.45648
1.48274
1.50933
1.53122
1.54484
1.54834
1.54154
1.52589
1.50443
1.48143
1.46173
1.44969
1.44803
1.45731
1.47599
1.5011
1.52901
1.55598
1.57873
1.59466
1.60213
1.60049
1.59021
1.57288
1.55115
1.52857
1.50889
1.49509
1.48844
1.4883
1.49259
1.49878
1.50485
1.50975
1.5134
1.51624
1.51881
1.52134
1.52376
1.52574
1.52705
1.52769
1.52804
1.52859
1.52947
1.53001
1.5289
1.52469
1.5164
1.50378
1.48731
1.46813
1.44811
1.4298
1.41606
1.40905
1.4091
1.41439
1.42191
1.42866
1.43261
1.43327
1.43169
1.43006
1.43094
1.43588
1.44467
1.45523
1.46456
1.47003
1.47036
1.46622
1.46012
1.45556
1.45571
1.46187
1.47276
1.48485
1.49393
1.49679
1.49253
1.48284
1.47143
1.46254
1.45944
1.46352
1.47434
1.4899
1.5072
1.52325
1.53609
1.54551
1.55298
1.5609
1.57123
1.58438
1.59897
1.61257
1.62279
1.62807
1.62812
1.62387
1.61715
1.60998
1.60344
1.59696
1.58843
1.57527
1.55573
1.52969
1.49907
1.46749
1.43955
1.41962
1.41067
1.41366
1.42755
1.44981
1.47712
1.50596
1.53324
1.55667
1.57496
1.58767
1.59505
1.59771
1.5964
1.59172
1.58394
1.5732
1.55968
1.54394
1.52698
1.51008
1.49447
1.48104
1.47005
1.4612
1.45377
1.44691
1.43991
1.43252
1.42499
1.41816
1.41341
1.41248
1.41668
1.42614
1.43997
1.45701
1.47654
1.49825
1.52182
1.54661
1.5717
1.59616
1.61928
1.64055
1.6595
1.6755
1.68789
1.69637
1.70124
1.70329
1.70353
1.70276
1.70128
1.69878
1.69437
1.68687
1.67532
1.65942
1.64017
1.61977
1.60055
1.58323
1.56636
1.54797
1.52791
1.50834
1.49219
1.48089
1.47357
1.46796
1.46149
1.45189
1.43777
1.41921
1.39839
1.37944
1.36722
1.36549
1.37523
1.39428
1.41804
1.4408
1.45717
1.46313
1.45645
1.4368
1.40559
1.366
1.32301
1.28345
1.25494
1.2434
1.25013
1.27137
1.30149
1.33663
1.37508
1.415
1.45278
1.48443
1.50804
1.52452
1.53635
1.54585
1.55413
1.56088
1.56483
1.56462
1.55971
1.55087
1.5399
1.52868
1.51829
1.50865
1.49924
1.48975
1.48042
1.47197
1.46513
1.46043
1.45806
1.45792
1.45978
1.46343
1.4689
1.47645
1.48644
1.49893
1.51329
1.52782
1.53971
1.5455
1.54205
1.52749
1.50226
1.46954
1.43467
1.40359
1.38088
1.36846
1.36563
1.37016
1.37945
1.3913
1.40418
1.41715
1.4299
1.44254
1.45528
1.46792
1.47969
1.48932
1.49553
1.49754
1.49524
1.48912
1.47999
1.46871
1.45618
1.44331
1.43132
1.42175
