0     0     0
0.064633     0     0
0.129266     0     0
0.193899     0     0
0.258532     0     0
0.323165     0     0
0.387798     0     0
0.452431     0     0
0.517064     0     0
0.581697     0     0
0.64633     0     0
0.710963     0     0
0.775596     0     0
0.84023     0.00347236     0.00316462
0.904863     0.183409     0.0363297
0.969496     1.04686     0.0869682
1.03413     1.74846     0.136241
1.09876     1.88611     0.123271
1.16339     1.70428     0.0996511
1.22803     1.51488     0.0863714
1.29266     1.40166     0.0826761
1.35729     1.32236     0.0725931
1.42193     1.22737     0.0652605
1.48656     1.17598     0.0576925
1.55119     1.13299     0.0528395
1.61583     1.0782     0.0479566
1.68046     1.03119     0.0484325
1.74509     0.999648     0.0413546
1.80973     1.03269     0.0450605
1.87436     0.98074     0.0362819
1.93899     1.01172     0.0365353
2.00362     0.982161     0.0370134
2.06826     0.994855     0.0319865
2.13289     0.991973     0.0319949
2.19752     0.973588     0.0356935
2.26216     0.974222     0.0298644
2.32679     0.974279     0.0304727
2.39142     0.982894     0.0278905
2.45606     0.989426     0.028489
2.52069     0.963594     0.0274173
2.58532     0.972102     0.02764
2.64995     0.957771     0.0286102
2.71459     0.95332     0.0238721
2.77922     0.962885     0.0264327
2.84385     0.978381     0.0244843
2.90849     0.991184     0.024506
2.97312     0.97176     0.0230708
3.03775     0.981285     0.0214965
3.10239     0.985154     0.0224161
3.16702     0.980883     0.0217203
3.23165     0.972418     0.0212864
3.29629     0.964284     0.0201321
3.36092     0.978961     0.0199415
3.42555     0.977071     0.01948
3.49018     0.975551     0.0188397
3.55482     0.982259     0.0181469
3.61945     0.98476     0.0184118
3.68408     0.971071     0.0178697
3.74872     0.964413     0.0182696
3.81335     0.981681     0.018037
3.87798     0.978705     0.0175551
3.94262     0.986632     0.0172599
4.00725     0.968885     0.0163614
4.07188     0.968827     0.0165542
4.13651     0.975252     0.0167997
4.20115     0.97938     0.0161487
4.26578     0.983095     0.0164368
4.33041     0.982782     0.0149272
4.39505     1.00275     0.0150944
4.45968     0.99681     0.015067
4.52431     0.985505     0.0154857
4.58895     0.984175     0.0149382
4.65358     0.977324     0.014026
4.71821     0.966519     0.0138969
4.78285     0.97958     0.0145469
4.84748     0.977153     0.0143098
4.91211     0.984315     0.0144448
4.97674     0.976061     0.0142181
5.04138     0.972922     0.014159
5.10601     0.976536     0.0139069
5.17064     0.980054     0.0133874
5.23528     0.974844     0.0134501
5.29991     0.980295     0.0132014
5.36454     0.980555     0.013005
5.42918     0.988598     0.0130957
5.49381     0.99715     0.0136887
5.55844     0.974086     0.0129494
5.62307     0.967604     0.0126218
5.68771     0.973315     0.012275
5.75234     0.995664     0.0129109
5.81697     0.995761     0.0128352
5.88161     0.986411     0.0127379
5.94624     0.983368     0.0119111
6.01087     0.992436     0.0120806
6.07551     0.985128     0.011837
6.14014     0.982831     0.0116521
6.20477     0.983822     0.0118118
6.2694     0.980791     0.0120255
6.33404     0.974491     0.0115122
6.39867     0.984096     0.0115982
