1   1   0
2   1.12357   0.00436531
3   1.14289   0.00441716
4   1.15741   0.00528938
5   1.14866   0.00519145
6   1.15141   0.00543158
7   1.15447   0.00530715
8   1.14697   0.00518691
9   1.15566   0.00576285
10   1.1572   0.00555832
11   1.15016   0.00538297
12   1.15839   0.00471555
13   1.15818   0.00512125
14   1.15738   0.00580968
15   1.15932   0.00512365
16   1.15575   0.00494319
17   1.14094   0.00582009
18   1.15082   0.00503229
19   1.15265   0.00487003
20   1.14797   0.00494283
21   1.14916   0.00533048
22   1.15364   0.00493152
23   1.15844   0.00515787
24   1.15442   0.00448623
25   1.15678   0.00533744
26   1.15259   0.0051092
27   1.15383   0.0048504
28   1.15651   0.00579956
29   1.15363   0.00551032
30   1.15276   0.00487708
31   1.16015   0.00508055
32   1.16421   0.00553357
33   1.15417   0.00537141
34   1.14957   0.00477409
35   1.15528   0.0052977
36   1.15875   0.00566677
37   1.15605   0.00553564
38   1.15873   0.0048287
39   1.16369   0.00547271
40   1.15524   0.00561491
41   1.15212   0.00590035
42   1.15877   0.00446811
43   1.15637   0.00523836
44   1.13791   0.00577284
45   1.1506   0.00562717
46   1.15494   0.00586717
47   1.16079   0.00479866
48   1.15024   0.0050699
49   1.15667   0.00508879
50   1.16184   0.00548742
51   1.16441   0.00527547
52   1.16124   0.00528798
53   1.15101   0.00501369
54   1.15543   0.00487373
55   1.15213   0.00465672
56   1.15564   0.00511407
57   1.1547   0.00530917
58   1.15578   0.00486861
59   1.15678   0.00487561
60   1.16033   0.00508401
61   1.15473   0.00488868
62   1.15772   0.00499031
63   1.15228   0.00568297
64   1.15446   0.00491689
65   1.14778   0.00548339
66   1.15117   0.00441289
67   1.16238   0.00515081
68   1.15296   0.00452597
69   1.14999   0.00525576
70   1.15025   0.00511189
71   1.1482   0.00466074
72   1.15578   0.00521271
73   1.15345   0.00521616
74   1.15896   0.0048415
75   1.15489   0.00461934
76   1.15204   0.00485622
77   1.16076   0.00463673
78   1.15563   0.00497523
79   1.15276   0.00497954
80   1.15742   0.00543557
81   1.16041   0.00534583
82   1.16029   0.00494069
83   1.165   0.00511782
84   1.15996   0.0058705
85   1.16234   0.00491964
86   1.16252   0.00495176
87   1.1498   0.00535254
88   1.14099   0.00518294
89   1.16367   0.00517342
90   1.15807   0.00474122
91   1.15237   0.00553125
92   1.15962   0.00554334
93   1.15768   0.00534251
94   1.16029   0.00535847
95   1.14837   0.00562366
96   1.15117   0.00530712
97   1.14938   0.00546565
98   1.15093   0.0051503
99   1.1487   0.00545212
100   1.15286   0.0054594
101   1.16241   0.00473252
102   1.15248   0.00512556
103   1.15885   0.00526649
104   1.15754   0.00469253
105   1.15127   0.00628339
106   1.15908   0.00510553
107   1.15432   0.00568323
108   1.1526   0.00504861
109   1.16361   0.00506264
110   1.15376   0.00452739
111   1.15062   0.00604957
112   1.1516   0.00554899
113   1.15318   0.00522467
114   1.1444   0.00495337
115   1.15205   0.00534839
116   1.15875   0.00536951
117   1.15218   0.00542288
118   1.14972   0.00511493
119   1.15119   0.00477352
120   1.14922   0.00524656
121   1.15281   0.00571957
122   1.15877   0.00529255
123   1.14872   0.00560733
124   1.15099   0.00467298
125   1.15465   0.00481486
126   1.15732   0.00547064
127   1.16005   0.00642909
128   1.15258   0.0051614
129   1.15376   0.00491701
130   1.1559   0.00486166
131   1.14702   0.00516386
132   1.1618   0.00524943
133   1.16515   0.00521699
134   1.15408   0.00495635
135   1.15942   0.00488162
136   1.15993   0.0056733
137   1.157   0.00535837
138   1.14809   0.0051593
139   1.1563   0.00510544
140   1.15333   0.00519145
141   1.15227   0.00495764
142   1.15077   0.00527418
143   1.15373   0.00480832
144   1.15571   0.00589697
145   1.15251   0.0053018
146   1.16006   0.00532019
147   1.16019   0.00486068
148   1.14687   0.00479538
149   1.15462   0.00546434
150   1.14583   0.00457515
151   1.1568   0.0052786
152   1.15295   0.00539382
153   1.15024   0.00531166
154   1.15511   0.00496252
155   1.1606   0.00591059
156   1.14734   0.00494118
157   1.15561   0.00521475
158   1.15629   0.00477439
159   1.15565   0.0049339
160   1.1517   0.00522369
161   1.15745   0.005279
162   1.16264   0.00528919
163   1.15841   0.00488985
164   1.14646   0.00425471
165   1.154   0.00490567
166   1.15736   0.00515474
167   1.15068   0.0051157
168   1.15426   0.00550975
169   1.15759   0.00551876
170   1.14697   0.00540575
171   1.15942   0.00491032
172   1.1592   0.00515745
173   1.15924   0.00518911
174   1.15975   0.00572394
175   1.15668   0.00475366
176   1.15372   0.00479568
177   1.15826   0.00512672
178   1.15286   0.00514224
179   1.15003   0.00516251
180   1.15387   0.00514215
181   1.1557   0.00575651
182   1.1632   0.00478256
183   1.16398   0.00591837
184   1.15575   0.00488108
185   1.1557   0.00476266
186   1.15684   0.00528643
187   1.1533   0.00520229
188   1.15568   0.00502794
189   1.15054   0.00521178
190   1.15325   0.0055546
191   1.15128   0.00466261
192   1.1538   0.00500711
193   1.14902   0.00483015
194   1.15201   0.00516352
195   1.15215   0.00576248
196   1.15756   0.00490442
197   1.15658   0.00516266
198   1.15502   0.00500353
199   1.15917   0.00531203
200   1.16924   0.00514131
201   1.15897   0.00529935
202   1.15221   0.00529399
203   1.15515   0.00499414
204   1.15062   0.00499525
205   1.15802   0.00486807
206   1.14643   0.00503764
207   1.15855   0.00468338
208   1.15639   0.00519822
209   1.15306   0.00553587
210   1.14404   0.00461166
211   1.14979   0.0049043
212   1.15991   0.00482425
213   1.1456   0.00562594
214   1.14481   0.00511969
215   1.15559   0.0051415
216   1.15974   0.0054468
217   1.1547   0.00490472
218   1.16172   0.00571639
219   1.15697   0.00540854
220   1.14613   0.00513175
221   1.14938   0.00520649
222   1.15134   0.00500764
223   1.14958   0.00518852
224   1.15026   0.00533214
225   1.14049   0.00518442
226   1.15195   0.00614868
227   1.15433   0.00495433
228   1.15836   0.00497202
229   1.14769   0.00444195
230   1.15133   0.00544907
231   1.14446   0.00588673
232   1.16238   0.00490765
233   1.15515   0.00512413
234   1.15796   0.00498051
235   1.15341   0.00547146
236   1.15691   0.00502305
237   1.15456   0.00521099
238   1.14952   0.00545339
239   1.15678   0.0057178
240   1.1585   0.004937
241   1.15583   0.00508989
242   1.1513   0.0052556
243   1.14919   0.00466249
244   1.1654   0.00577744
245   1.16169   0.00586013
246   1.16285   0.00466763
247   1.15017   0.00509274
248   1.14768   0.00486606
249   1.15819   0.00458604
250   1.1578   0.00457644
251   1.16603   0.00530268
252   1.15828   0.00530522
253   1.15844   0.00479188
254   1.15608   0.00526685
255   1.15031   0.00556289
256   1.14805   0.00576289
257   1.15239   0.00509621
258   1.15144   0.00484296
259   1.15723   0.00553658
260   1.15221   0.00434214
261   1.15793   0.00496225
262   1.15463   0.00574793
263   1.16096   0.00537563
264   1.15276   0.00534315
265   1.15012   0.00495489
266   1.15452   0.00510468
267   1.1602   0.00523146
268   1.15768   0.0049736
269   1.1591   0.00577929
270   1.15647   0.00503551
271   1.14186   0.00547002
272   1.14893   0.00507562
273   1.15504   0.00554888
274   1.15536   0.00497486
275   1.16005   0.00529346
276   1.15034   0.0053702
277   1.16212   0.0053228
278   1.15608   0.00473643
279   1.15527   0.00437509
280   1.15585   0.00526618
281   1.15156   0.0053262
282   1.14969   0.00480261
283   1.1539   0.00475215
284   1.15558   0.00533984
285   1.1521   0.00510748
286   1.16462   0.00534996
287   1.16369   0.00547714
288   1.16188   0.005323
289   1.15597   0.00481007
290   1.14993   0.00567354
291   1.15562   0.00514005
292   1.15366   0.0053245
293   1.14981   0.00484607
294   1.15222   0.00467749
295   1.15784   0.00537917
296   1.15662   0.00510548
297   1.15556   0.00474434
298   1.15724   0.00478447
299   1.15737   0.00532108
300   1.16034   0.00511145
301   1.15092   0.00579448
302   1.15585   0.0057027
303   1.15159   0.00536738
304   1.15864   0.00535839
305   1.14875   0.00589638
306   1.14891   0.00527504
307   1.15461   0.00485526
308   1.15208   0.00446615
309   1.15244   0.00507873
310   1.15911   0.00497139
311   1.17791   0.00458226
312   1.1578   0.00493825
313   1.15854   0.00489427
314   1.15041   0.00596952
315   1.15249   0.0047142
316   1.14795   0.00518019
317   1.16408   0.00531135
318   1.15586   0.00554079
319   1.15342   0.004782
320   1.15779   0.00547138
321   1.16861   0.00470478
322   1.16371   0.00490334
323   1.15525   0.00554882
324   1.15008   0.00520275
325   1.16092   0.00506862
326   1.16624   0.00474543
327   1.15103   0.00538425
328   1.15436   0.0050911
329   1.15653   0.00446556
330   1.15407   0.00548916
331   1.15168   0.00560973
332   1.15169   0.00569385
333   1.15786   0.00487396
334   1.14741   0.00522298
335   1.14871   0.00505265
336   1.14545   0.00514951
337   1.15299   0.00530176
338   1.15971   0.00565376
339   1.15916   0.00483549
340   1.15438   0.00517406
341   1.15739   0.00554556
342   1.16102   0.0049611
343   1.15584   0.00499997
344   1.1481   0.00541362
345   1.15545   0.00550506
346   1.16429   0.0051202
347   1.1608   0.00496245
348   1.15916   0.00490988
349   1.16656   0.00484347
350   1.15565   0.00573388
351   1.15695   0.00524714
352   1.15933   0.00472037
353   1.16291   0.00486834
354   1.14894   0.00519259
355   1.15571   0.00501217
356   1.15018   0.00497951
357   1.15572   0.00456582
358   1.16184   0.00558347
359   1.1564   0.00503584
360   1.1535   0.00500753
361   1.15388   0.00476765
362   1.15061   0.00472552
363   1.16466   0.00506212
364   1.15957   0.0051495
365   1.15942   0.00511243
366   1.1566   0.00592734
367   1.15985   0.00563606
368   1.163   0.0049239
369   1.15937   0.00551352
370   1.15337   0.00493316
371   1.15667   0.00498308
372   1.1534   0.00545457
373   1.15394   0.00505355
374   1.15289   0.00466806
375   1.15534   0.00543012
376   1.15403   0.0054779
377   1.15869   0.00479257
378   1.16438   0.00505519
379   1.16116   0.0049685
380   1.15776   0.00466088
381   1.15848   0.0047341
382   1.14844   0.00504161
383   1.15116   0.00468648
384   1.15277   0.00501703
385   1.1445   0.00493161
386   1.1571   0.00531844
387   1.15603   0.00530315
388   1.14938   0.00529032
389   1.15752   0.00471802
390   1.15573   0.00506286
391   1.15802   0.00620419
392   1.16026   0.00483786
393   1.14247   0.00485155
394   1.147   0.00460612
395   1.15427   0.00567909
396   1.16005   0.00454934
397   1.15846   0.00509949
398   1.16638   0.00425315
399   1.16658   0.00535306
400   1.15901   0.0056683
401   1.14822   0.00552094
402   1.15568   0.0052405
403   1.14919   0.00487258
404   1.15492   0.00567299
405   1.15249   0.00518764
406   1.14217   0.00469816
407   1.14713   0.00472944
408   1.14389   0.00518286
409   1.1469   0.00503532
410   1.16276   0.00473365
411   1.15092   0.00494227
412   1.15311   0.00556254
413   1.15009   0.00496741
414   1.1585   0.00588911
415   1.15879   0.00523741
416   1.15688   0.00499843
417   1.14934   0.00590359
418   1.14973   0.00558248
419   1.16654   0.00514546
420   1.16397   0.00555611
421   1.15408   0.00577431
422   1.15598   0.00480456
423   1.1612   0.00518122
424   1.16057   0.00556342
425   1.15382   0.00519268
426   1.15942   0.00533901
427   1.15557   0.0053597
428   1.15729   0.00429866
429   1.15696   0.0049015
430   1.15888   0.00505659
431   1.15321   0.00599008
432   1.15785   0.00519687
433   1.15979   0.00489352
434   1.15251   0.00465333
435   1.1562   0.00520561
436   1.1486   0.00500453
437   1.14876   0.00592728
438   1.15506   0.00531498
439   1.15399   0.00571217
440   1.16004   0.00478864
441   1.16124   0.00472918
442   1.15385   0.00499821
443   1.15257   0.00497547
444   1.15314   0.00492882
445   1.14974   0.00521844
446   1.1533   0.0055139
447   1.15363   0.00489294
448   1.15008   0.00500422
449   1.15105   0.00478295
450   1.15649   0.00483492
451   1.15677   0.00527395
452   1.14996   0.00520846
453   1.15448   0.00541838
454   1.15489   0.00512071
455   1.1563   0.00561738
456   1.15957   0.0050848
457   1.16277   0.00474618
458   1.15938   0.00536392
459   1.15285   0.00491133
460   1.1652   0.00504778
461   1.16305   0.00542977
462   1.16023   0.00555938
463   1.15534   0.00544794
464   1.15386   0.00465745
465   1.15752   0.00483893
466   1.15909   0.00464649
467   1.14365   0.00456935
468   1.14987   0.00482529
469   1.14658   0.00520851
470   1.14572   0.00512553
471   1.15185   0.00519848
472   1.15783   0.00489571
473   1.15694   0.00479852
474   1.15334   0.00513199
475   1.14854   0.00535401
476   1.15494   0.00539392
477   1.15686   0.00503264
478   1.16143   0.00537283
479   1.16816   0.00506436
480   1.16021   0.00488298
481   1.15202   0.00515354
482   1.15432   0.00489207
483   1.16232   0.00497616
484   1.16208   0.00502151
485   1.1512   0.00494668
486   1.15734   0.00621524
487   1.15164   0.00545312
488   1.14793   0.00506879
489   1.1459   0.00517276
490   1.15596   0.00500539
491   1.14953   0.00550184
492   1.1604   0.00513415
493   1.15466   0.00509878
494   1.15459   0.00545163
495   1.14799   0.00556533
496   1.15811   0.00590001
497   1.16022   0.00657368
498   1.14756   0.0053183
499   1.15045   0.00529539
500   1.15794   0.00490052
501   1.15875   0.00475974
502   1.16215   0.00468112
503   1.15241   0.00552408
504   1.15144   0.0052583
505   1.15744   0.00488135
506   1.15564   0.00548361
507   1.15517   0.00520128
508   1.15237   0.00503618
509   1.1557   0.00504119
510   1.16378   0.00513689
511   1.157   0.00533358
512   1.14234   0.00517625
513   1.15167   0.00541685
514   1.15647   0.00519941
515   1.15186   0.00451792
516   1.16092   0.00543566
517   1.16027   0.00525034
518   1.15709   0.00512443
519   1.14975   0.00505057
520   1.15277   0.00540026
521   1.15424   0.00525743
522   1.14888   0.00480618
523   1.14953   0.00471695
524   1.15833   0.00559198
525   1.15311   0.00569426
526   1.15027   0.00525589
527   1.15621   0.00484816
528   1.15572   0.00498967
529   1.15076   0.00493306
530   1.15354   0.00483313
531   1.15484   0.00511435
532   1.16098   0.0052792
533   1.15787   0.00553363
534   1.15164   0.00542835
535   1.15531   0.0055702
536   1.14975   0.00523624
537   1.15654   0.00498178
538   1.14452   0.00539226
539   1.15886   0.00578826
540   1.14777   0.00545411
541   1.14639   0.00527546
542   1.15116   0.00544718
543   1.15004   0.00511041
544   1.1535   0.00494828
545   1.15815   0.00558571
546   1.15763   0.0052176
547   1.15932   0.00490789
548   1.15385   0.00599208
549   1.15041   0.00546409
550   1.14867   0.00506119
551   1.14957   0.00538632
552   1.15514   0.00501921
553   1.14711   0.00464411
554   1.15594   0.00499746
555   1.15232   0.0052956
556   1.15701   0.00484607
557   1.15656   0.00501377
558   1.16022   0.00547389
559   1.15547   0.00472087
560   1.15262   0.00515543
561   1.15215   0.00564504
562   1.15317   0.00558518
563   1.14605   0.0052491
564   1.1471   0.00525464
565   1.15253   0.00552709
566   1.15839   0.00535803
567   1.15946   0.00523441
568   1.15224   0.00529204
569   1.15653   0.00571754
570   1.15064   0.00483487
571   1.15173   0.00461187
572   1.15008   0.00506172
573   1.14788   0.00468547
574   1.14821   0.00532887
575   1.15354   0.00522652
576   1.15608   0.00537971
577   1.1459   0.00497325
578   1.15324   0.00556113
579   1.1433   0.00489036
580   1.16614   0.00557665
581   1.16225   0.00554945
582   1.16109   0.00477118
583   1.15173   0.00487891
584   1.15208   0.0051755
585   1.15509   0.00519193
586   1.16049   0.00470459
587   1.15369   0.00554352
588   1.15385   0.00530469
589   1.15185   0.00546842
590   1.16013   0.00552864
591   1.1607   0.00531554
592   1.15113   0.00516646
593   1.15452   0.00482566
594   1.15082   0.00511657
595   1.15312   0.00447899
596   1.15264   0.00491918
597   1.15664   0.00510284
598   1.15295   0.00570894
599   1.15704   0.00503641
600   1.14851   0.00496749
601   1.15614   0.00503576
602   1.17116   0.00578288
603   1.16283   0.00540902
604   1.15588   0.00487934
605   1.14487   0.00505435
606   1.14795   0.00527609
607   1.154   0.00547446
608   1.14774   0.00443525
609   1.15011   0.00502432
610   1.1546   0.00554042
611   1.15622   0.00522782
612   1.16152   0.00580802
613   1.15208   0.0053564
614   1.1574   0.00509045
615   1.16104   0.00562008
616   1.16059   0.00520438
617   1.15982   0.00495615
618   1.15488   0.00478427
619   1.15116   0.00515096
620   1.14998   0.00576007
621   1.15221   0.00524249
622   1.16149   0.00506121
623   1.15927   0.00497231
624   1.15349   0.00517456
625   1.14701   0.00591703
626   1.15114   0.00578162
627   1.16174   0.0045647
628   1.15793   0.0046894
629   1.15637   0.00456736
630   1.15363   0.00531059
631   1.15363   0.00568163
632   1.14557   0.00521834
633   1.15068   0.00529358
634   1.15857   0.00505415
635   1.1552   0.0055909
636   1.16408   0.00557954
637   1.15926   0.00484037
638   1.14892   0.00487105
639   1.15557   0.00464966
640   1.15824   0.00494642
641   1.1547   0.00504605
642   1.15016   0.00551974
643   1.14289   0.00462448
644   1.16021   0.00565718
645   1.16362   0.00537793
646   1.14732   0.00527106
647   1.14661   0.00521404
648   1.15535   0.00578505
649   1.15956   0.00507665
650   1.1577   0.00501237
651   1.15076   0.00555259
652   1.15797   0.00567968
653   1.14624   0.00497223
654   1.15273   0.00541364
655   1.15825   0.00496532
656   1.15663   0.00487612
657   1.1497   0.00511125
658   1.15751   0.00556135
659   1.15795   0.00499922
660   1.16554   0.00562756
661   1.15211   0.00542031
662   1.15574   0.00543309
663   1.14888   0.00455038
664   1.15623   0.00506709
665   1.15629   0.00442222
666   1.15755   0.00501774
667   1.16006   0.00490304
668   1.15503   0.00522213
669   1.15715   0.00531232
670   1.1465   0.00484882
671   1.15352   0.00469042
672   1.15568   0.00454982
673   1.15662   0.00485795
674   1.15306   0.00517632
675   1.14605   0.00576679
676   1.15409   0.00520581
677   1.16464   0.00528654
678   1.15438   0.00526599
679   1.14619   0.00530691
680   1.15555   0.00516262
681   1.15073   0.00482166
682   1.14879   0.00467719
683   1.15905   0.00491684
684   1.16097   0.00491232
685   1.16035   0.00542061
686   1.15457   0.00482963
687   1.16482   0.00443893
688   1.15627   0.00444824
689   1.16063   0.00452711
690   1.15148   0.00499422
691   1.15335   0.00550405
692   1.16382   0.00565513
693   1.15455   0.00515862
694   1.14769   0.0048226
695   1.15084   0.00541956
696   1.15117   0.00473256
697   1.15924   0.00551112
698   1.15847   0.0054187
699   1.15856   0.00566417
700   1.14731   0.00474314
701   1.14693   0.00521417
702   1.15154   0.00515244
703   1.1607   0.00515605
704   1.15485   0.00537324
705   1.15279   0.00570176
706   1.15503   0.00518335
707   1.14849   0.00563345
708   1.15655   0.00440002
709   1.15662   0.00513029
710   1.15964   0.00569588
711   1.15919   0.00542556
712   1.15342   0.0056884
713   1.15818   0.00462582
714   1.15174   0.00495931
715   1.14664   0.00480278
716   1.15158   0.00500642
717   1.1549   0.0048009
718   1.15135   0.00512488
719   1.15432   0.00506892
720   1.15642   0.00515939
721   1.15377   0.00542225
722   1.15472   0.00435698
723   1.15432   0.00540527
724   1.1595   0.00518274
725   1.15103   0.00557803
726   1.16036   0.00547191
727   1.15641   0.00473968
728   1.14683   0.005499
729   1.14815   0.00534199
730   1.15465   0.0047213
731   1.15104   0.00548683
732   1.15367   0.00520727
733   1.1508   0.00467252
734   1.15833   0.0051182
735   1.15558   0.00440373
736   1.1559   0.00538826
737   1.15364   0.00493487
738   1.15437   0.00550346
739   1.14702   0.0050558
740   1.14829   0.00473907
741   1.1576   0.00502894
742   1.1638   0.00505358
743   1.16207   0.00546521
744   1.1622   0.00509834
745   1.16161   0.00524859
746   1.16166   0.00569535
747   1.16117   0.00488621
748   1.15616   0.00504126
749   1.16237   0.00490814
750   1.15503   0.00539179
751   1.15886   0.00562997
752   1.15502   0.00528209
753   1.1556   0.00542881
754   1.15609   0.00565714
755   1.15813   0.00489895
756   1.16005   0.00529962
757   1.1558   0.00464639
758   1.14853   0.00510115
759   1.15546   0.00487455
760   1.15686   0.00588706
761   1.14958   0.00541851
762   1.15587   0.00513686
763   1.15911   0.00501436
764   1.14512   0.00493501
765   1.1535   0.00500091
766   1.16084   0.00462657
767   1.15259   0.00467583
768   1.15838   0.0050701
769   1.1524   0.00499575
770   1.1581   0.00535506
771   1.15717   0.00492667
772   1.14541   0.00482535
773   1.15683   0.00535007
774   1.16512   0.00449939
775   1.1605   0.00494152
776   1.14749   0.00541593
777   1.15416   0.00534713
778   1.14581   0.00474802
779   1.16057   0.0055863
780   1.15475   0.00538565
781   1.15497   0.00563874
782   1.15176   0.0051714
783   1.16038   0.00499425
784   1.15804   0.00536978
785   1.15612   0.00519696
786   1.15505   0.00511346
787   1.15706   0.0051323
788   1.15362   0.0056243
789   1.15346   0.00565314
790   1.1521   0.00513106
791   1.15443   0.00453762
792   1.15539   0.00513119
793   1.1517   0.00465539
794   1.15526   0.00555358
795   1.15291   0.00473346
796   1.148   0.00540102
797   1.15196   0.00513704
798   1.15491   0.00517446
799   1.15143   0.0049016
800   1.15315   0.00512375
801   1.15063   0.00493862
802   1.15457   0.00531284
803   1.15669   0.00540249
804   1.15681   0.00530683
805   1.15153   0.00555518
806   1.15455   0.00523895
807   1.15541   0.00520267
808   1.15727   0.00542762
809   1.15132   0.00490058
810   1.15536   0.00486869
811   1.15686   0.00508006
812   1.14775   0.00498963
813   1.15683   0.00467584
814   1.15806   0.00468145
815   1.15567   0.00564124
816   1.15015   0.00528145
817   1.14891   0.00509635
818   1.15678   0.00452861
819   1.15272   0.00505878
820   1.14629   0.00490653
821   1.15126   0.00527319
822   1.15319   0.00564457
823   1.15983   0.0052109
824   1.14565   0.00557156
825   1.16079   0.00454973
826   1.14874   0.00530224
827   1.15401   0.00572642
828   1.15979   0.00573636
829   1.15966   0.0052823
830   1.15506   0.00524632
831   1.156   0.00515723
832   1.14664   0.00514349
833   1.15362   0.00522685
834   1.15646   0.0052409
835   1.15736   0.00554214
836   1.15377   0.00519135
837   1.15163   0.00446842
838   1.15475   0.00469634
839   1.15718   0.00537804
840   1.15679   0.00563238
841   1.15897   0.00460971
842   1.15273   0.00508826
843   1.15828   0.00517829
844   1.15541   0.00565802
845   1.15937   0.00499414
846   1.1504   0.00499227
847   1.15009   0.0051087
848   1.15117   0.00586908
849   1.15286   0.00580113
850   1.15553   0.0048945
851   1.15056   0.0056659
852   1.1608   0.00507768
853   1.16105   0.00457077
854   1.15917   0.00549947
855   1.1611   0.00570657
856   1.15742   0.00540508
857   1.15989   0.00537563
858   1.1534   0.00497307
859   1.15939   0.0048147
860   1.16074   0.00456111
861   1.15731   0.00559219
862   1.1589   0.00558503
863   1.16613   0.00510094
864   1.15502   0.00516629
865   1.15435   0.00475716
866   1.14543   0.00535574
867   1.15329   0.0046803
868   1.15809   0.0049024
869   1.15363   0.00496635
870   1.1617   0.00601231
871   1.15473   0.00511377
872   1.14302   0.00483137
873   1.1548   0.00502372
874   1.16024   0.00564885
875   1.15371   0.00540878
876   1.16164   0.00459555
877   1.16232   0.00486843
878   1.15493   0.00502185
879   1.15765   0.00510639
880   1.15451   0.00543662
881   1.14997   0.00516897
882   1.14789   0.00533911
883   1.15762   0.00523787
884   1.14888   0.00456444
885   1.1507   0.00516459
886   1.15749   0.00487761
887   1.15143   0.00504717
888   1.14866   0.00510263
889   1.1592   0.00502677
890   1.14323   0.00549548
891   1.16469   0.00471634
892   1.14748   0.00460881
893   1.15111   0.00594272
894   1.14647   0.00511399
895   1.15301   0.00548676
896   1.14988   0.00518897
897   1.14742   0.00518016
898   1.15003   0.00527479
899   1.15583   0.00510834
900   1.15139   0.00502611
901   1.14533   0.00486472
902   1.15213   0.0050908
903   1.15194   0.00499585
904   1.14999   0.00517407
905   1.1566   0.00476965
906   1.17044   0.00493875
907   1.1682   0.00510785
908   1.156   0.00532949
909   1.15549   0.00507908
910   1.15977   0.00527323
911   1.14489   0.00532809
912   1.15749   0.00470801
913   1.15842   0.00511215
914   1.15696   0.00532822
915   1.15196   0.00518065
916   1.16387   0.00509978
917   1.15487   0.00540575
918   1.15606   0.00512488
919   1.15351   0.00530115
920   1.15359   0.00499582
921   1.15645   0.00489461
922   1.15169   0.00490919
923   1.14906   0.00566634
924   1.15682   0.00483511
925   1.15615   0.00527001
926   1.15749   0.00508226
927   1.14384   0.0050646
928   1.15715   0.00506371
929   1.15913   0.0052707
930   1.15763   0.00497231
931   1.15334   0.00533615
932   1.14725   0.00519224
933   1.15631   0.00564731
934   1.1475   0.00547001
935   1.1511   0.00465305
936   1.15355   0.00482627
937   1.15929   0.00460342
938   1.16009   0.00528114
939   1.16259   0.00624623
940   1.14715   0.00516838
941   1.15135   0.00491336
942   1.16549   0.00516352
943   1.16028   0.00476396
944   1.16472   0.00467671
945   1.15217   0.00525255
946   1.1528   0.00489804
947   1.15383   0.00529187
948   1.15744   0.00459293
949   1.14838   0.00515305
950   1.14879   0.00578524
951   1.16032   0.00559882
952   1.14998   0.00514511
953   1.15098   0.00467541
954   1.14385   0.00469936
955   1.14993   0.00519415
956   1.15671   0.00492609
957   1.15208   0.00503281
958   1.16364   0.00508021
959   1.15292   0.0052514
960   1.15842   0.00503317
961   1.16001   0.00585762
962   1.15523   0.00527076
963   1.15947   0.00540221
964   1.16192   0.00498006
965   1.14278   0.00474055
966   1.15156   0.0045755
967   1.14695   0.00534126
968   1.14875   0.00556254
969   1.14949   0.00511619
970   1.16562   0.00561144
971   1.16296   0.00541158
972   1.15564   0.00573403
973   1.16618   0.00510923
974   1.14981   0.00521654
975   1.1459   0.00552177
976   1.15539   0.00517362
977   1.15028   0.00534802
978   1.14918   0.0054668
979   1.15027   0.00585175
980   1.15921   0.00547238
981   1.1598   0.00505502
982   1.15742   0.00488755
983   1.16113   0.00538513
984   1.15284   0.00528514
985   1.15923   0.00587621
986   1.15627   0.0053731
987   1.15832   0.00521292
988   1.15169   0.00497046
989   1.15841   0.00504066
990   1.15421   0.00503996
991   1.14866   0.00528609
992   1.15629   0.00511217
993   1.15383   0.00531413
994   1.15621   0.00568033
995   1.15158   0.00505284
996   1.15721   0.00590168
997   1.1571   0.00519221
998   1.15319   0.00499964
999   1.1514   0.0058721
1000   1.16312   0.00428239
