0   1
5   1.96117
10   1.22251
15   0.498368
20   -2.20914
25   -0.66419
30   0.78127
35   -0.761592
40   -1.7349
45   0.395515
50   1.85957
55   2.10564
60   0.646795
65   -1.26439
70   -2.00561
75   -2.62998
80   0.331079
85   0.348544
90   -0.83432
95   1.46668
100   1.0196
105   1.77826
110   0.385973
115   -0.82803
120   -1.74607
125   -0.0865615
130   -0.787648
135   1.24072
140   0.0016278
145   -2.29263
150   -0.678222
155   0.659111
160   -0.516123
165   -0.479845
170   0.00645248
175   1.60798
180   -0.416846
185   0.323041
190   -1.05281
195   0.0299548
200   -0.201865
205   1.75917
210   -0.811436
215   0.636722
220   2.88011
225   0.877161
230   0.540524
235   0.383746
240   -0.828404
245   1.65387
250   -1.03493
255   -0.861041
260   0.148185
265   0.231805
270   0.93186
275   1.52972
280   -0.6358
285   0.186041
290   -0.175632
295   0.263382
300   2.81737
305   1.84661
310   -1.77674
315   -2.09172
320   0.421545
325   -0.822051
330   0.968938
335   0.369749
340   -0.830756
345   -1.93273
350   1.96807
355   2.12387
360   1.04406
365   0.382375
370   -1.72883
375   1.79653
380   -0.0911564
385   1.09178
390   0.390395
395   0.272514
400   2.1329
405   1.96538
410   -1.27658
415   -0.421455
420   -0.463934
425   -1.18507
430   1.17392
435   -0.575798
440   0.590326
445   -0.527684
450   -2.86179
455   -1.85408
460   1.00128
465   1.77519
470   -1.99454
475   0.771877
480   -2.64337
485   0.868629
490   0.0588904
495   2.3028
500   1.99393
505   3.10822
510   0.229499
515   -2.04853
520   -0.431396
525   -2.3654
530   -1.17065
535   0.0101483
540   -0.771394
545   -1.50275
550   0.520533
555   -0.205414
560   -0.927424
565   0.531228
570   0.776383
575   -1.47641
580   -2.54104
585   0.465827
590   -1.52861
595   0.850187
600   1.93599
605   -0.067718
610   0.675719
615   2.40647
620   -0.282645
625   -1.8406
630   -1.20225
635   2.09084
640   -1.02169
645   -0.258816
650   0.849401
655   -0.750141
660   -0.519176
665   0.539642
670   -1.9964
675   0.771565
680   0.522777
685   -0.119037
690   1.29289
695   0.130197
700   1.81498
705   -0.468056
710   2.69443
715   1.55995
720   -0.510919
725   -1.69277
730   -0.197404
735   0.593722
740   -0.107113
745   -2.1051
750   -0.146905
755   1.58221
760   0.892822
765   1.25716
770   -1.87581
775   1.05783
780   0.80469
785   1.92834
790   -2.449
795   -0.018504
800   0.88979
805   -1.45735
810   1.84216
815   0.516512
820   -1.22609
825   -1.81297
830   -3.07781
835   -2.12419
840   -0.150112
845   0.0618707
850   -1.7827
855   1.07348
860   2.26752
865   1.1542
870   1.08689
875   -0.210427
880   1.57153
885   -0.128972
890   0.665424
895   -0.575262
900   -0.989584
905   1.20678
910   -0.00407639
915   0.626215
920   -1.50165
925   0.520717
930   -1.01958
935   0.721539
940   1.49437
945   0.0442586
950   2.30034
955   -0.506282
960   -0.377991
965   -0.690429
970   0.0908596
975   1.12237
980   0.481537
985   0.474032
990   2.37257
995   1.02566
1000   -0.0345177
1005   1.1013
1010   0.578195
1015   -0.195723
1020   -0.325795
1025   0.238144
1030   0.932925
1035   1.0497
1040   0.863523
1045   -0.627968
1050   -0.732443
1055   -0.810202
1060   1.47073
1065   1.35429
1070   -1.56549
1075   -3.03621
1080   1.5768
1085   0.471913
1090   1.45241
1095   -2.04879
1100   1.94856
1105   -0.985406
1110   1.44128
1115   -0.650664
1120   -0.502457
1125   -0.377348
1130   2.70968
1135   -0.317684
1140   2.71971
1145   -0.169799
1150   0.364562
1155   0.454372
1160   -1.03073
1165   -0.466135
1170   -0.285243
1175   -0.135041
1180   1.0844
1185   0.269356
1190   0.938171
1195   2.93078
1200   0.785476
1205   1.92511
1210   2.41065
1215   0.612059
1220   -1.98423
1225   -1.70659
1230   0.486273
1235   -0.811172
1240   0.256766
1245   -0.163745
1250   -0.114621
1255   1.35384
1260   -0.879561
1265   0.0590722
1270   2.30283
1275   2.67994
1280   -1.84248
1285   -2.60257
1290   -2.52451
1295   2.34881
1300   -0.232136
1305   2.04808
1310   -1.74288
1315   -1.06603
1320   0.507933
1325   0.772468
1330   -0.163071
1335   0.659693
1340   0.797975
1345   -2.63898
1350   -1.55063
1355   2.51248
1360   0.715173
1365   -1.9669
1370   0.562323
1375   2.18161
1380   0.279563
1385   2.13409
1390   -2.41442
1395   -0.318692
1400   0.573337
1405   -0.590739
1410   2.19361
1415   1.26158
1420   -0.181066
1425   -0.657332
1430   -0.0233778
1435   2.28897
1440   1.15781
1445   0.967693
1450   0.0755401
1455   -2.2802
1460   -1.01013
1465   -2.25687
1470   -0.172413
1475   2.74412
1480   0.374105
1485   -1.04422
1490   2.1174
1495   -2.41723
1500   -2.49336
1505   0.68804
1510   0.0285389
1515   2.7779
1520   2.25998
1525   -0.933065
1530   1.45008
1535   2.03681
1540   0.549227
1545   0.179409
1550   0.237053
1555   -0.167058
1560   2.74502
1565   -1.14554
1570   -0.585632
1575   0.194473
1580   -0.654415
1585   -1.42289
1590   -0.152045
1595   0.267346
1600   2.13203
1605   1.25123
1610   -1.10261
1615   -1.49821
1620   -0.338905
1625   -0.68386
1630   -1.22204
1635   -1.51829
1640   -1.02828
1645   0.0340772
1650   -1.10137
1655   -2.95821
1660   -2.29029
1665   -3.15803
1670   -0.61787
1675   -0.790945
1680   0.159966
1685   -2.06021
1690   0.76084
1695   -1.47903
1700   -1.02168
1705   0.221386
1710   -2.25569
1715   -1.69201
1720   -0.577277
1725   -0.723923
1730   1.67143
1735   0.0740173
1740   0.21934
1745   0.929764
1750   0.243366
1755   2.814
1760   3.24605
1765   0.152464
1770   -0.0614755
1775   1.78277
1780   2.59253
1785   1.12283
1790   0.275813
1795   -1.32674
1800   2.55011
1805   1.7415
1810   2.58559
1815   -1.35854
1820   -0.91543
1825   -1.94696
1830   0.779875
1835   -0.495826
1840   2.20957
1845   -0.521538
1850   2.68545
1855   1.55844
1860   -0.511173
1865   0.120987
1870   -2.75277
1875   -2.54976
1880   -2.03544
1885   -1.949
1890   -0.534468
1895   -1.88293
1900   -0.0235637
1905   -0.0910604
1910   2.7578
1915   0.376403
1920   1.37616
1925   -0.395608
1930   0.82641
1935   2.91199
1940   2.57652
1945   1.54014
1950   -1.05405
1955   0.715746
1960   0.893395
1965   -0.622947
1970   0.582401
1975   -1.27522
1980   -0.507226
1985   1.52165
1990   -0.371156
1995   1.54452
2000   -2.03331
2005   -0.254639
2010   -1.1499
2015   1.59984
2020   -0.504215
2025   -0.711643
2030   -1.49271
2035   -0.337979
2040   -1.3697
2045   1.14289
2050   -1.60101
2055   0.504018
2060   0.97761
2065   -0.462593
2070   -1.45085
2075   -0.930944
2080   0.736436
2085   0.516873
2090   -0.306229
2095   2.03563
2100   -1.74497
2105   -0.980377
2110   -2.25187
2115   1.70863
2120   -0.00573091
2125   0.772137
2130   1.02267
2135   0.378781
2140   -1.54324
2145   -3.03247
2150   1.09723
2155   1.97751
2160   -0.29454
2165   -2.3424
2170   -2.48079
2175   -0.124046
2180   -1.33375
2185   -0.617263
2190   -0.0166434
2195   1.1043
2200   0.0985002
2205   -2.27635
2210   -1.98949
2215   -0.0414728
2220   2.76613
2225   2.258
2230   -0.933397
2235   0.470024
2240   2.8521
2245   -2.29375
2250   -1.69841
2255   1.50765
2260   -1.05951
2265   0.595028
2270   1.70691
2275   0.57978
2280   -1.27566
2285   -0.00749957
2290   -1.79436
2295   -1.61448
2300   1.81575
2305   2.39227
2310   0.109169
2315   -0.274552
2320   2.72696
2325   1.77122
2330   0.590589
2335   0.49236
2340   -0.00434901
2345   -1.31363
2350   1.57232
2355   2.05736
2360   -1.74132
2365   0.334236
2370   -2.03092
2375   -0.134438
2380   -0.709695
2385   -0.892378
2390   -1.94308
2395   0.566326
2400   0.388082
2405   -2.70787
2410   -0.848213
2415   -0.769459
2420   -1.73622
2425   -1.18471
2430   -2.28621
2435   1.22266
2440   2.49839
2445   -0.687195
2450   2.6576
2455   1.75956
2460   -0.59717
2465   1.98673
2470   1.02101
2475   0.258701
2480   1.83658
2485   0.395774
2490   0.959418
2495   1.47415
2500   1.85466
2505   0.604613
2510   -0.791283
2515   1.24011
2520   1.58153
2525   -1.10729
2530   -0.959203
2535   -0.368113
2540   1.25103
2545   -0.182839
2550   -0.23763
2555   0.166962
2560   0.715161
2565   -0.172703
2570   0.597874
2575   -0.192415
2580   0.260561
2585   -0.0433076
2590   -0.634179
2595   1.26651
2600   -0.180237
2605   0.0568076
2610   0.302448
2615   2.13793
2620   -1.43378
2625   -2.03408
2630   -0.134967
2635   1.08442
2640   1.07516
2645   1.5538
2650   -0.425953
2655   -1.67849
2660   -0.195004
2665   2.74033
2670   0.853667
2675   0.916576
2680   2.44695
2685   -0.901641
2690   -0.778439
2695   0.0760678
2700   -2.28012
2705   1.90968
2710   0.71406
2715   -0.172888
2720   -0.921957
2725   2.61815
2730   1.06693
2735   0.952419
2740   1.05297
2745   1.97007
2750   1.64401
2755   1.64941
2760   0.670316
2765   2.40556
2770   -0.368798
2775   -1.85508
2780   -0.518684
2785   -1.69408
2790   -0.371823
2795   -0.355392
2800   -0.452831
2805   -0.163207
2810   -0.92033
2815   -2.44758
2820   -2.49846
2825   -0.507017
2830   -0.378114
2835   0.62355
2840   -0.2883
2845   0.344645
2850   0.264825
2855   0.817609
2860   0.224516
2865   -1.75537
2870   -2.08812
2875   0.422149
2880   -1.30215
2885   -1.11175
2890   -1.55995
2895   -2.34928
2900   -2.68774
2905   -1.22483
2910   -1.81276
2915   0.32223
2920   0.741257
2925   0.0374831
2930   0.7794
2935   0.904094
2940   -0.054949
2945   0.617665
2950   -1.26929
2955   -0.00642942
2960   2.29182
2965   -0.241714
2970   -1.35352
2975   2.06541
2980   -0.279766
2985   1.26588
2990   0.605856
2995   0.874926
3000   1.75395
3005   -0.478314
3010   -2.16749
3015   1.24261
3020   2.29595
3025   2.17898
3030   -0.740879
3035   -1.91762
3040   0.990606
3045   -1.92061
3050   0.784303
3055   1.02472
3060   0.0851243
3065   2.30721
3070   1.99467
3075   3.10834
3080   2.12932
3085   -0.269025
3090   0.161685
3095   -1.57973
3100   -1.6386
3105   -2.0685
3110   1.94525
3115   -1.04616
3120   -0.262928
3125   0.34891
3130   -2.71446
3135   1.33688
3140   1.83159
3145   -1.77926
3150   -1.40614
3155   2.05657
3160   -0.761452
3165   -0.334877
3170   -0.683183
3175   0.778077
3180   1.92387
3185   -0.449755
3190   -0.16269
3195   -2.80044
3200   -1.57777
3205   2.50792
3210   1.19461
3215   0.493678
3220   1.87607
3225   2.40241
3230   -0.969327
3235   0.610185
3240   -2.19035
3245   1.92477
3250   2.1166
3255   1.96264
3260   0.24276
3265   -0.586099
3270   -0.305406
3275   -1.42443
3280   1.0735
3285   -1.13248
3290   -0.483235
3295   2.00588
3300   0.630029
3305   0.192989
3310   -0.260464
3315   0.163124
3320   -0.659684
3325   0.996227
3330   -2.12546
3335   1.01587
3340   -1.20236
3345   1.17102
3350   0.403713
3355   -0.705248
3360   0.568569
3365   0.782659
3370   1.02444
3375   -1.62092
3380   2.02047
3385   1.23248
3390   -0.565957
3395   2.19778
3400   -2.40372
3405   -0.197093
3410   -0.240025
3415   2.25256
3420   1.69149
3425   0.971388
3430   -0.523839
3435   -1.69494
3440   -2.37197
3445   -2.00556
3450   0.289826
3455   -0.344389
3460   -2.14498
3465   -1.67341
3470   -0.67435
3475   -2.20044
3480   1.00327
3485   1.77552
3490   -1.01449
3495   -0.797405
3500   -0.0469199
3505   -0.634786
3510   -1.21379
3515   -0.597101
3520   -1.89345
3525   1.97467
3530   0.958782
3535   -2.61196
3540   0.873908
3545   0.353778
3550   -0.713641
3555   -1.22704
3560   0.566871
3565   1.40817
3570   1.60977
3575   0.663654
3580   1.00444
3585   2.25592
3590   -1.22775
3595   0.420552
3600   -0.222218
3605   0.735752
3610   -1.96344
3615   -1.7031
3620   -0.679339
3625   1.25892
3630   -0.895513
3635   -1.75741
3640   -2.58827
3645   0.45789
3650   0.369858
3655   -0.830738
3660   1.23348
3665   -2.08559
3670   2.42257
3675   0.614062
3680   1.71011
3685   0.494317
3690   -0.80982
3695   -2.90921
3700   1.59815
3705   2.5615
3710   0.343411
3715   0.684617
3720   2.88816
3725   -1.60169
3730   -1.8761
3735   -1.20822
3740   -0.829965
3745   -1.03239
3750   0.119386
3755   -1.77303
3760   2.47511
3765   -0.357109
3770   0.627081
3775   -2.18751
3780   0.525246
3785   -0.204622
3790   0.0527092
3795   -1.30404
3800   -0.61227
3805   -1.4158
3810   -1.01105
3815   1.20317
3820   -0.0906829
3825   -1.12234
3830   1.89847
3835   -0.0740245
3840   1.36066
3845   -0.0642141
3850   -0.217692
3855   0.856312
3860   0.91702
3865   -2.61898
3870   0.872729
3875   0.77358
3880   -0.643084
3885   -1.71498
3890   -0.581137
3895   1.21523
3900   -0.422657
3905   -0.758136
3910   -2.42032
3915   1.38632
3920   -2.5401
3925   -0.0338149
3930   -0.0927833
3935   -1.32849
3940   0.46382
3945   2.16505
3950   -1.42922
3955   -0.927309
3960   0.137047
3965   -0.269866
3970   0.161544
3975   -2.26575
3980   -1.6937
3985   1.02824
3990   -0.220284
3995   1.75608
4000   1.66824
4005   1.38748
4010   -1.85391
4015   -0.938486
4020   0.949369
4025   0.36646
4030   1.85469
4035   -1.98118
4040   -1.22588
4045   0.567067
4050   2.18241
4055   0.659697
4060   -0.282225
4065   -1.42053
4070   -3.01185
4075   -0.213301
4080   -0.66275
4085   -2.88449
4090   -0.571896
4095   1.69698
4100   2.37231
4105   0.791814
4110   0.0459803
4115   -0.385372
4120   1.72833
4125   -1.02242
4130   2.60126
4135   2.04409
4140   -0.763549
4145   -2.42123
4150   -2.20004
4155   -0.66266
4160   2.18153
4165   -0.406451
4170   -2.36121
4175   1.21005
4180   -1.40353
4185   -0.442791
4190   -0.84752
4195   0.0644573
4200   0.783933
4205   0.904856
4210   1.94518
4215   -1.76017
4220   0.331068
4225   -0.717457
4230   -1.72748
4235   -0.917238
4240   -0.78106
4245   -2.21837
4250   0.254058
4255   -1.7504
4260   1.07891
4265   0.268432
4270   -0.641985
4275   1.205
4280   2.49542
4285   1.79251
4290   0.928166
4295   1.2631
4300   0.419189
4305   -0.322647
4310   1.73887
4315   -1.08085
4320   1.90544
4325   0.713348
4330   -0.0870077
4335   -0.907523
4340   -1.52563
4345   0.370488
4350   -0.230632
4355   0.168138
4360   0.321159
4365   -0.339123
4370   -1.8501
4375   1.77615
4380   -0.388582
4385   0.707791
4390   -1.19394
4395   -0.113566
4400   0.374013
4405   -2.02424
4410   -1.94711
4415   0.779849
4420   -1.24203
4425   0.184352
4430   2.11808
4435   -0.956914
4440   0.946272
4445   -0.13386
4450   -1.3354
4455   -0.99754
4460   2.12524
4465   0.0642897
4470   0.403905
4475   0.960784
4480   0.454379
4485   -1.23653
4490   -0.600924
4495   -0.727897
4500   -0.515438
4505   -0.29353
4510   1.74377
4515   0.000174832
4520   0.773129
4525   -0.76296
4530   0.164669
4535   2.32058
4540   1.07712
4545   -1.42587
4550   -3.01275
4555   -1.87945
4560   0.57702
4565   -0.59012
4570   2.67392
4575   0.656305
4580   0.0232053
4585   0.2108
4590   0.122529
4595   -1.77251
4600   -1.19081
4605   -0.493039
4610   0.690235
4615   0.203108
4620   0.927036
4625   -1.21729
4630   -2.97769
4635   -1.87356
4640   -1.62779
4645   2.01932
4650   1.94629
4655   1.64001
4660   0.568537
4665   -0.197346
4670   -0.120268
4675   1.29269
4680   0.424162
4685   -1.30181
4690   -1.5919
4695   -0.56045
4700   -0.387095
4705   1.54184
4710   0.346237
4715   -0.148708
4720   1.08211
4725   0.57497
4730   1.40954
4735   0.529801
4740   0.295944
4745   -1.74336
4750   -0.499907
4755   -0.857119
4760   0.543044
4765   -0.681831
4770   -0.741495
4775   1.18828
4780   0.286814
4785   2.8213
4790   0.867277
4795   0.0586632
4800   -2.07724
4805   -0.142222
4810   -0.230803
4815   0.254109
4820   0.129808
4825   -1.29108
4830   -0.0100923
4835   -0.774796
4840   0.07668
4845   -0.280012
4850   2.04004
4855   0.735969
4860   1.91679
4865   -1.97074
4870   -0.124323
4875   1.35221
4880   -1.56583
4885   1.10993
4890   -0.586554
4895   1.27452
4900   2.98731
4905   2.29518
4910   0.47285
4915   1.39237
4920   -1.85308
4925   -1.08455
4930   0.59082
4935   -0.107601
4940   0.874816
4945   -0.74587
4950   0.561742
4955   2.86751
4960   -0.291157
4965   2.03817
4970   -0.430546
4975   0.614738
4980   -0.523581
4985   1.2249
4990   2.49877
4995   1.79307
5000   1.67446
5005   -0.0114733
5010   -2.77503
5015   -1.3593
5020   -2.02156
5025   1.03334
5030   2.94677
5035   0.408164
5040   -0.0184999
5045   -0.396209
5050   0.620509
5055   0.397189
5060   0.959656
5065   -0.525811
5070   -0.175473
5075   -2.11659
5080   0.957164
5085   -1.63223
5090   1.33257
5095   0.0170652
5100   -0.390232
5105   1.54131
5110   0.346149
5115   0.351077
5120   1.43211
5125   -0.052206
5130   -2.78187
5135   -0.38045
5140   2.70916
5145   -0.651772
5150   0.663557
5155   0.404424
5160   -2.70513
5165   -1.56175
5170   -0.655583
5175   -2.40308
5180   1.68321
5185   -1.03
5190   1.13979
5195   -0.581536
5200   -1.89084
5205   -0.710893
5210   -1.72638
5215   -0.203053
5220   -1.34703
5225   1.56671
5230   0.556216
5235   0.866583
5240   2.43855
5245   -1.67725
5250   1.5112
5255   2.34109
5260   0.600367
5265   -2.6722
5270   2.32398
5275   -0.922308
5280   -0.361912
5285   0.832073
5290   -0.633253
5295   -0.193531
5300   1.34057
5305   -1.56779
5310   1.0494
5315   -0.116527
5320   -0.646485
5325   2.18425
5330   1.74021
5335   -0.000423559
5340   -0.0871712
5345   0.758449
5350   2.90057
5355   0.400399
5360   -2.2256
5365   0.0190426
5370   2.7763
5375   0.859713
5380   0.831592
5385   0.826866
5390   -1.23413
5395   -1.52032
5400   -0.0486202
5405   -1.61507
5410   -1.04455
5415   2.59754
5420   1.20967
5425   -1.16979
5430   1.41029
5435   0.630128
5440   0.312806
5445   0.139673
5450   1.13057
5455   2.27712
5460   0.675615
5465   -2.17935
5470   -0.159383
5475   -1.13389
5480   2.10233
5485   2.64624
5490   2.23785
5495   -0.310984
5500   -0.825367
5505   0.634381
5510   -2.66648
5515   1.63894
5520   -2.01744
5525   -0.732172
5530   1.18984
5535   -0.573123
5540   -2.18342
5545   -0.0740682
5550   -0.905349
5555   1.22094
5560   0.832103
5565   -1.46705
5570   1.36033
5575   -1.56447
5580   -0.95004
5585   0.133227
5590   -2.27051
5595   -0.588504
5600   0.79399
5605   0.526546
5610   0.861597
5615   -1.46209
5620   -1.85263
5625   1.77573
5630   1.67155
5635   1.17384
5640   -1.17581
5645   -2.97072
5650   -1.12619
5655   0.583821
5660   -0.194777
5665   0.0543638
5670   -2.28376
5675   -1.99073
5680   -1.02168
5685   -1.27881
5690   -1.10783
5695   -0.099093
5700   0.876245
5705   -0.959829
5710   2.61178
5715   2.52606
5720   1.31746
5725   1.59452
5730   0.560892
5735   -1.01283
5740   1.14267
5745   1.56515
5750   -2.51005
5755   -1.52896
5760   -1.56987
5765   0.423251
5770   1.44424
5775   0.329833
5780   0.682335
5785   2.40758
5790   1.51174
5795   0.546978
5800   -2.20097
5805   -0.163017
5810   2.7457
5815   -1.33163
5820   1.56929
5825   -2.50935
5830   -1.73465
5835   -0.918442
5840   1.21874
5845   -1.16827
5850   -0.403251
5855   -1.44087
5860   0.864932
5865   0.918469
5870   1.76127
5875   0.922916
5880   2.92821
5885   -0.400755
5890   -0.840455
5895   0.631845
5900   -1.98091
5905   -1.93983
5910   -1.43313
5915   0.866234
5920   -0.541512
5925   -0.484112
5930   -0.374265
5935   -0.836003
5940   -1.24761
5945   2.08321
5950   1.95703
5955   -0.444183
5960   -2.36755
5965   -1.71081
5970   -2.08064
5975   -0.642593
5980   -0.314901
5985   2.03417
5990   -0.971016
5995   1.4437
6000   -1.36426
6005   0.663609
6010   -1.68157
6015   -0.369721
6020   -0.749239
6025   -2.41882
6030   1.88637
6035   -2.45606
6040   -0.0196897
6045   -0.296209
6050   -0.676684
6055   -1.42663
6060   2.05313
6065   1.23797
6070   -0.418835
6075   0.322706
6080   0.947137
6085   -0.527915
6090   0.118173
6095   0.912761
6100   -1.93369
6105   -2.1181
6110   -0.982888
6115   -0.558294
6120   -2.18093
6125   -1.05365
6130   -0.864187
6135   -1.45814
6140   -0.87197
6145   1.94055
6150   -1.96675
6155   -2.62345
6160   -1.54802
6165   1.05272
6170   0.570031
6175   0.488905
6180   0.28907
6185   -1.55832
6190   0.630994
6195   -0.287049
6200   -0.441344
6205   2.21872
6210   -0.939999
6215   -0.450886
6220   -0.36868
6225   -0.835064
6230   -2.43325
6235   0.964144
6240   -2.61106
6245   -0.73174
6250   -0.415884
6255   1.3032
6260   -1.09387
6265   -0.870947
6270   0.96072
6275   -2.61163
6280   -1.21204
6285   0.423193
6290   -0.321974
6295   -0.827214
6300   -0.91213
6305   2.1396
6310   -1.4335
6315   1.55217
6320   1.15377
6325   0.820815
6330   -2.15495
6335   -0.569082
6340   -0.722546
6345   -0.208538
6350   -0.241949
6355   -1.83376
6360   -1.4153
6365   -0.44477
6370   -1.18185
6375   0.574466
6380   -1.51035
6385   0.519256
6390   0.294171
6395   -1.55746
6400   -0.654862
6405   -2.88316
6410   -1.17167
6415   -1.50982
6420   -1.86066
6425   -0.60562
6430   2.67131
6435   -0.443932
6440   1.71849
6445   0.681926
6450   -1.49229
6455   0.642091
6460   0.501016
6465   -0.808694
6470   -1.74282
6475   -0.919815
6480   -0.447493
6485   1.23769
6490   -1.10488
6495   -2.9588
6500   -0.890385
6505   -0.836747
6510   -1.03353
6515   -0.0866057
6520   0.878344
6525   1.52072
6530   -0.517512
6535   -0.774078
6540   0.496801
6545   0.290397
6550   -0.244093
6555   -1.41412
6560   -3.01077
6565   1.78688
6570   -0.326579
6575   0.238012
6580   0.332903
6585   -0.717149
6590   1.48637
6595   0.042914
6600   2.78031
6605   -1.13961
6610   -1.29863
6615   -0.0113615
6620   -1.37501
6625   -0.523998
6630   -0.481168
6635   2.00623
6640   0.544087
6645   -1.22146
6650   0.00161001
6655   -0.892629
6660   -0.442924
6665   -0.847542
6670   -1.45535
6675   1.0683
6680   1.78645
6685   2.38735
6690   -0.971858
6695   -2.93644
6700   -0.580628
6705   -0.490686
6710   2.69063
6715   0.159314
6720   -1.34632
6725   -1.83318
6730   0.084998
6735   -2.75881
6740   -1.77657
6745   -1.67169
6750   1.03194
6755   0.946538
6760   -0.614015
6765   1.0039
6770   1.77563
6775   1.19133
6780   -0.572873
6785   -0.989183
6790   1.92085
6795   -1.97006
6800   -2.41821
6805   -1.09353
6810   -0.870889
6815   -0.35327
6820   2.02773
6825   0.4279
6830   1.38482
6835   -0.160354
6840   -0.420051
6845   2.2223
6850   0.0806023
6855   2.10065
6860   0.979956
6865   -0.608399
6870   -0.309154
6875   0.721141
6880   -1.6719
6885   1.5121
6890   1.86104
6895   0.399885
6900   0.754309
6905   -1.48012
6910   -0.161664
6915   -0.920071
6920   -0.361536
6925   1.54614
6930   -0.427241
6935   -2.84491
6940   -1.79104
6945   -1.67412
6950   1.32553
6955   2.51568
6960   1.79591
6965   0.388939
6970   -0.621731
6975   1.00261
6980   -0.124392
6985   -2.79401
6990   0.637511
6995   0.400047
7000   0.274136
7005   -0.846826
7010   1.46457
7015   -0.440949
7020   -0.84721
7025   1.23071
7030   -2.08605
7035   0.336497
7040   0.683455
7045   -2.17803
7050   0.741038
7055   1.01745
7060   1.5441
7065   0.0526173
7070   -0.618057
7075   -1.89698
7080   0.788275
7085   1.50559
7090   -1.83406
7095   1.77885
7100   2.38607
7105   -0.225873
7110   -0.725062
7115   0.985239
7120   -2.60751
7125   0.454656
7130   -0.696686
7135   -0.204192
7140   1.07278
7145   0.0932024
7150   -0.611235
7155   -1.47583
7160   -2.33514
7165   0.980633
7170   0.557915
7175   -0.533131
7180   0.303497
7185   2.13811
7190   -0.413748
7195   1.03756
7200   0.567483
7205   0.488477
7210   -1.291
7215   -0.509879
7220   -1.1928
7225   2.57263
7230   1.80548
7235   -0.323453
7240   -0.741463
7245   -1.01752
7250   -0.858114
7255   -1.03712
7260   -0.947409
7265   -0.246331
7270   -0.434501
7275   0.553873
7280   2.18019
7285   -1.24048
7290   1.39841
7295   0.922131
7300   1.26208
7305   -0.180982
7310   -1.82352
7315   2.46662
7320   3.18767
7325   -0.357149
7330   0.333074
7335   -0.57092
7340   -2.86905
7345   0.290898
7350   -0.344209
7355   -0.744951
7360   0.0816961
7365   -2.07337
7370   -1.03557
7375   -2.94715
7380   -1.12223
7385   1.60449
7390   -1.33723
7395   -1.59785
7400   -0.89545
7405   -0.777398
7410   -0.423557
7415   -1.17829
7420   0.0948653
7425   -2.75716
7430   -2.0703
7435   -1.95485
7440   0.358548
7445   -0.626839
7450   -1.89845
7455   -0.406173
7460   -1.38117
7465   -0.319232
7470   -1.84675
7475   -0.103484
7480   -0.644293
7485   -0.795386
7490   -0.220781
7495   -1.14421
7500   -0.585407
7505   0.294711
7510   1.42263
7515   0.866002
7520   -1.94155
7525   -0.619216
7530   1.26903
7535   -0.0796144
7540   0.379719
7545   -1.72928
7550   -1.06374
7555   -2.26588
7560   -0.173927
7565   2.26367
7570   3.15355
7575   1.15692
7580   2.48734
7585   0.0249478
7590   0.897093
7595   -0.242326
7600   -0.127828
7605   -1.62838
7610   0.119418
7615   0.41317
7620   0.462542
7625   0.284639
7630   1.36074
7635   -0.544401
7640   0.681603
7645   -0.0923431
7650   -1.32842
7655   -2.99637
7660   -0.896699
7665   0.742192
7670   0.41764
7675   2.36309
7680   -0.915735
7685   1.45299
7690   1.8511
7695   -1.77598
7700   -0.59139
7705   0.527505
7710   0.775758
7715   0.0432816
7720   -0.619626
7725   -2.87724
7730   -1.85668
7735   -0.938952
7740   -0.78471
7745   -2.42479
7750   -0.614434
7755   -1.21037
7760   -1.51633
7765   1.35205
7770   0.620339
7775   0.73116
7780   -0.170014
7785   0.744526
7790   -1.24797
7795   1.58335
7800   0.0592143
7805   0.0970522
7810   -2.07079
7815   -0.640937
7820   0.285378
7825   -0.0391366
7830   -2.09368
7835   1.73522
7840   -0.601262
7845   0.105846
7850   -0.27511
7855   -0.133338
7860   1.08469
7865   -1.4246
7870   1.36747
7875   1.33693
7880   0.137598
7885   -0.869774
7890   -2.23328
7895   -0.168448
7900   2.74479
7905   2.75422
7910   0.856001
7915   -0.249232
7920   -2.81499
7925   -2.26622
7930   -3.15398
7935   0.24301
7940   -0.586057
7945   -1.2056
7950   -0.889725
7955   -0.0624361
7960   1.09661
7965   1.07721
7970   2.95415
7975   -1.5906
7980   1.52577
7985   3.02954
7990   1.40207
7995   0.862547
8000   -0.542132
8005   -1.88422
8010   -0.0237802
8015   -2.7771
8020   -0.759647
8025   -2.42057
8030   -2.01373
8035   -1.02555
8040   -0.859464
8045   -0.83155
8050   0.0671414
8055   2.09838
8060   -0.540225
8065   -1.6977
8070   0.107768
8075   2.31101
8080   -1.90449
8085   -2.40719
8090   -1.03148
8095   -0.94646
8100   1.44783
8105   -2.52976
8110   0.887723
8115   0.9223
8120   0.447911
8125   2.36818
8130   1.17112
8135   2.96993
8140   1.12606
8145   -2.58384
8150   -0.227367
8155   0.854686
8160   2.23075
8165   0.581822
8170   0.390687
8175   0.838763
8180   -0.966129
8185   0.0445227
8190   0.400583
8195   -0.705774
8200   -2.41152
8205   0.907596
8210   0.83964
8215   1.74802
8220   2.58669
8225   1.20784
8230   0.115902
8235   -2.06762
8240   1.9454
8245   1.21986
8250   0.292122
8255   -0.344003
8260   -1.37072
8265   -1.33748
8270   0.88231
8275   0.92139
8280   -1.93224
8285   -1.43185
8290   0.532449
8295   0.776589
8300   -1.24258
8305   -0.83574
8310   -0.533563
8315   1.28342
8320   1.32281
8325   1.53522
8330   1.36513
8335   -1.37746
8340   -0.52441
8345   -0.00103764
8350   -0.207074
8355   -2.8079
8360   0.215176
8365   -0.0509354
8370   -0.781661
8375   1.47553
8380   0.540892
8385   -0.115992
8390   1.58741
8395   -1.0461
8400   -0.862919
8405   0.747869
8410   -1.18721
8415   0.693366
8420   -0.0903659
8425   0.611712
8430   0.0157105
8435   -0.20426
8440   1.57257
8445   -0.422798
8450   -2.15816
8455   -3.13582
8460   -0.920138
8465   -0.447548
8470   -0.762319
8475   1.95898
8480   -0.777855
8485   0.976366
8490   0.790998
8495   -0.759957
8500   -0.334626
8505   0.716859
8510   -0.652617
8515   2.66341
8520   2.24074
8525   -0.936299
8530   -0.364264
8535   1.73188
8540   0.583977
8545   -1.21475
8550   -0.597263
8555   2.67272
8560   -0.177696
8565   -2.80297
8570   1.82181
8575   -1.00671
8580   0.123702
8585   -0.186109
8590   -0.804379
8595   1.65791
8600   0.571545
8605   -0.196841
8610   -1.40618
8615   -0.529237
8620   1.01815
8625   2.94422
8630   0.701735
8635   -0.989159
8640   0.040652
8645   0.779932
8650   1.92418
8655   0.530297
8660   -0.303973
8665   -0.677989
8670   -2.88705
8675   -1.59233
8680   -0.954722
8685   0.46644
8690   2.85149
8695   -0.627849
8700   0.521377
8705   0.174728
8710   2.11647
8715   0.748815
8720   1.91895
8725   1.42962
8730   0.327376
8735   0.448122
8740   -0.697784
8745   -0.204377
8750   -0.66125
8755   0.661964
8760   2.19836
8765   0.662378
8770   1.71823
8775   0.681882
8780   1.4877
8785   2.04314
8790   1.45049
8795   1.55668
8800   -2.51147
8805   -1.5292
8810   -0.344113
8815   0.335265
8820   0.449448
8825   -0.697561
8830   2.17566
8835   -1.92724
8840   1.04919
8845   0.949437
8850   -2.61353
8855   -1.81236
8860   -1.6175
8865   -2.35895
8870   -0.483569
8875   1.23163
8880   1.0999
8885   -1.12804
8890   -0.81649
8895   0.489673
8900   -0.00480073
8905   0.686293
8910   -1.25775
8915   -0.838291
8920   -2.43379
8925   -0.202147
8930   -0.807075
8935   -0.428545
8940   -0.364926
8945   -0.834433
8950   -0.767143
8955   1.66417
8960   -0.407404
8965   0.0186277
8970   -0.769969
8975   1.66369
8980   -1.03328
8985   -1.48656
8990   -0.0429468
8995   -1.80032
9000   -1.90948
9005   0.0721738
9010   -1.59477
9015   0.024867
9020   -0.202721
9025   -2.32697
9030   0.982006
9035   0.252146
9040   0.729478
9045   -1.9645
9050   -0.537073
9055   -0.717166
9060   0.772366
9065   -1.95729
9070   -0.0360615
9075   -1.11316
9080   0.705811
9085   -0.654474
9090   2.1829
9095   -1.00622
9100   -0.562215
9105   -0.387392
9110   1.72799
9115   0.497323
9120   0.856685
9125   0.0568831
9130   0.40266
9135   -0.705425
9140   1.96854
9145   0.243752
9150   -0.0461325
9155   2.28515
9160   1.15716
9165   1.30158
9170   0.611857
9175   0.189935
9180   1.40502
9185   3.00924
9190   1.87886
9195   3.08888
9200   -0.253952
9205   -0.729782
9210   -1.72955
9215   0.102414
9220   -2.06989
9225   -0.740986
9230   0.982562
9235   -1.62796
9240   -1.38071
9245   -2.31916
9250   0.717319
9255   1.22766
9260   0.293433
9265   2.82242
9270   0.267464
9275   -2.24795
9280   -1.27071
9285   -1.10647
9290   -0.959064
9295   1.92591
9300   -1.28321
9305   1.57743
9310   1.87202
9315   2.60753
9320   0.645148
9325   0.31533
9330   -1.3201
9335   -2.01497
9340   -1.23156
9345   1.88011
9350   -0.79111
9355   -2.22006
9360   0.939774
9365   -1.63515
9370   -0.96192
9375   1.21143
9380   -0.0892949
9385   2.75809
9390   1.23665
9395   -1.39906
9400   -3.00824
9405   0.601505
9410   0.013995
9415   0.209252
9420   1.34807
9425   -0.66633
9430   -0.0248901
9435   0.768917
9440   1.73613
9445   0.204692
9450   -1.5725
9455   -2.55719
9460   -2.22289
9465   1.9193
9470   0.0296767
9475   -0.287912
9480   0.344711
9485   0.745036
9490   -1.24788
9495   0.563368
9500   -0.592415
9505   0.527333
9510   1.69553
9515   0.972068
9520   0.370275
9525   0.835332
9530   -1.46651
9535   -0.159376
9540   -2.79989
9545   -0.0774769
9550   -0.219922
9555   -0.810062
9560   0.156753
9565   1.39945
9570   2.0283
9575   1.6538
9580   0.484854
9585   0.768589
9590   -1.47772
9595   1.83874
9600   -2.46406
9605   -0.807235
9610   0.757228
9615   -0.979833
9620   -1.95778
9625   -1.70214
9630   -3.05918
9635   1.57294
9640   -0.362535
9645   -0.834031
9650   -1.93328
9655   0.567974
9660   -0.297641
9665   2.24288
9670   1.68986
9675   -1.08909
9680   -1.29014
9685   1.87027
9690   1.92124
9695   1.43
9700   -0.38656
9705   2.22793
9710   1.48155
9715   -1.0639
9720   -1.49171
9725   -0.457612
9730   -1.38981
9735   -1.34069
9740   -1.33243
9745   1.56916
9750   -1.04917
9755   2.11657
9760   3.12883
9765   1.63296
9770   1.04755
9775   0.949162
9780   1.95263
9785   2.62108
9790   2.73342
9795   2.54651
9800   -0.259109
9805   2.72955
9810   -1.62834
9815   -1.64678
9820   1.81033
9825   -1.98864
9830   0.0588695
9835   1.61679
9840   0.958835
9845   -1.44575
9850   -0.449887
9855   -2.16271
9860   -0.756587
9865   -1.23426
9870   -0.894542
9875   -0.443246
9880   -2.1616
9885   -0.990199
9890   -1.77332
9895   -1.61094
9900   0.122349
9905   0.227463
9910   0.12533
9915   -1.08604
9920   1.13037
9925   0.583081
9930   -1.5089
9935   -2.3407
9940   -1.0805
9945   1.1915
9950   1.30736
9955   -2.07317
9960   -0.141538
9965   1.58311
9970   -0.421026
9975   -0.843862
9980   -0.534928
9985   -2.86301
9990   -3.25429
9995   0.826152
