0   1
5   1.24753
10   0.811931
15   -0.589127
20   -1.41033
25   0.587673
30   0.810328
35   -0.806931
40   -1.35686
45   0.767803
50   1.24697
55   1.24813
60   -0.588067
65   -0.826529
70   -1.24711
75   -1.41193
80   -0.578331
85   -0.592505
90   -0.81034
95   1.35293
100   -0.571612
105   1.35351
110   -0.625611
115   -0.81042
120   -1.35687
125   0.751603
130   0.576726
135   0.826501
140   -0.752892
145   -1.41073
150   0.587672
155   -0.573472
160   -1.17629
165   -0.647958
170   -0.630475
175   1.35337
180   -0.767811
185   0.643234
190   -1.18954
195   0.752009
200   -0.753073
205   1.24327
210   -1.18808
215   -0.577787
220   1.4237
225   0.64856
230   0.646676
235   -0.589529
240   -0.810333
245   1.24313
250   -1.22588
255   -0.774079
260   -0.592981
265   0.753459
270   0.810731
275   0.82707
280   -0.80689
285   -0.593061
290   -0.756341
295   -0.592938
300   1.42366
305   0.828559
310   -1.36909
315   -1.24843
320   -0.577934
325   -0.810304
330   1.18913
335   0.75779
340   -0.807059
345   -1.24706
350   1.40587
355   1.24852
360   0.774134
365   0.756781
370   -1.24326
375   1.36808
380   -0.641776
385   1.18954
390   0.757791
395   0.756741
400   1.37294
405   1.35824
410   -1.3516
415   -0.758184
420   -0.646942
425   -1.19267
430   0.822202
435   0.576898
440   0.772502
445   -1.17302
450   -1.42795
455   -0.82857
460   1.22689
465   1.35788
470   -1.4056
475   1.18768
480   -1.42221
485   1.22544
490   0.631878
495   1.41044
500   1.35833
505   1.4284
510   0.594571
515   -1.36966
520   0.625572
525   -1.40738
530   0.57148
535   0.756289
540   0.576738
545   -0.823699
550   -0.576902
555   0.589698
560   -0.807467
565   0.769138
570   0.772969
575   -1.35302
580   -1.41219
585   0.805468
590   -1.35294
595   1.18781
600   1.24799
605   -0.642067
610   0.76954
615   1.41077
620   -0.767672
625   -1.24697
630   -0.81193
635   1.40693
640   -0.821681
645   0.626903
650   0.810423
655   -0.806931
660   -0.647061
665   1.17333
670   -1.36825
675   1.18778
680   0.647986
685   -0.753325
690   1.22707
695   0.631882
700   1.24664
705   0.577929
710   1.4265
715   1.19457
720   0.577803
725   -1.3535
730   -0.632189
735   1.17336
740   -0.752049
745   -1.37293
750   0.751564
755   1.35673
760   1.1782
765   1.19396
770   -1.3682
775   0.821775
780   1.1769
785   1.24796
790   -1.42207
795   0.641644
800   0.810459
805   -1.35293
810   1.36781
815   0.758224
820   -1.22706
825   -1.35788
830   -1.4284
835   -1.35837
840   0.751599
845   -0.627074
850   -1.24662
855   0.822071
860   1.3731
865   -0.571563
870   0.807511
875   -0.643138
880   1.35334
885   -0.641811
890   0.76954
895   -0.76923
900   -0.810769
905   0.82313
910   -0.7529
915   1.17307
920   -1.35205
925   -0.578185
930   -1.1925
935   0.806002
940   0.827059
945   -0.75289
950   1.40707
955   -0.805481
960   0.589143
965   -1.17347
970   0.752048
975   1.19293
980   -0.588201
985   0.643671
990   1.41046
995   1.17833
1000   -0.752037
1005   1.18927
1010   0.64799
1015   0.592675
1020   0.59254
1025   -0.58966
1030   0.807467
1035   0.810862
1040   0.77307
1045   0.576779
1050   -1.1735
1055   -0.773952
1060   1.35302
1065   1.19439
1070   -1.2422
1075   -1.42812
1080   1.36763
1085   0.758223
1090   0.826942
1095   -1.40689
1100   1.40548
1105   -1.22548
1110   1.35192
1115   -0.805615
1120   -0.647058
1125   0.589528
1130   1.42653
1135   0.578366
1140   1.42651
1145   -1.17143
1150   0.642253
1155   0.646661
1160   -1.18953
1165   0.588209
1170   -0.753471
1175   0.627069
1180   1.19262
1185   -0.626002
1190   0.807379
1195   1.42706
1200   -0.587632
1205   1.24367
1210   1.37412
1215   0.758239
1220   -1.36926
1225   -0.828427
1230   -0.576913
1235   -0.810302
1240   0.643131
1245   -0.753337
1250   0.627069
1255   0.826624
1260   -1.18909
1265   0.752011
1270   1.41073
1275   1.41233
1280   -1.40547
1285   -1.41232
1290   -1.37453
1295   1.42176
1300   -1.17145
1305   1.36825
1310   -1.36778
1315   0.571576
1320   0.772489
1325   0.772977
1330   0.592978
1335   0.772541
1340   0.772977
1345   -1.42322
1350   -1.19456
1355   1.4222
1360   -0.587644
1365   -1.37253
1370   0.805565
1375   1.37306
1380   0.632237
1385   1.37264
1390   -1.42176
1395   -0.632355
1400   1.17336
1405   -0.768249
1410   1.40703
1415   0.812319
1420   -0.643126
1425   -1.17646
1430   -0.631759
1435   1.40736
1440   -0.57148
1445   -0.576289
1450   0.6275
1455   -1.40738
1460   -1.17832
1465   -1.37396
1470   0.751561
1475   1.42693
1480   0.632367
1485   -1.18956
1490   1.40601
1495   -1.42168
1500   -1.37455
1505   1.18776
1510   0.631786
1515   1.42664
1520   1.24857
1525   -1.22587
1530   1.35192
1535   1.24839
1540   0.757934
1545   -0.627058
1550   0.753376
1555   -0.753069
1560   1.42327
1565   -1.35144
1570   -0.648384
1575   -0.592676
1580   -0.77254
1585   -1.23078
1590   -0.631891
1595   -0.592635
1600   1.36966
1605   0.812228
1610   -1.22693
1615   -1.23188
1620   0.625907
1625   -1.17338
1630   -1.19395
1635   -1.2318
1640   0.571907
1645   0.75629
1650   -1.18926
1655   -1.42799
1660   -1.24857
1665   -1.42813
1670   0.62543
1675   -0.76958
1680   -0.59297
1685   -1.37254
1690   1.18776
1695   -1.35201
1700   0.571615
1705   0.646489
1710   -1.40733
1715   -1.23232
1720   0.588105
1725   -1.17347
1730   1.24225
1735   -0.751881
1740   0.753073
1745   0.81073
1750   -0.62693
1755   1.42358
1760   1.42856
1765   -0.641629
1770   0.627341
1775   1.24662
1780   1.41193
1785   0.774531
1790   -0.627018
1795   -0.826624
1800   1.42309
1805   1.23236
1810   1.41189
1815   -1.24167
1820   -0.774117
1825   -1.24698
1830   1.18807
1835   -1.17201
1840   1.40605
1845   -0.805483
1850   1.42314
1855   1.19456
1860   0.577803
1865   0.756304
1870   -1.42326
1875   -1.37456
1880   -1.35824
1885   -1.3582
1890   -0.7582
1895   -1.24694
1900   -0.59413
1905   0.627456
1910   1.42662
1915   0.632367
1920   1.23044
1925   -1.17191
1930   0.806052
1935   1.42706
1940   1.37457
1945   1.19444
1950   -1.226
1955   0.805921
1960   -0.572942
1965   0.573508
1970   0.772494
1975   -0.823223
1980   0.5891
1985   1.35633
1990   -1.1716
1995   1.35205
2000   -1.40561
2005   -0.632316
2010   -1.19264
2015   1.2422
2020   0.577919
2025   -1.1735
2030   -0.827952
2035   0.626888
2040   -1.22738
2045   0.822117
2050   -1.2431
2055   -0.577921
2060   0.807496
2065   -1.17294
2070   -0.82795
2075   -0.773112
2080   0.807021
2085   0.647061
2090   -0.643528
2095   1.36954
2100   -1.36777
2105   -0.774424
2110   -1.37298
2115   1.36776
2120   0.594424
2125   -0.573456
2130   0.807507
2135   0.756862
2140   -1.35306
2145   -1.42839
2150   1.35143
2155   1.24838
2160   -1.17187
2165   -1.41175
2170   -1.37453
2175   -0.59444
2180   -1.23034
2185   -0.64809
2190   -0.630475
2195   1.18957
2200   0.631791
2205   -1.40736
2210   -1.35832
2215   -0.594401
2220   1.42366
2225   1.24856
2230   -1.22587
2235   1.17192
2240   1.42795
2245   -1.42163
2250   -1.23235
2255   1.24211
2260   -1.22588
2265   -0.577879
2270   1.3535
2275   -0.587811
2280   -0.826528
2285   0.752892
2290   -1.24327
2295   -1.23192
2300   1.36811
2305   1.37442
2310   0.59444
2315   0.592544
2320   1.42654
2325   1.23237
2330   -0.588105
2335   0.643671
2340   0.630464
2345   -1.22737
2350   1.24212
2355   1.24812
2360   -1.36807
2365   1.17158
2370   -1.36825
2375   0.751575
2380   -0.769274
2385   0.573031
2390   -1.24371
2395   0.805878
2400   -0.589142
2405   -1.42653
2410   -0.648566
2415   -1.17648
2420   -1.35776
2425   -0.812199
2430   -1.37307
2435   1.35156
2440   1.41218
2445   -1.18767
2450   1.42221
2455   1.23236
2460   -0.805905
2465   1.36914
2470   0.774427
2475   -0.627018
2480   1.24358
2485   -0.625878
2490   0.807379
2495   1.23086
2500   1.35789
2505   -0.5878
2510   -0.810328
2515   0.823131
2520   0.8271
2525   -0.82309
2530   0.5729
2535   -0.753508
2540   1.22707
2545   -0.642118
2550   -0.75646
2555   0.753062
2560   0.77293
2565   0.592978
2570   1.17634
2575   0.593959
2580   -0.589657
2585   0.627467
2590   -1.17338
2595   0.822249
2600   -0.643102
2605   -0.630463
2610   -0.592632
2615   1.36966
2620   -1.24177
2625   -1.24812
2630   0.751867
2635   1.19293
2640   0.811799
2645   0.827073
2650   -0.76909
2655   -1.35677
2660   -0.632197
2665   1.42356
2670   0.648559
2675   -0.573324
2680   1.40751
2685   -1.22548
2690   -1.17788
2695   0.752038
2700   -1.40707
2705   1.40548
2710   0.648515
2715   0.592676
2720   -0.80746
2725   1.42314
2730   1.17836
2735   -0.572037
2740   0.80751
2745   1.24706
2750   1.23193
2755   0.828094
2760   0.647112
2765   1.41047
2770   0.578327
2775   -1.24369
2780   -0.757922
2785   -1.35674
2790   0.625603
2795   0.59262
2800   -0.64366
2805   0.627336
2810   -0.807376
2815   -1.41086
2820   -1.37453
2825   0.62556
2830   0.59262
2835   0.77254
2840   -0.643223
2845   0.643537
2850   0.756464
2855   -0.573062
2860   -0.630293
2865   -1.24663
2870   -1.24813
2875   -0.577933
2880   -0.826504
2885   -0.810908
2890   -0.827071
2895   -1.37311
2900   -1.41224
2905   0.571468
2910   -1.35351
2915   1.17161
2920   0.773947
2925   0.630781
2930   -0.573367
2935   -0.576293
2940   -0.7563
2945   1.17306
2950   -0.822249
2955   0.752902
2960   1.41073
2965   -1.17147
2970   -1.23175
2975   1.40591
2980   -1.17148
2985   1.22605
2990   0.648079
2995   -0.573325
3000   1.35351
3005   0.578189
3010   -1.3697
3015   1.35157
3020   1.37438
3025   1.24844
3030   -1.18807
3035   -1.24799
3040   1.22587
3045   -1.36812
3050   1.18778
3055   0.811786
3060   0.630873
3065   1.41043
3070   1.35833
3075   1.4284
3080   1.35837
3085   -1.1716
3090   0.752053
3095   -1.35307
3100   -0.828388
3105   -1.24711
3110   1.40587
3115   -0.821684
3120   0.626903
3125   0.646623
3130   -1.42353
3135   1.24164
3140   1.35792
3145   -1.3678
3150   -1.19442
3155   1.406
3160   -1.18768
3165   -0.757786
3170   -1.17674
3175   0.806041
3180   1.24706
3185   0.57793
3190   0.630304
3195   -1.42357
3200   -1.19456
3205   1.4222
3210   -0.571444
3215   -0.592489
3220   1.24366
3225   1.37412
3230   -0.821761
3235   -0.576897
3240   -1.4103
3245   1.40547
3250   1.24852
3255   1.35793
3260   0.6322
3265   -1.17336
3270   -0.757751
3275   -0.826941
3280   1.22689
3285   -1.22592
3290   0.588121
3295   1.37253
3300   -0.587765
3305   -0.630328
3310   0.589568
3315   0.756333
3320   -0.769262
3325   1.18923
3330   -1.40601
3335   0.821683
3340   -0.823103
3345   0.8231
3350   0.7569
3355   0.576739
3360   0.772501
3365   0.772977
3370   0.810778
3375   -1.24313
3380   1.40588
3385   0.812316
3390   0.576874
3395   1.4103
3400   -1.42167
3405   0.751445
3410   -0.753074
3415   1.40707
3420   1.23232
3425   0.774095
3430   -0.769219
3435   -1.35677
3440   -1.3744
3445   -1.35824
3450   1.1716
3455   -0.642253
3460   -1.37266
3465   -1.23224
3470   -0.648094
3475   -1.37267
3480   0.821764
3485   1.3569
3490   -1.2256
3495   -1.17788
3500   -0.631762
3505   -1.17644
3510   -1.19396
3515   -0.648001
3520   -1.24667
3525   1.40587
3530   1.17832
3535   -1.42224
3540   1.22544
3545   0.757878
3550   0.576742
3555   -1.1897
3560   -0.577791
3565   1.2275
3570   0.828083
3575   0.647112
3580   0.810472
3585   1.37307
3590   -1.35156
3595   1.17162
3600   0.593947
3605   -0.573457
3610   -1.37249
3615   -0.828435
3620   -0.647113
3625   0.823528
3630   -1.1891
3635   -1.35779
3640   -1.4122
3645   0.805468
3650   -0.589143
3655   -0.810332
3660   0.823131
3665   -1.4069
3670   1.42168
3675   0.758355
3680   1.35674
3685   0.758197
3690   -0.807058
3695   -1.42706
3700   1.36763
3705   1.41222
3710   0.632332
3715   1.17644
3720   1.42796
3725   -1.36763
3730   -1.35822
3735   -0.8122
3740   -1.17687
3745   -0.81176
3750   -0.593073
3755   -1.24654
3760   1.42207
3765   0.578356
3770   0.772505
3775   -1.40702
3780   0.805481
3785   0.593057
3790   -0.627459
3795   -1.23042
3800   -0.64809
3805   -1.23047
3810   0.57191
3815   0.82649
3820   0.593108
3825   -1.18966
3830   1.36821
3835   -0.641775
3840   0.82354
3845   0.593101
3850   -0.753459
3855   0.807069
3860   -0.572939
3865   -1.42649
3870   1.22543
3875   1.17788
3880   0.577762
3885   -1.3535
3890   0.587811
3895   1.23033
3900   -1.17191
3905   -0.773948
3910   -1.41078
3915   1.24167
3920   -1.42208
3925   0.641644
3930   0.630459
3935   -1.22737
3940   0.768117
3945   1.37297
3950   -1.24176
3955   -0.774117
3960   -0.592981
3965   0.589659
3970   0.756333
3975   -1.40706
3980   -1.23232
3985   1.22591
3990   -0.642121
3995   1.24354
4000   0.828122
4005   1.19311
4010   -1.3682
4015   -1.17822
4020   1.18824
4025   0.757787
4030   1.24694
4035   -1.40587
4040   -0.812316
4045   -0.576874
4050   1.3697
4055   -0.587772
4060   -0.646528
4065   -0.826671
4070   -1.42711
4075   -0.594568
4080   -1.17634
4085   -1.42796
4090   0.62543
4095   1.24662
4100   1.37413
4105   0.648439
4110   0.630476
4115   -0.643568
4120   1.24354
4125   -1.22588
4130   1.42212
4135   1.35836
4140   -1.1878
4145   -1.41179
4150   -1.24853
4155   0.588066
4160   1.41033
4165   0.578327
4170   -1.40749
4175   1.35148
4180   -1.35162
4185   -0.758184
4190   0.573058
4195   0.756293
4200   -0.573062
4205   -0.576293
4210   1.2437
4215   -1.36808
4220   1.17158
4225   0.577747
4230   -1.3535
4235   -1.17819
4240   -1.17776
4245   -1.37396
4250   1.17156
4255   -1.24225
4260   0.822081
4265   -0.626902
4270   -0.772623
4275   1.22702
4280   1.41188
4285   0.828531
4290   1.17691
4295   1.19396
4300   0.757801
4305   -0.643259
4310   1.24354
4315   -0.822078
4320   1.3691
4325   0.648427
4330   -0.753324
4335   -0.810731
4340   -0.82707
4345   1.17289
4350   0.59395
4355   0.756343
4360   -0.589262
4365   -0.646532
4370   -1.24667
4375   1.36807
4380   -0.767776
4385   -0.576766
4390   -1.2303
4395   -0.63189
4400   0.643565
4405   -1.36954
4410   -1.35823
4415   1.1878
4420   -0.822214
4425   0.643102
4430   1.37266
4435   -1.22556
4440   1.18812
4445   0.593987
4450   -1.22746
4455   0.571917
4460   1.41029
4465   0.594527
4470   0.646545
4475   0.810471
4480   -0.589131
4485   -1.23033
4490   -0.64809
4495   -1.17647
4500   -0.647959
4505   -0.756475
4510   1.24326
4515   0.594121
4520   -0.573456
4525   -0.810293
4530   -0.593069
4535   1.40746
4540   0.77452
4545   -1.35302
4550   -1.42839
4555   -0.828571
4560   0.806887
4565   -0.769139
4570   1.42323
4575   0.758358
4580   0.630743
4585   0.756433
4590   -0.627062
4595   -1.24662
4600   -0.811929
4605   0.589127
4610   -0.573468
4615   -0.630294
4620   0.807368
4625   -0.823138
4630   -1.4271
4635   -0.828568
4640   -1.23091
4645   1.40591
4650   1.35832
4655   1.2322
4660   -0.588106
4665   0.589671
4670   0.630333
4675   1.23043
4680   0.75789
4685   -0.823258
4690   -0.827101
4695   0.58909
4700   0.592531
4705   1.35634
4710   -0.625604
4715   -0.75642
4720   1.18926
4725   0.64799
4730   1.23047
4735   -0.58811
4740   0.753471
4745   -1.24327
4750   -0.757921
4755   0.573058
4760   0.772493
4765   0.576777
4770   -1.1735
4775   1.22605
4780   -0.625921
4785   1.42358
4790   0.648559
4795   0.630476
4800   -1.36957
4805   0.751572
4810   -0.753074
4815   -0.59293
4820   -0.630341
4825   -1.23043
4830   0.75191
4835   0.576727
4840   0.756301
4845   0.592938
4850   1.37254
4855   0.648435
4860   1.24668
4865   -1.40587
4870   0.751484
4875   0.826926
4880   -1.24309
4885   0.822079
4890   0.576898
4895   0.826502
4900   1.42711
4905   1.24857
4910   -0.625866
4915   1.22738
4920   -1.36812
4925   0.571575
4930   -0.573511
4935   -0.756294
4940   0.807062
4945   -0.806939
4950   0.769139
4955   1.42697
4960   0.578368
4965   1.37251
4970   0.578235
4975   0.772505
4980   -1.17302
4985   1.22605
4990   1.41188
4995   0.828531
5000   0.827113
5005   0.59311
5010   -1.42366
5015   -0.812359
5020   -1.24707
5025   0.82207
5030   1.4271
5035   0.632368
5040   0.630437
5045   -0.643568
5050   0.769536
5055   -0.58923
5060   0.807468
5065   -0.769138
5070   0.627031
5075   -1.36958
5080   1.22557
5085   -1.24212
5090   1.35188
5095   -0.751615
5100   -0.646926
5105   1.35333
5110   -0.625611
5115   -0.59262
5120   0.82366
5125   0.593101
5130   -1.42366
5135   -0.632359
5140   1.42356
5145   -1.18764
5150   -0.577786
5155   -0.592504
5160   -1.42654
5165   -1.19457
5170   -0.648003
5175   -1.41047
5180   1.36767
5185   -1.22558
5190   1.22592
5195   0.577879
5200   -1.2437
5205   -0.648122
5210   -1.35647
5215   -0.632196
5220   -1.23044
5225   1.24211
5230   -0.588082
5235   -0.576329
5240   1.4075
5245   -1.36768
5250   1.24178
5255   1.37412
5260   0.758239
5265   -1.42326
5270   1.42164
5275   -1.22545
5280   -0.757878
5285   0.807058
5290   0.576861
5295   0.630302
5300   0.826632
5305   -1.24309
5310   1.22588
5315   0.594079
5320   -1.17346
5325   1.40605
5330   0.828517
5335   0.593113
5340   0.630341
5345   -0.573368
5350   1.42371
5355   0.63236
5360   -1.40736
5365   0.64168
5370   1.42666
5375   0.648567
5380   0.772676
5385   0.772978
5390   -0.823222
5395   -1.2309
5400   0.751909
5405   -1.35307
5410   0.571612
5415   1.42649
5420   -0.571434
5425   -0.826489
5430   1.35289
5435   0.648388
5440   0.756476
5445   -0.627062
5450   1.18958
5455   1.37399
5460   -0.587761
5465   -1.41033
5470   0.751473
5475   -1.18927
5480   1.40601
5485   1.41232
5490   1.24853
5495   -0.768066
5500   0.573034
5505   -0.573508
5510   -1.42649
5515   1.36763
5520   -1.40558
5525   -0.648516
5530   1.22732
5535   0.577882
5540   -1.3697
5545   -0.594428
5550   -0.810344
5555   0.823131
5560   1.1769
5565   -1.35204
5570   1.35161
5575   -1.24182
5580   -0.774118
5585   -0.592981
5590   -1.41034
5595   -0.758327
5600   0.807057
5605   0.647061
5610   -0.573328
5615   -1.35629
5620   -1.3582
5625   1.3678
5630   0.828424
5635   0.810913
5640   -0.823129
5645   -1.4271
5650   -1.17837
5655   -0.577763
5660   0.589696
5665   -0.627467
5670   -1.41042
5675   -1.35833
5680   -0.774401
5685   -1.19298
5690   -0.811799
5695   -0.630873
5700   0.807367
5705   -1.18914
5710   1.42221
5715   1.37456
5720   0.81224
5725   0.827074
5730   -0.58909
5735   -1.19253
5740   1.226
5745   0.828079
5750   -1.42309
5755   -1.19456
5760   -1.2318
5765   0.768107
5770   0.826966
5775   -0.62689
5780   1.17338
5785   1.41175
5790   1.19453
5795   -0.588197
5800   -1.41033
5805   0.751473
5810   1.42693
5815   -1.24163
5820   1.24208
5825   -1.42208
5830   -1.23236
5835   -1.17789
5840   0.822238
5845   -0.823102
5850   -0.7569
5855   -0.826939
5860   1.18909
5865   -0.572011
5870   1.35351
5875   1.17819
5880   1.42796
5885   -0.80543
5890   0.572943
5895   -0.573508
5900   -1.37249
5905   -1.35824
5910   -1.1944
5915   1.1882
5920   -0.768213
5925   -0.646967
5930   0.589528
5935   0.576333
5940   -1.1897
5945   1.40601
5950   1.35832
5955   0.578201
5960   -1.40749
5965   -1.23232
5970   -1.24809
5975   0.588067
5980   -0.753471
5985   1.36927
5990   -1.22557
5995   1.35192
6000   -1.35161
6005   0.805616
6010   -1.24314
6015   0.625879
6020   -0.769579
6025   -1.41077
6030   1.40547
6035   -1.42168
6040   0.641645
6045   0.592659
6050   -1.17346
6055   -1.23175
6060   1.40591
6065   0.812316
6070   -1.17293
6075   0.64225
6080   0.810461
6085   -0.769131
6090   0.753031
6095   0.81073
6100   -1.36913
6105   -1.24843
6110   -1.17793
6115   -0.647962
6120   -1.37267
6125   -0.774436
6130   -0.772982
6135   -1.23078
6140   -1.17789
6145   1.36824
6150   -1.40558
6155   -1.41232
6160   -1.19453
6165   1.226
6170   0.648079
6175   0.646675
6180   0.756471
6185   -1.35306
6190   0.805612
6195   -0.643142
6200   -0.646663
6205   1.40733
6210   -1.22548
6215   0.588122
6220   0.592529
6225   0.57634
6230   -1.4075
6235   0.82168
6240   -1.4231
6245   0.587642
6250   0.592528
6255   0.82654
6260   -1.22689
6265   -0.774081
6270   1.18922
6275   -1.42221
6280   0.571444
6285   1.17629
6290   -0.642242
6295   0.573339
6300   0.576293
6305   1.4103
6310   -1.24167
6315   1.24208
6320   0.811918
6325   1.17687
6330   -1.40604
6335   -0.758317
6340   -1.17674
6345   0.626041
6350   -0.753379
6355   -1.24693
6360   -1.19413
6365   -0.757802
6370   -1.19294
6375   -0.577799
6380   -1.3563
6385   -0.578196
6390   0.753495
6395   -1.35307
6400   -0.648388
6405   -1.42668
6410   -0.774567
6415   -1.23078
6420   -1.35789
6425   0.5878
6430   1.42653
6435   -0.805434
6440   1.24314
6445   0.648121
6450   -1.35333
6455   0.805611
6460   0.647058
6465   -0.807328
6470   -1.35686
6475   -1.1782
6480   0.588237
6485   1.23033
6490   -1.22591
6495   -1.42808
6500   -0.64857
6505   -0.772676
6510   -0.810778
6515   -0.63087
6520   0.807367
6525   0.827062
6530   0.57691
6535   -0.769698
6540   1.17303
6545   0.75775
6550   0.592941
6555   -0.823659
6560   -1.4271
6565   1.40543
6570   -1.17148
6575   -0.593947
6580   -0.592543
6585   0.57346
6590   1.35629
6595   -0.751604
6600   1.42327
6605   -1.35144
6610   -1.19438
6615   0.751998
6620   -0.823273
6625   0.589099
6630   -0.643668
6635   1.36954
6640   0.758228
6645   -1.22706
6650   0.751918
6655   -0.807073
6660   0.589139
6665   0.576332
6670   -1.2275
6675   1.22592
6680   1.35788
6685   1.3744
6690   -0.82176
6695   -1.4271
6700   0.625432
6705   -0.64358
6710   1.42354
6715   0.594559
6720   -0.823655
6725   -1.3569
6730   0.641803
6735   -1.42354
6740   -1.23236
6745   -0.828095
6750   1.22689
6755   -0.571919
6760   0.57351
6765   1.19249
6770   1.3578
6775   0.812199
6780   0.576874
6785   -0.807498
6790   1.36914
6795   -1.40557
6800   -1.37452
6805   -0.77444
6810   -0.772982
6815   -0.756778
6820   1.36926
6825   -0.625573
6830   1.22738
6835   -0.642117
6840   -0.64666
6845   1.40733
6850   0.59452
6855   1.37254
6860   1.17824
6865   0.577763
6870   -0.753496
6875   -0.576731
6880   -1.2465
6885   1.24207
6890   1.35792
6895   -0.6256
6900   0.76958
6905   -1.35303
6910   -0.632188
6915   -0.810436
6920   -0.756869
6925   1.35306
6930   -0.767812
6935   -1.42697
6940   -1.23237
6945   -0.828095
6950   1.35289
6955   1.41219
6960   0.828532
6965   -0.626887
6970   -0.772623
6975   1.18922
6980   0.59399
6985   -1.42366
6990   1.18764
6995   -0.588214
7000   0.753471
7005   -0.807069
7010   1.35294
7015   -0.767812
7020   0.573034
7025   0.826492
7030   -1.40689
7035   0.767681
7040   1.17677
7045   -1.40604
7050   1.18768
7055   0.811786
7060   0.827073
7065   -0.75289
7070   -1.17673
7075   -1.24796
7080   1.18807
7085   0.827987
7090   -1.36909
7095   1.36777
7100   1.37442
7105   -1.17156
7110   -0.773947
7115   1.18922
7120   -1.42221
7125   0.805444
7130   0.576857
7135   0.630302
7140   1.19263
7145   0.631798
7150   -1.17336
7155   -0.827951
7160   -1.37311
7165   0.821763
7170   0.647097
7175   -1.17333
7180   0.642249
7185   1.37266
7190   0.578236
7195   1.19251
7200   0.647998
7205   0.646675
7210   -0.823529
7215   0.589099
7220   -1.18967
7225   1.42221
7230   0.828556
7235   -1.17289
7240   -0.77395
7245   -0.810781
7250   -0.77307
7255   -0.810779
7260   0.57293
7265   0.630292
7270   -0.643568
7275   1.17334
7280   1.37395
7285   -1.35156
7290   1.35162
7295   0.774384
7300   1.19298
7305   -0.642201
7310   -1.24666
7315   1.42207
7320   1.42856
7325   -0.805429
7330   0.643143
7335   -1.17334
7340   -1.42795
7345   -0.57837
7350   -0.646505
7355   -0.772671
7360   0.753022
7365   -1.36927
7370   -0.774427
7375   -1.42698
7380   -1.17837
7385   1.24224
7390   -1.35188
7395   -0.828385
7400   -1.17691
7405   -1.17776
7410   0.588238
7415   -1.18967
7420   -0.593991
7425   -1.42654
7430   -1.35837
7435   -1.3582
7440   0.7678
7445   -0.769234
7450   -1.24697
7455   0.62587
7460   -1.22738
7465   0.625917
7470   -1.24358
7475   0.751878
7480   -1.17307
7485   -0.773951
7490   0.627019
7495   -1.18958
7500   -0.647991
7505   0.643525
7510   0.826664
7515   1.17691
7520   -1.36824
7525   0.587775
7530   0.826528
7535   0.593108
7540   0.646541
7545   -1.24353
7550   0.571878
7555   -1.36971
7560   0.751572
7565   1.41073
7570   1.42853
7575   1.17837
7580   1.41176
7585   -0.641669
7590   0.807341
7595   -0.643138
7600   0.627337
7605   -1.35338
7610   0.641811
7615   0.64666
7620   0.646671
7625   0.756471
7630   1.23074
7635   0.577891
7640   -0.573496
7645   -0.756294
7650   -1.23074
7655   -1.42809
7660   -0.64857
7665   0.807324
7670   -0.589138
7675   1.40747
7680   -1.22548
7685   1.35192
7690   1.35819
7695   -1.3678
7700   0.587776
7705   1.17633
7710   0.773958
7715   0.630781
7720   -1.17337
7725   -1.42795
7730   -0.82857
7735   -1.17691
7740   -1.17776
7745   -1.41176
7750   -0.758331
7755   -1.19294
7760   -1.2318
7765   1.35191
7770   0.648385
7775   1.17648
7780   0.593959
7785   -0.573457
7790   -0.826493
7795   1.24309
7800   -0.751879
7805   -0.630727
7810   -1.37263
7815   0.587765
7820   0.646528
7825   0.630471
7830   -1.36957
7835   1.36777
7840   -0.805576
7845   0.752942
7850   0.59293
7855   0.630341
7860   1.19263
7865   -1.352
7870   1.35161
7875   1.19438
7880   0.631802
7885   -0.807365
7890   -1.37306
7895   0.751563
7900   1.42693
7905   1.41237
7910   0.648532
7915   -0.643524
7920   -1.42666
7925   -1.24857
7930   -1.42813
7935   -0.57837
7940   -1.17631
7945   -1.19396
7950   -0.774001
7955   -0.630781
7960   1.18957
7965   0.811791
7970   1.42707
7975   -1.36763
7980   1.24178
7985   1.42812
7990   0.81237
7995   1.17687
8000   -0.76824
8005   -1.24697
8010   -0.59413
8015   -1.42654
8020   0.587633
8025   -1.40747
8030   -1.35832
8035   -0.774401
8040   -0.772982
8045   -0.772978
8050   0.753022
8055   1.37293
8060   -0.805564
8065   -1.35686
8070   0.641803
8075   1.41046
8080   -1.40547
8085   -1.37452
8090   -1.17824
8095   0.572037
8100   1.35629
8105   -1.4218
8110   1.22545
8115   -0.571922
8120   -0.59249
8125   1.40746
8130   -0.57148
8135   1.42371
8140   1.17836
8145   -1.42224
8150   0.751444
8155   0.810726
8160   1.37307
8165   0.758237
8170   -0.589257
8175   -0.576332
8180   -1.1925
8185   0.752002
8190   0.646927
8195   0.576472
8200   -1.4075
8205   1.22548
8210   0.774078
8215   1.35678
8220   1.4122
8225   -0.571468
8230   0.627511
8235   -1.36958
8240   1.40557
8245   0.812316
8250   -0.626926
8255   -0.646623
8260   -1.23047
8265   -1.19409
8270   1.1882
8275   -0.572013
8280   -1.37249
8285   -1.19444
8290   -0.577802
8295   0.769696
8300   -0.82323
8305   -1.1769
8310   -0.64796
8315   0.823525
8320   1.1931
8325   1.2318
8330   1.19409
8335   -1.352
8340   0.587815
8345   -0.627472
8350   -0.756425
8355   -1.42694
8360   0.767633
8365   0.630765
8370   0.576433
8375   1.3563
8380   -0.587804
8385   -0.756328
8390   1.35306
8395   -1.22561
8400   -0.774078
8405   0.807019
8410   -1.22694
8415   0.805919
8420   -0.752942
8425   1.17307
8430   0.631751
8435   -0.753365
8440   1.35307
8445   -0.767812
8450   -1.37297
8455   -1.42844
8460   -0.648571
8465   0.589524
8470   -0.769667
8475   1.36923
8480   -1.18777
8485   1.18821
8490   1.17779
8495   -0.806038
8500   -0.756859
8505   -0.576739
8510   0.573499
8515   1.42649
8520   1.24857
8525   -1.22587
8530   -0.757879
8535   1.24326
8540   -0.588079
8545   -1.23033
8550   -0.64809
8555   1.42353
8560   -1.17144
8565   -1.42795
8570   1.40543
8575   -1.22548
8580   -0.594078
8585   -0.756344
8590   0.573062
8595   1.24649
8600   -0.588071
8605   0.589671
8610   -0.823667
8615   0.589098
8620   1.19253
8625   1.428
8630   0.75837
8635   -1.18926
8640   0.75201
8645   -0.573073
8650   1.24371
8655   0.757922
8660   -0.643258
8665   -1.17646
8670   -1.42796
8675   -1.19457
8680   -0.774003
8685   1.17302
8690   1.42795
8695   -1.18763
8700   1.17201
8705   -0.626052
8710   1.36958
8715   0.648428
8720   1.24668
8725   1.19413
8730   -0.625998
8735   0.643579
8740   0.576464
8745   0.630301
8750   -1.17337
8755   -0.577751
8760   1.3697
8765   -0.587772
8770   1.35347
8775   0.648389
8780   0.826676
8785   1.24711
8790   1.19413
8795   1.2318
8800   -1.42211
8805   -1.19456
8810   0.625997
8815   0.646621
8820   0.646671
8825   0.576471
8830   1.4103
8835   -1.40547
8840   0.821685
8845   -0.572903
8850   -1.42649
8855   -0.828566
8860   -1.23091
8865   -1.37409
8870   0.625561
8875   1.23042
8880   0.81189
8885   -1.22693
8890   -1.17788
8895   1.17204
8900   0.631748
8905   0.772635
8910   -0.823222
8915   -1.1769
8920   -1.41176
8925   0.751469
8930   0.576726
8935   0.592501
8940   0.59254
8945   0.57634
8950   -1.1735
8955   1.24225
8960   -0.768081
8965   -0.630766
8970   0.573367
8975   1.24649
8980   -1.22587
8985   -1.23188
8990   0.751907
8995   -1.24327
9000   -1.35792
9005   0.6418
9010   -1.35334
9015   -0.594389
9020   -0.756344
9025   -1.41074
9030   0.821672
9035   -0.626903
9040   0.769577
9045   -1.36923
9050   -0.758227
9055   -1.17674
9060   0.806041
9065   -1.36914
9070   -0.594427
9075   -1.19254
9080   0.806002
9085   0.576859
9090   1.4103
9095   -0.821673
9100   -0.647097
9105   0.589528
9110   1.24653
9115   0.757929
9120   -0.573058
9125   0.627507
9130   0.646625
9135   0.576471
9140   1.3725
9145   0.632235
9150   0.630436
9155   1.41043
9160   -0.571473
9165   1.18971
9170   0.647991
9175   -0.627325
9180   0.823576
9185   1.4271
9190   0.828568
9195   1.42711
9200   0.578368
9205   -0.769695
9210   -1.35677
9215   0.641803
9220   -1.36954
9225   -0.648428
9230   1.18952
9235   -1.24221
9240   -1.19412
9245   -1.374
9250   1.18776
9255   1.19399
9260   -0.625999
9265   1.42358
9270   -0.751441
9275   -1.41073
9280   -0.812328
9285   -0.810874
9290   0.57293
9295   1.37249
9300   -1.35156
9305   1.24182
9310   1.35792
9315   1.4122
9320   0.758332
9325   0.756743
9330   -0.823261
9335   -1.2471
9340   -0.81193
9345   1.36913
9350   -1.18777
9355   -1.37399
9360   1.22556
9365   -1.24212
9370   -0.774118
9375   0.823219
9380   0.5931
9385   1.42654
9390   -0.571434
9395   -1.35629
9400   -1.4284
9405   1.18763
9410   0.631786
9415   0.756435
9420   1.23074
9425   -0.805909
9430   -0.630858
9435   -0.576433
9440   1.3535
9445   0.632189
9450   -1.35336
9455   -1.41219
9460   -1.24853
9465   1.40587
9470   0.594516
9475   0.592545
9480   0.64654
9485   0.772671
9490   -0.823222
9495   -0.5769
9500   -0.772502
9505   1.17302
9510   1.35775
9515   0.774399
9520   0.756782
9525   -0.573061
9530   -1.35629
9535   -0.632196
9540   -1.42664
9545   0.641633
9550   -0.753341
9555   0.573069
9560   -0.589707
9565   0.823667
9570   1.2471
9575   1.23193
9580   0.757894
9585   0.772942
9590   -1.35302
9595   1.36781
9600   -1.42178
9605   -0.648555
9610   0.807324
9615   -1.18914
9620   -1.24799
9625   -0.828133
9630   -1.42711
9635   1.36763
9640   -1.17158
9645   0.572053
9650   -1.24371
9655   0.805878
9660   -0.643142
9665   1.40734
9670   1.23232
9675   -0.822105
9680   -1.1931
9685   1.3682
9690   1.35822
9695   1.1944
9700   -1.172
9705   1.40605
9710   1.19452
9715   -1.226
9720   -1.23188
9725   -0.757893
9730   -1.23074
9735   -1.19409
9740   -1.194
9745   1.2422
9750   -1.22588
9755   1.40592
9760   1.42852
9765   1.19457
9770   -0.571997
9775   -0.57629
9780   1.2437
9785   1.41192
9790   1.41233
9795   1.37453
9800   -0.76776
9805   1.42323
9810   -1.36764
9815   -0.828423
9820   1.36909
9825   -1.40557
9830   0.641684
9835   1.35646
9840   0.774396
9845   -1.35302
9850   -0.758188
9855   -1.37294
9860   -0.648436
9865   -1.19268
9870   -0.773998
9875   0.589219
9880   -1.36967
9885   -1.17823
9890   -1.35776
9895   -1.2322
9900   0.642106
9905   0.75646
9910   -0.627062
9915   -1.19262
9920   1.226
9925   0.648079
9930   -1.35333
9935   -1.37439
9940   -0.77444
9945   0.823218
9950   1.1931
9955   -1.406
9960   0.751483
9965   1.35673
9970   -0.767803
9975   0.573034
9980   -0.643708
9985   -1.42666
9990   -1.42857
9995   0.821629
