0   1
1   1.5
2   1.75
3   -0.125
4   0.9375
5   1.46875
6   -0.265625
7   0.867188
8   1.43359
9   -0.283203
10   0.858398
11   -0.570801
12   0.7146
13   1.3573
14   1.67865
15   -0.160675
16   0.919662
17   -0.540169
18   -1.27008
19   -1.63504
20   -1.81752
21   0.0912395
22   -0.95438
23   -1.47719
24   -1.7386
25   0.130702
26   -0.934649
27   0.532676
28   1.26634
29   -0.366831
30   0.816584
31   1.40829
32   -0.295854
33   -1.14793
34   0.426037
35   -0.786982
36   0.606509
37   1.30325
38   -0.348373
39   -1.17419
40   -1.58709
41   0.206453
42   -0.896773
43   0.551613
44   -0.724193
45   0.637903
46   1.31895
47   1.65948
48   -0.170262
49   0.914869
50   1.45743
51   1.72872
52   1.86436
53   -0.0678207
54   0.96609
55   1.48304
56   -0.258478
57   0.870761
58   1.43538
59   1.71769
60   -0.141155
61   -1.07058
62   -1.53529
63   -1.76764
64   0.116178
65   -0.941911
66   -1.47096
67   -1.73548
68   0.132261
69   -0.933869
70   -1.46693
71   0.266533
72   -0.866734
73   -1.43337
74   -1.71668
75   -1.85834
76   0.0708291
77   1.03541
78   1.51771
79   1.75885
80   -0.120573
81   -1.06029
82   0.469857
83   1.23493
84   1.61746
85   -0.191268
86   0.904366
87   -0.547817
88   -1.27391
89   0.363046
90   -0.818477
91   -1.40924
92   -1.70462
93   0.14769
94   1.07385
95   1.53692
96   1.76846
97   1.88423
98   1.94212
99   1.97106
100   -0.0144712
101   -1.00724
102   -1.50362
103   0.248191
104   1.1241
105   1.56205
106   1.78102
107   -0.109488
108   0.945256
109   1.47263
110   -0.263686
111   0.868157
112   -0.565922
113   -1.28296
114   0.35852
115   -0.82074
116   0.58963
117   1.29481
118   -0.352593
119   -1.1763
120   -1.58815
121   -1.79407
122   -1.89704
123   0.0514815
124   -0.974259
125   0.51287
126   -0.743565
127   -1.37178
128   -1.68589
129   -1.84295
130   0.0785272
131   1.03926
132   1.51963
133   1.75982
134   -0.120092
135   0.939954
136   1.46998
137   1.73499
138   -0.132506
139   0.933747
140   -0.533126
141   0.733437
142   -0.633282
143   -1.31664
144   -1.65832
145   -1.82916
146   0.0854199
147   -0.95729
148   -1.47865
149   -1.73932
150   0.130339
151   1.06517
152   1.53258
153   1.76629
154   1.88315
155   -0.0584269
156   0.970787
157   1.48539
158   1.7427
159   -0.128652
160   -1.06433
161   -1.53216
162   -1.76608
163   0.116959
164   1.05848
165   -0.47076
166   0.76462
167   -0.61769
168   0.691155
169   1.34558
170   -0.327211
171   -1.16361
172   -1.5818
173   0.209099
174   1.10455
175   1.55227
176   -0.223863
177   0.888069
178   -0.555966
179   0.722017
180   -0.638991
181   0.680504
182   1.34025
183   -0.329874
184   -1.16494
185   0.417532
186   -0.791234
187   0.604383
188   1.30219
189   -0.348904
190   -1.17445
191   -1.58723
192   -1.79361
193   0.103193
194   -0.948403
195   0.525798
196   1.2629
197   1.63145
198   -0.184275
199   0.907862
200   -0.546069
201   0.726966
202   1.36348
203   -0.318259
204   0.840871
205   1.42044
206   -0.289782
207   0.855109
208   1.42755
209   -0.286223
210   -1.14311
211   0.428444
212   1.21422
213   1.60711
214   1.80356
215   -0.0982222
216   0.950889
217   1.47544
218   1.73772
219   1.86886
220   1.93443
221   1.96722
222   1.98361
223   -0.00819618
224   -1.0041
225   0.497951
226   1.24898
227   1.62449
228   -0.187756
229   -1.09388
230   0.453061
231   -0.77347
232   0.613265
233   1.30663
234   1.65332
235   -0.173342
236   0.913329
237   -0.543335
238   -1.27167
239   0.364166
240   -0.817917
241   0.591042
242   1.29552
243   -0.35224
244   0.82388
245   1.41194
246   1.70597
247   -0.147015
248   0.926493
249   -0.536754
250   -1.26838
251   -1.63419
252   0.182906
253   -0.908547
254   0.545726
255   -0.727137
256   -1.36357
257   0.318216
258   1.15911
259   1.57955
260   -0.210223
261   -1.10511
262   -1.55256
263   0.223722
264   -0.888139
265   0.555931
266   -0.722035
267   0.638983
268   1.31949
269   -0.340254
270   0.829873
271   1.41494
272   1.70747
273   1.85373
274   -0.0731329
275   0.963434
276   1.48172
277   -0.259142
278   -1.12957
279   0.435215
280   -0.782393
281   -1.3912
282   0.304402
283   1.1522
284   1.5761
285   -0.21195
286   0.894025
287   1.44701
288   -0.276494
289   0.861753
290   -0.569123
291   -1.28456
292   0.357719
293   1.17886
294   1.58943
295   -0.205285
296   0.897357
297   1.44868
298   1.72434
299   1.86217
300   1.93108
301   1.96554
302   1.98277
303   1.99139
304   -0.0043072
305   0.997846
306   -0.501077
307   0.749462
308   -0.625269
309   -1.31263
310   -1.65632
311   -1.82816
312   -1.91408
313   0.0429603
314   -0.97852
315   -1.48926
316   0.25537
317   1.12769
318   1.56384
319   1.78192
320   -0.109039
321   0.94548
322   -0.52726
323   -1.26363
324   0.368185
325   -0.815907
326   0.592046
327   -0.703977
328   -1.35199
329   0.324006
330   1.162
331   -0.418999
332   -1.2095
333   0.39525
334   -0.802375
335   0.598813
336   1.29941
337   -0.350297
338   -1.17515
339   0.412426
340   -0.793787
341   -1.39689
342   -1.69845
343   0.150777
344   -0.924612
345   -1.46231
346   -1.73115
347   0.134424
348   1.06721
349   1.53361
350   1.7668
351   1.8834
352   1.9417
353   -0.0291496
354   0.985425
355   1.49271
356   1.74636
357   -0.126822
358   0.936589
359   -0.531705
360   0.734147
361   -0.632926
362   -1.31646
363   0.341768
364   -0.829116
365   0.585442
366   -0.707279
367   -1.35364
368   0.32318
369   -0.83841
370   -1.4192
371   0.290398
372   -0.854801
373   0.572599
374   1.2863
375   1.64315
376   -0.178425
377   -1.08921
378   0.455394
379   1.2277
380   -0.386152
381   0.806924
382   -0.596538
383   -1.29827
384   0.350866
385   1.17543
386   -0.412284
387   -1.20614
388   0.396929
389   -0.801535
390   0.599232
391   -0.700384
392   -1.35019
393   0.324904
394   -0.837548
395   0.581226
396   1.29061
397   -0.354693
398   0.822653
399   1.41133
400   1.70566
401   -0.147168
402   -1.07358
403   0.463208
404   1.2316
405   1.6158
406   1.8079
407   1.90395
408   -0.0480248
409   -1.02401
410   -1.51201
411   0.243997
412   1.122
413   -0.439001
414   0.7805
415   -0.60975
416   -1.30488
417   -1.65244
418   0.173781
419   1.08689
420   -0.456555
421   -1.22828
422   0.385861
423   1.19293
424   -0.403535
425   -1.20177
426   0.399116
427   1.19956
428   1.59978
429   -0.20011
430   0.899945
431   -0.550028
432   -1.27501
433   -1.63751
434   -1.81875
435   0.0906233
436   1.04531
437   -0.477344
438   0.761328
439   -0.619336
440   0.690332
441   1.34517
442   1.67258
443   1.83629
444   -0.0818543
445   -1.04093
446   -1.52046
447   -1.76023
448   -1.88012
449   -1.94006
450   -1.97003
451   -1.98501
452   -1.99251
453   -1.99625
454   0.00187319
455   -0.999063
456   -1.49953
457   0.250234
458   -0.874883
459   0.562559
460   1.28128
461   -0.35936
462   -1.17968
463   0.41016
464   1.20508
465   1.60254
466   1.80127
467   -0.099365
468   -1.04968
469   -1.52484
470   -1.76242
471   0.11879
472   -0.940605
473   -1.4703
474   0.264849
475   1.13242
476   -0.433788
477   -1.21689
478   -1.60845
479   -1.80422
480   -1.90211
481   -1.95106
482   0.0244721
483   -0.987764
484   0.506118
485   1.25306
486   -0.37347
487   0.813265
488   -0.593368
489   -1.29668
490   0.351658
491   -0.824171
492   0.587915
493   1.29396
494   1.64698
495   1.82349
496   -0.0882553
497   -1.04413
498   0.477936
499   1.23897
500   1.61948
501   1.80974
502   1.90487
503   1.95244
504   1.97622
505   1.98811
506   1.99405
507   -0.00297278
508   -1.00149
509   -1.50074
510   0.249628
511   -0.875186
512   0.562407
513   -0.718796
514   -1.3594
515   -1.6797
516   -1.83985
517   0.0800752
518   -0.959962
519   -1.47998
520   0.260009
521   1.13
522   -0.434998
523   -1.2175
524   -1.60875
525   -1.80437
526   -1.90219
527   -1.95109
528   -1.97555
529   -1.98777
530   0.00611329
531   -0.996943
532   -1.49847
533   0.250764
534   -0.874618
535   0.562691
536   -0.718654
537   -1.35933
538   -1.67966
539   -1.83983
540   0.0800841
541   -0.959958
542   -1.47998
543   -1.73999
544   0.130005
545   -0.934997
546   0.532501
547   1.26625
548   1.63313
549   1.81656
550   -0.0917187
551   0.954141
552   -0.52293
553   -1.26146
554   -1.63073
555   0.184634
556   1.09232
557   -0.453842
558   -1.22692
559   0.38654
560   -0.80673
561   0.596635
562   -0.701683
563   0.649159
564   -0.675421
565   0.66229
566   1.33114
567   -0.334428
568   0.832786
569   -0.583607
570   0.708197
571   1.3541
572   1.67705
573   -0.161475
574   -1.08074
575   -1.54037
576   0.229816
577   -0.885092
578   -1.44255
579   -1.72127
580   -1.86064
581   -1.93032
582   0.0348409
583   1.01742
584   -0.49129
585   0.754355
586   1.37718
587   1.68859
588   -0.155706
589   -1.07785
590   -1.53893
591   0.230537
592   -0.884732
593   -1.44237
594   0.278817
595   1.13941
596   1.5697
597   1.78485
598   -0.107574
599   0.946213
600   1.47311
601   -0.263447
602   -1.13172
603   0.434138
604   1.21707
605   -0.391465
606   0.804267
607   -0.597866
608   0.701067
609   -0.649467
610   0.675267
611   -0.662367
612   0.668817
613   1.33441
614   1.6672
615   1.8336
616   -0.083199
617   0.958401
618   -0.5208
619   0.7396
620   -0.6302
621   -1.3151
622   -1.65755
623   0.171225
624   -0.914387
625   -1.45719
626   0.271403
627   -0.864298
628   -1.43215
629   0.283925
630   -0.858037
631   -1.42902
632   0.285491
633   1.14275
634   1.57137
635   1.78569
636   -0.107157
637   -1.05358
638   -1.52679
639   0.236605
640   -0.881697
641   -1.44085
642   0.279576
643   -0.860212
644   -1.43011
645   0.284947
646   -0.857527
647   0.571237
648   1.28562
649   -0.357191
650   0.821405
651   1.4107
652   -0.294649
653   -1.14732
654   0.426338
655   -0.786831
656   -1.39342
657   -1.69671
658   0.151646
659   1.07582
660   -0.462088
661   -1.23104
662   -1.61552
663   -1.80776
664   0.0961195
665   1.04806
666   -0.47597
667   0.762015
668   -0.618993
669   -1.3095
670   -1.65475
671   0.172626
672   -0.913687
673   -1.45684
674   0.271578
675   1.13579
676   1.56789
677   1.78395
678   -0.108026
679   -1.05401
680   0.472993
681   1.2365
682   1.61825
683   -0.190876
684   0.904562
685   -0.547719
686   -1.27386
687   0.36307
688   -0.818465
689   0.590768
690   1.29538
691   -0.352308
692   0.823846
693   -0.588077
694   -1.29404
695   0.352981
696   1.17649
697   1.58825
698   -0.205877
699   0.897061
700   1.44853
701   -0.275735
702   -1.13787
703   -1.56893
704   -1.78447
705   0.107767
706   1.05388
707   1.52694
708   1.76347
709   1.88174
710   1.94087
711   1.97043
712   -0.0147831
713   -1.00739
714   0.496304
715   1.24815
716   -0.375924
717   -1.18796
718   -1.59398
719   -1.79699
720   0.101505
721   1.05075
722   1.52538
723   -0.237312
724   -1.11866
725   -1.55933
726   0.220336
727   -0.889832
728   0.555084
729   1.27754
730   -0.361229
731   -1.18061
732   -1.59031
733   -1.79515
734   0.102423
735   1.05121
736   1.52561
737   1.7628
738   -0.118599
739   0.940701
740   -0.52965
741   -1.26482
742   0.367588
743   -0.816206
744   -1.4081
745   -1.70405
746   -1.85203
747   -1.92601
748   0.0369936
749   -0.981503
750   0.509248
751   -0.745376
752   -1.37269
753   0.313656
754   1.15683
755   1.57841
756   -0.210793
757   -1.1054
758   -1.5527
759   0.223651
760   1.11183
761   1.55591
762   -0.222044
763   -1.11102
764   0.444489
765   1.22224
766   -0.388878
767   0.805561
768   -0.597219
769   -1.29861
770   -1.6493
771   0.175348
772   1.08767
773   1.54384
774   -0.228082
775   0.885959
776   -0.55702
777   -1.27851
778   -1.63926
779   0.180372
780   1.09019
781   1.54509
782   1.77255
783   -0.113727
784   0.943137
785   1.47157
786   -0.264216
787   -1.13211
788   -1.56605
789   -1.78303
790   -1.89151
791   0.0542433
792   1.02712
793   -0.486439
794   -1.24322
795   0.37839
796   -0.810805
797   0.594598
798   1.2973
799   -0.351351
800   0.824325
801   1.41216
802   1.70608
803   -0.146959
804   -1.07348
805   -1.53674
806   0.23163
807   -0.884185
808   0.557908
809   1.27895
810   1.63948
811   -0.180262
812   -1.09013
813   0.454935
814   -0.772533
815   0.613734
816   1.30687
817   -0.346567
818   0.826717
819   -0.586642
820   -1.29332
821   0.35334
822   1.17667
823   -0.411665
824   -1.20583
825   -1.60292
826   -1.80146
827   -1.90073
828   -1.95036
829   -1.97518
830   -1.98759
831   0.00620443
832   1.0031
833   -0.498449
834   -1.24922
835   -1.62461
836   -1.81231
837   -1.90615
838   0.0469235
839   -0.976538
840   0.511731
841   1.25587
842   -0.372067
843   0.813966
844   1.40698
845   -0.296508
846   -1.14825
847   -1.57413
848   0.212936
849   -0.893532
850   -1.44677
851   0.276617
852   1.13831
853   1.56915
854   -0.215423
855   0.892289
856   1.44614
857   -0.276928
858   0.861536
859   1.43077
860   1.71538
861   1.85769
862   1.92885
863   1.96442
864   1.98221
865   -0.00889425
866   -1.00445
867   0.497776
868   1.24889
869   -0.375556
870   0.812222
871   -0.593889
872   -1.29694
873   0.351528
874   1.17576
875   -0.412118
876   -1.20606
877   -1.60303
878   0.198485
879   1.09924
880   1.54962
881   -0.225189
882   -1.11259
883   0.443703
884   1.22185
885   -0.389074
886   0.805463
887   -0.597269
888   0.701366
889   -0.649317
890   0.675341
891   -0.662329
892   0.668835
893   -0.665582
894   0.667209
895   -0.666396
896   0.666802
897   -0.666599
898   -1.3333
899   0.33335
900   -0.833325
901   0.583338
902   1.29167
903   1.64583
904   -0.177083
905   0.911459
906   1.45573
907   1.72786
908   -0.136068
909   0.931966
910   -0.534017
911   -1.26701
912   -1.6335
913   -1.81675
914   0.0916239
915   1.04581
916   1.52291
917   1.76145
918   -0.119274
919   -1.05964
920   -1.52982
921   0.235091
922   1.11755
923   1.55877
924   1.77939
925   -0.110307
926   -1.05515
927   0.472423
928   1.23621
929   -0.381894
930   -1.19095
931   -1.59547
932   0.202263
933   1.10113
934   -0.449434
935   0.775283
936   1.38764
937   1.69382
938   1.84691
939   -0.0765448
940   0.961728
941   1.48086
942   1.74043
943   -0.129784
944   0.935108
945   -0.532446
946   -1.26622
947   0.366888
948   1.18344
949   1.59172
950   1.79586
951   1.89793
952   -0.0510347
953   -1.02552
954   0.487241
955   -0.756379
956   0.62181
957   -0.689095
958   -1.34455
959   -1.67227
960   0.163863
961   1.08193
962   1.54097
963   1.77048
964   -0.114759
965   -1.05738
966   -1.52869
967   -1.76434
968   0.117828
969   -0.941086
970   0.529457
971   1.26473
972   -0.367636
973   -1.18382
974   0.408091
975   1.20405
976   -0.397977
977   0.801011
978   1.40051
979   1.70025
980   -0.149874
981   0.925063
982   1.46253
983   -0.268734
984   -1.13437
985   0.432816
986   -0.783592
987   0.608204
988   1.3041
989   1.65205
990   1.82603
991   -0.0869872
992   -1.04349
993   -1.52175
994   0.239127
995   1.11956
996   1.55978
997   1.77989
998   -0.110055
999   0.944973
