0     0     0
0.00933645     0     0
0.0186729     0     0
0.0280094     0     0
0.037346     0     0
0.0466823     0     0
0.0560189     0     0
0.0653551     0     0
0.0746917     0     0
0.0840283     0     0
0.0933645     0     0
0.102701     0     0
0.112038     0     0
0.121374     0     0
0.130711     0     0
0.140047     0     0
0.149383     0     0
0.15872     0     0
0.168057     0     0
0.177393     0     0
0.186729     0     0
0.196066     0     0
0.205402     0     0
0.214739     0     0
0.224075     0     0
0.233412     0     0
0.242748     0     0
0.252085     0     0
0.261421     0     0
0.270758     0     0
0.280094     0     0
0.289431     0     0
0.298767     0     0
0.308103     0     0
0.31744     0.000238434     0.000179457
0.326776     0.0116926     0.00158534
0.336113     0.11484     0.00522912
0.345449     0.457595     0.0121994
0.354786     1.07126     0.0224739
0.364124     1.76806     0.0332557
0.37346     2.30542     0.0406664
0.382797     2.58058     0.0458458
0.39213     2.60589     0.0441868
0.401467     2.4672     0.042902
0.410803     2.24502     0.0386532
0.42014     2.02435     0.0342728
0.429476     1.79488     0.0305105
0.438813     1.56134     0.0269036
0.44815     1.38473     0.0240444
0.457486     1.24373     0.0216489
0.466823     1.12229     0.019778
0.476159     1.01353     0.0166945
0.485496     0.928544     0.0175205
0.494833     0.85596     0.0152643
0.504169     0.793702     0.0144222
0.513506     0.746525     0.0131784
0.522842     0.71285     0.0119204
0.532179     0.689606     0.011962
0.541516     0.673175     0.0114096
0.550852     0.659149     0.0111488
0.560189     0.64467     0.0105849
0.569525     0.648455     0.0109512
0.578862     0.662888     0.0111054
0.588199     0.675005     0.0109707
0.597535     0.692788     0.010351
0.606872     0.709054     0.0107416
0.616208     0.739267     0.0113587
0.625545     0.765284     0.0116613
0.634882     0.805118     0.0115937
0.644218     0.838933     0.0116965
0.653551     0.876302     0.0121016
0.662888     0.919308     0.0126783
0.672224     0.966678     0.0135999
0.681561     1.0076     0.0136775
0.690897     1.04545     0.014353
0.700234     1.08188     0.0139675
0.709571     1.12084     0.0142819
0.718907     1.16004     0.0146552
0.728244     1.18524     0.0147317
0.73758     1.19412     0.0147362
0.746917     1.21195     0.0148908
0.756254     1.22011     0.0148244
0.76559     1.20866     0.0147721
0.774927     1.20368     0.0144129
0.784263     1.17849     0.014051
0.7936     1.14833     0.0134125
0.802937     1.11934     0.0131766
0.812273     1.09011     0.0129156
0.82161     1.0572     0.0123756
0.830946     1.02905     0.012091
0.840283     1.00172     0.0115126
0.84962     0.976676     0.0112285
0.858956     0.948951     0.0109751
0.868293     0.931943     0.0107155
0.877629     0.907584     0.010142
0.886966     0.888648     0.0098883
0.896303     0.879328     0.00992693
0.905639     0.875669     0.00980247
0.914972     0.876606     0.00958717
0.924309     0.875114     0.00960185
