1   -67.1518   0
2   -67.4334   0.199078
3   -67.1716   0.251535
4   -67.4215   0.287093
5   -67.5598   0.260834
6   -67.2977   0.323213
7   -67.127   0.318923
8   -67.0853   0.28177
9   -67.4955   0.460753
10   -67.5201   0.41533
11   -67.7392   0.431523
12   -67.7745   0.396998
13   -67.9911   0.421473
14   -68.0777   0.400175
15   -67.948   0.393999
16   -67.9516   0.36939
17   -68.008   0.351946
18   -67.9278   0.341432
19   -68.0141   0.334193
20   -67.9718   0.320149
21   -68.1108   0.333788
22   -68.0128   0.332749
23   -67.9664   0.321492
24   -67.9824   0.308495
25   -67.9067   0.305327
26   -67.9918   0.30525
27   -68.0156   0.294869
28   -67.9029   0.305124
29   -67.894   0.294731
30   -67.8099   0.296689
31   -67.8475   0.289483
32   -67.8701   0.281329
33   -67.8501   0.273518
34   -67.9365   0.27879
35   -67.969   0.272706
36   -67.9846   0.265582
37   -68.0201   0.260767
38   -67.9972   0.254907
39   -68.0261   0.249985
40   -68.0152   0.243963
41   -68.0654   0.243091
42   -68.0666   0.237306
43   -68.1133   0.236332
44   -68.1349   0.231958
45   -68.1507   0.227335
46   -68.0921   0.22982
47   -68.0634   0.226699
48   -68.006   0.229162
49   -67.9372   0.234569
50   -67.9419   0.229926
51   -67.9565   0.22588
52   -67.9798   0.22273
53   -67.9969   0.219176
54   -67.9811   0.215686
55   -67.9659   0.212301
56   -67.9736   0.208651
57   -67.9805   0.205107
58   -68.0425   0.210719
59   -68.0433   0.207148
60   -68.1021   0.211903
61   -68.0651   0.211652
62   -68.1141   0.213866
63   -68.143   0.212413
64   -68.1605   0.209807
65   -68.1192   0.210592
66   -68.1376   0.208201
67   -68.1277   0.205328
68   -68.1195   0.202471
69   -68.1103   0.199747
70   -68.0749   0.2
71   -68.0749   0.197182
72   -68.0513   0.195844
73   -68.0515   0.193161
74   -68.0703   0.191463
75   -68.0544   0.189571
76   -68.0402   0.187611
77   -68.0275   0.185597
78   -68.0712   0.18829
79   -68.0403   0.188416
80   -68.0254   0.186655
81   -68.0062   0.185336
82   -68.0062   0.183076
83   -68.042   0.184318
84   -68.0536   0.182494
85   -68.0198   0.18345
86   -67.9988   0.182516
87   -68.0085   0.180676
88   -68.0475   0.182768
89   -68.0605   0.181182
90   -68.0384   0.180531
91   -68.0708   0.181463
92   -68.0634   0.179644
93   -68.0456   0.178589
94   -68.0406   0.176759
95   -68.0244   0.175639
96   -68.0292   0.173871
97   -68.0165   0.172535
98   -67.9926   0.172423
99   -68.0044   0.171088
100   -68.0188   0.169981
