0     0     0
0.0235264     0     0
0.0470528     0     0
0.0705792     0     0
0.0941056     0     0
0.117632     0     0
0.141158     0     0
0.164685     0     0
0.188211     0     0
0.211738     0     0
0.235264     0     0
0.258791     0     0
0.282317     0     0
0.305844     0.00102375     0.000111134
0.32937     0.148492     0.00133961
0.352897     1.06179     0.00487443
0.376423     2.05002     0.00719651
0.399949     2.26705     0.00779133
0.423474     2.08243     0.00725846
0.447003     1.83827     0.00609938
0.470528     1.61992     0.00458915
0.494054     1.45534     0.00474842
0.517583     1.33483     0.0038606
0.541108     1.25129     0.00339758
0.564633     1.1894     0.00326483
0.588162     1.14461     0.00314558
0.611687     1.11395     0.00326734
0.635213     1.09336     0.00275758
0.658742     1.0762     0.00283538
0.682267     1.06523     0.0029696
0.705792     1.06036     0.00280361
0.729318     1.05782     0.00315097
0.752847     1.05737     0.00253179
0.776372     1.0505     0.00272286
0.799897     1.04943     0.00270366
0.823426     1.04427     0.0024332
0.846952     1.03841     0.00241121
0.870477     1.03587     0.00238736
0.894006     1.02756     0.00225723
0.917531     1.02149     0.00217554
0.941056     1.01861     0.00217506
0.964582     1.0153     0.00215201
0.988111     1.01123     0.00205635
1.01164     1.00866     0.00185562
1.03516     1.00463     0.00190509
1.05869     1.00302     0.00180435
1.08222     1.00182     0.00170542
1.10574     1.00265     0.00177568
1.12927     1.00037     0.00175799
1.1528     0.999041     0.00167466
1.17632     0.997156     0.00169822
1.19985     0.996032     0.00163657
1.22337     0.996153     0.00154796
1.2469     0.99535     0.00149537
1.27043     0.994293     0.00162552
1.29395     0.993569     0.00149551
1.31748     0.993595     0.00143983
1.34101     0.993422     0.00142593
1.36453     0.992537     0.00141425
1.38806     0.991469     0.00138692
1.41158     0.992562     0.00135884
1.43511     0.99197     0.00127414
1.45864     0.99156     0.00129689
1.48216     0.990114     0.00128839
1.50569     0.990577     0.00107928
1.52922     0.990902     0.00110569
1.55274     0.98989     0.00111167
1.57627     0.989979     0.00110235
1.5998     0.989071     0.00108614
1.62332     0.988957     0.00105142
1.64685     0.988922     0.00107041
1.67038     0.988874     0.00112835
1.6939     0.987374     0.00104565
1.71743     0.987779     0.000894837
1.74096     0.988715     0.000928315
1.76448     0.988166     0.000940765
1.78801     0.987767     0.000909854
1.81153     0.988723     0.000870943
1.83506     0.988013     0.000839037
1.85859     0.987777     0.000821792
1.88211     0.987214     0.000835933
1.90564     0.986983     0.00081116
1.92917     0.986334     0.000696422
1.95269     0.98727     0.00071357
1.97622     0.987072     0.000776899
1.99975     0.986457     0.000764874
2.02327     0.987665     0.000727041
2.0468     0.988033     0.000769586
2.07033     0.986587     0.00069992
2.09385     0.987145     0.000699407
2.11738     0.987046     0.000637464
2.14091     0.987604     0.000633651
2.16443     0.986699     0.00069377
2.18796     0.985964     0.00072167
2.21149     0.987587     0.000569546
2.23501     0.986764     0.000574249
2.25854     0.986337     0.000605385
2.28206     0.986151     0.000593955
2.30559     0.98669     0.000556112
2.32912     0.985784     0.000607648
