1   22.5314   0
2   22.6717   0.0992172
3   22.6803   0.0665214
4   22.6547   0.0546032
5   22.6149   0.0563334
6   22.6804   0.075988
7   22.7079   0.0699251
8   22.7023   0.0614098
9   22.6751   0.0603028
10   22.7029   0.0603431
11   22.7136   0.0558075
12   22.7337   0.0546602
13   22.7074   0.0564673
14   22.698   0.0531993
15   22.697   0.0496621
16   22.6875   0.0474543
17   22.7014   0.0466333
18   22.7142   0.0457645
19   22.7016   0.0450383
20   22.7067   0.043072
21   22.7051   0.0410533
22   22.7067   0.0392207
23   22.7005   0.038006
24   22.6847   0.0395563
25   22.6814   0.0381128
26   22.6837   0.0367154
27   22.6709   0.0375269
28   22.6783   0.036921
29   22.6877   0.036813
30   22.6886   0.0355971
31   22.6939   0.0348387
32   22.6995   0.0342002
33   22.6983   0.0331843
34   22.692   0.0327953
35   22.6872   0.0322185
36   22.6967   0.0327031
37   22.6932   0.0320061
38   22.6888   0.0314658
39   22.6848   0.0309135
40   22.6881   0.0303132
41   22.6886   0.0295789
42   22.6852   0.0290713
43   22.6812   0.0286628
44   22.6757   0.0285413
45   22.6772   0.0279475
46   22.6767   0.0273453
47   22.6741   0.0268892
48   22.6761   0.026406
49   22.6764   0.0258695
50   22.6749   0.0253998
51   22.6744   0.024906
52   22.6747   0.0244287
53   22.6799   0.0245109
54   22.6795   0.0240598
55   22.6798   0.023624
56   22.6754   0.0236052
57   22.6722   0.0234088
58   22.6681   0.0233625
59   22.6728   0.0234314
60   22.6734   0.0230489
61   22.6736   0.0226723
62   22.6703   0.0225456
63   22.6681   0.0222978
64   22.6692   0.0219744
65   22.6711   0.0217189
66   22.6667   0.0218152
67   22.6685   0.0215588
68   22.6684   0.0212422
69   22.6661   0.0210488
70   22.6723   0.021648
71   22.6746   0.0214589
72   22.6708   0.0214903
73   22.6763   0.0218818
74   22.6747   0.0216434
75   22.6778   0.021568
76   22.6774   0.0212869
77   22.6789   0.0210609
78   22.6755   0.0210657
79   22.6789   0.0210821
80   22.6783   0.0208275
81   22.6814   0.0207921
82   22.6801   0.0205786
83   22.6839   0.0206885
84   22.685   0.0204722
85   22.6862   0.0202656
86   22.6842   0.0201292
87   22.6832   0.0199249
88   22.6858   0.0198706
89   22.6855   0.01965
90   22.6857   0.0194328
91   22.6867   0.019243
92   22.6901   0.0193403
93   22.6903   0.0191336
94   22.6918   0.0189852
95   22.6948   0.0190283
96   22.6952   0.0188335
97   22.695   0.01864
98   22.6977   0.0186384
99   22.696   0.0185249
100   22.6947   0.0183869
