0     0     0
0.0256496     0     0
0.0512993     0     0
0.0769489     0     0
0.102599     0     0
0.128248     0     0
0.153898     0     0
0.179547     0     0
0.205197     0     0
0.230847     0     0
0.256496     0     0
0.282146     0     0
0.307796     0     0
0.333445     0     0
0.359095     0     0
0.384745     0     0
0.410394     0     0
0.436044     0     0
0.461694     0     0
0.487343     0     0
0.512993     0     0
0.538642     0     0
0.564292     0     0
0.589942     0     0
0.615591     0     0
0.641241     0     0
0.666891     0     0
0.69254     0     0
0.71819     0     0
0.74384     0     0
0.769489     0     0
0.795139     0     0
0.820788     0     0
0.846438     0     0
0.872088     0.000238434     0.000179457
0.897737     0.0116926     0.00158534
0.923387     0.11484     0.00522912
0.949037     0.457595     0.0121994
0.974686     1.07126     0.0224739
1.00034     1.76806     0.0332557
1.02599     2.30542     0.0406664
1.05164     2.58058     0.0458458
1.07728     2.60589     0.0441868
1.10293     2.4672     0.042902
1.12858     2.24502     0.0386532
1.15423     2.02435     0.0342728
1.17988     1.79488     0.0305105
1.20553     1.56134     0.0269036
1.23118     1.38473     0.0240444
1.25683     1.24373     0.0216489
1.28248     1.12229     0.019778
1.30813     1.01353     0.0166945
1.33378     0.928544     0.0175205
1.35943     0.85596     0.0152643
1.38508     0.793702     0.0144222
1.41073     0.746525     0.0131784
1.43638     0.71285     0.0119204
1.46203     0.689606     0.011962
1.48768     0.673175     0.0114096
1.51333     0.659149     0.0111488
1.53898     0.64467     0.0105849
1.56463     0.648455     0.0109512
1.59028     0.662888     0.0111054
1.61593     0.675005     0.0109707
1.64158     0.692788     0.010351
1.66723     0.709054     0.0107416
1.69288     0.739267     0.0113587
1.71853     0.765284     0.0116613
1.74418     0.805118     0.0115937
1.76983     0.838933     0.0116965
1.79547     0.876302     0.0121016
1.82112     0.919308     0.0126783
1.84677     0.966678     0.0135999
1.87242     1.0076     0.0136775
1.89807     1.04545     0.014353
1.92372     1.08188     0.0139675
1.94937     1.12084     0.0142819
1.97502     1.16004     0.0146552
2.00067     1.18524     0.0147317
2.02632     1.19412     0.0147362
2.05197     1.21195     0.0148908
2.07762     1.22011     0.0148244
2.10327     1.20866     0.0147721
2.12892     1.20368     0.0144129
2.15457     1.17849     0.014051
2.18022     1.14833     0.0134125
2.20587     1.11934     0.0131766
2.23152     1.09011     0.0129156
2.25717     1.0572     0.0123756
2.28282     1.02905     0.012091
2.30847     1.00172     0.0115126
2.33412     0.976676     0.0112285
2.35977     0.948951     0.0109751
2.38542     0.931943     0.0107155
2.41107     0.907584     0.010142
2.43672     0.888648     0.0098883
2.46237     0.879328     0.00992693
2.48802     0.875669     0.00980247
2.51366     0.876606     0.00958717
2.53931     0.875114     0.00960185
