0     0     0
0.00872086     0     0
0.0174418     0     0
0.0261626     0     0
0.0348837     0     0
0.0436043     0     0
0.0523253     0     0
0.061046     0     0
0.069767     0     0
0.078488     0     0
0.0872086     0     0
0.0959296     0     0
0.104651     0     0
0.113371     0     0
0.122092     0     0
0.130813     0     0
0.139534     0     0
0.148255     0     0
0.156976     0     0
0.165697     0     0
0.174418     0     0
0.183138     0     0
0.191859     0     0
0.20058     0     0
0.209301     0     0
0.218022     0     0
0.226743     0     0
0.235464     0     0
0.244185     0     0
0.252906     0     0
0.261626     0     0
0.270347     0     0
0.279068     0     0
0.287789     0     0
0.29651     0.000238434     0.000179457
0.305231     0.0116926     0.00158534
0.313952     0.11484     0.00522912
0.322673     0.457595     0.0121994
0.331393     1.07126     0.0224739
0.340116     1.76806     0.0332557
0.348837     2.30542     0.0406664
0.357558     2.58058     0.0458458
0.366275     2.60589     0.0441868
0.374996     2.4672     0.042902
0.383717     2.24502     0.0386532
0.392438     2.02435     0.0342728
0.401159     1.79488     0.0305105
0.40988     1.56134     0.0269036
0.418601     1.38473     0.0240444
0.427322     1.24373     0.0216489
0.436043     1.12229     0.019778
0.444764     1.01353     0.0166945
0.453485     0.928544     0.0175205
0.462206     0.85596     0.0152643
0.470927     0.793702     0.0144222
0.479648     0.746525     0.0131784
0.488369     0.71285     0.0119204
0.49709     0.689606     0.011962
0.505811     0.673175     0.0114096
0.514532     0.659149     0.0111488
0.523253     0.64467     0.0105849
0.531974     0.648455     0.0109512
0.540695     0.662888     0.0111054
0.549416     0.675005     0.0109707
0.558137     0.692788     0.010351
0.566858     0.709054     0.0107416
0.575579     0.739267     0.0113587
0.5843     0.765284     0.0116613
0.593021     0.805118     0.0115937
0.601742     0.838933     0.0116965
0.61046     0.876302     0.0121016
0.619181     0.919308     0.0126783
0.627902     0.966678     0.0135999
0.636623     1.0076     0.0136775
0.645344     1.04545     0.014353
0.654065     1.08188     0.0139675
0.662786     1.12084     0.0142819
0.671507     1.16004     0.0146552
0.680228     1.18524     0.0147317
0.688949     1.19412     0.0147362
0.69767     1.21195     0.0148908
0.706391     1.22011     0.0148244
0.715112     1.20866     0.0147721
0.723833     1.20368     0.0144129
0.732554     1.17849     0.014051
0.741275     1.14833     0.0134125
0.749996     1.11934     0.0131766
0.758717     1.09011     0.0129156
0.767438     1.0572     0.0123756
0.776159     1.02905     0.012091
0.78488     1.00172     0.0115126
0.793601     0.976676     0.0112285
0.802322     0.948951     0.0109751
0.811043     0.931943     0.0107155
0.819764     0.907584     0.010142
0.828485     0.888648     0.0098883
0.837206     0.879328     0.00992693
0.845927     0.875669     0.00980247
0.854644     0.876606     0.00958717
0.863365     0.875114     0.00960185
