0 -7.19451 0.0288599
1 0.190288 0.343996
2 0.454929 0.24209
3 0.091453 0.311333
4 1.08223 0.260524
5 0.275671 0.315945
6 0.799452 0.33059
7 0.638589 0.255734
8 0.65035 0.281137
9 0.136928 0.325168
10 0.295638 0.282425
11 0.426746 0.291484
12 0.751511 0.180068
13 0.487712 0.263023
14 0.0201397 0.247945
15 0.361908 0.275023
16 0.0331742 0.28088
17 0.69434 0.246586
18 0.578035 0.245007
19 0.334995 0.284932
20 0.312372 0.274355
21 0.769943 0.218827
22 0.482039 0.27477
23 0.125754 0.217886
24 -0.0465564 0.204895
25 0.115868 0.223981
26 0.454309 0.323467
27 0.028312 0.262409
28 0.200508 0.296996
29 0.261997 0.285968
30 0.210028 0.161535
31 0.508747 0.201732
32 0.785722 0.168625
33 0.353507 0.206361
34 -0.180149 0.202887
35 0.412828 0.28192
36 0.473795 0.27709
37 -0.463816 0.214295
38 0.685353 0.22439
39 -0.0478869 0.185355
40 0.128886 0.272847
41 0.324867 0.229701
42 0.642709 0.290914
43 0.725621 0.201037
44 0.49842 0.202135
45 0.247697 0.234736
46 0.727502 0.177052
47 0.22934 0.184154
48 0.123427 0.256567
49 0.0342201 0.184673
50 0.47277 0.169069
51 0.179646 0.226815
52 -0.180402 0.200945
53 0.279387 0.248007
54 0.215474 0.179477
55 0.0915362 0.232463
56 0.25715 0.200894
57 0.30913 0.200823
58 0.156201 0.23106
59 0.198822 0.184784
60 0.513782 0.228442
61 0.496886 0.198252
62 0.385876 0.187461
63 0.129518 0.183136
64 0.371907 0.242986
65 0.767026 0.191347
66 0.350896 0.227172
67 0.491308 0.169552
68 0.408351 0.245411
69 0.685867 0.244743
70 0.408496 0.19058
71 0.179447 0.200531
72 0.411911 0.197369
73 0.380113 0.197903
74 0.164888 0.203673
75 0.269217 0.200665
76 0.281969 0.145603
77 0.262482 0.240681
78 0.326456 0.236803
79 -0.0261886 0.188795
80 0.354625 0.230895
81 0.0706244 0.183677
82 0.512157 0.238079
83 0.332373 0.222616
84 0.547289 0.168304
85 0.239164 0.217888
86 0.523424 0.213614
87 0.222035 0.208812
88 0.032508 0.188058
89 0.201815 0.204672
90 0.254851 0.242839
91 0.138605 0.170897
92 0.226648 0.228204
93 0.278384 0.224538
94 0.236306 0.171245
95 -0.12593 0.228383
96 0.211316 0.179584
97 0.417085 0.159489
98 0.545197 0.196692
99 0.324202 0.190388
100 0.490173 0.189837
101 0.385322 0.269961
102 0.206799 0.213738
103 0.473626 0.187055
104 0.506441 0.258193
105 0.216933 0.226642
106 0.101612 0.159146
107 0.399701 0.171618
108 0.446388 0.186783
109 0.515132 0.232741
110 0.15435 0.183593
111 0.0481608 0.194119
112 0.482123 0.147813
113 0.515132 0.222013
114 0.466306 0.176728
115 0.318525 0.232895
116 0.265841 0.249384
117 0.635994 0.160683
118 0.584185 0.170411
119 0.565442 0.187249
120 0.629992 0.227842
121 0.352907 0.184453
122 0.480933 0.154323
123 0.404174 0.20267
124 0.548873 0.13676
125 0.375926 0.164186
126 0.691165 0.174991
127 0.15931 0.222204
128 0.283947 0.161087
129 0.525999 0.164857
130 0.314932 0.224659
131 0.116579 0.206848
132 0.473635 0.179318
133 0.538472 0.184574
134 0.695302 0.177281
135 0.123118 0.249933
136 0.606283 0.179637
137 0.544649 0.259898
138 0.148059 0.163831
139 0.14646 0.15561
140 0.670584 0.160432
141 0.162688 0.134854
142 0.0514055 0.195873
143 -0.0336092 0.154776
144 0.372897 0.159449
145 0.341319 0.204584
146 0.181808 0.155754
147 0.24431 0.225254
148 0.172216 0.191121
149 0.163854 0.208942
150 0.434844 0.158898
151 -0.0424479 0.176803
152 0.275174 0.195899
153 0.307428 0.240583
154 0.346483 0.218593
155 0.129868 0.202286
156 -0.00630276 0.228852
157 0.39302 0.174059
158 0.0552801 0.188415
159 0.214669 0.148595
160 0.157201 0.186626
161 -0.0876747 0.217984
162 0.198778 0.159643
163 0.384849 0.200722
164 0.383753 0.151843
165 0.217277 0.178394
166 0.0699825 0.208588
167 0.146483 0.177926
168 0.393984 0.173281
169 0.299863 0.172052
170 0.189239 0.160335
171 0.195695 0.16462
172 0.234331 0.209869
173 0.0890798 0.188578
174 0.146704 0.144982
175 0.138134 0.190596
176 0.232909 0.185224
177 0.178432 0.166994
178 0.404759 0.167511
179 -0.21533 0.219956
180 0.490788 0.227452
181 0.298085 0.191988
182 0.367186 0.238932
183 0.523053 0.223727
184 0.191333 0.179603
185 0.583896 0.17426
186 0.136413 0.259435
187 0.0832276 0.189671
188 0.230883 0.190292
189 0.229329 0.178494
190 0.229349 0.166979
191 0.151079 0.156215
192 0.40493 0.183745
193 0.560889 0.183025
194 0.179905 0.207022
195 0.289801 0.197522
196 0.00653172 0.237121
197 0.257609 0.231676
198 0.380271 0.209883
199 0.430236 0.211212
200 0.0707196 0.17716
201 0.186254 0.189484
202 0.429511 0.231062
203 0.806055 0.192906
204 0.267838 0.161395
205 0.361076 0.187882
206 -0.0183705 0.181676
207 0.198128 0.203892
208 0.0489829 0.20824
209 0.800034 0.211868
210 0.231751 0.214178
211 0.235454 0.214499
212 0.271848 0.182393
213 -0.0410892 0.186872
214 0.113966 0.225824
215 0.217156 0.210422
216 0.56184 0.240786
217 0.990429 0.199584
218 0.491801 0.264892
219 0.442123 0.165764
220 0.276911 0.217442
221 0.45866 0.237377
222 0.275792 0.205739
223 0.284785 0.20231
224 0.431357 0.171411
225 0.190331 0.262499
226 0.169273 0.266862
227 0.200183 0.239229
228 0.0623913 0.209534
229 0.029024 0.222063
230 0.282378 0.225101
231 0.230971 0.18783
232 0.093581 0.200688
233 0.22371 0.227117
234 0.458359 0.20122
235 0.428366 0.21655
236 0.276071 0.221076
237 0.556534 0.201243
238 0.249221 0.232983
239 0.266293 0.234614
240 -0.0980756 0.219328
241 0.386725 0.213192
242 0.207809 0.182434
243 0.0180035 0.242923
244 0.377047 0.212792
245 0.0955917 0.154876
246 0.4874 0.216471
247 0.0909401 0.200109
248 0.277619 0.182602
249 0.0865951 0.180353
250 -0.0168859 0.234848
251 0.607938 0.202791
252 0.222744 0.222105
253 0.634658 0.245449
254 0.181857 0.14551
255 -0.150587 0.2526
256 0.574291 0.17544
257 0.230094 0.248157
258 0.167424 0.267455
259 0.550606 0.291768
260 0.306322 0.247815
261 0.4204 0.305909
262 0.41706 0.216681
263 0.307893 0.283924
264 0.894455 0.264533
265 0.491075 0.17154
266 0.0123935 0.227059
267 0.516732 0.23223
268 0.239153 0.301896
269 0.429478 0.166257
270 0.106053 0.301385
271 0.883959 0.224755
272 0.315086 0.232253
273 -0.0880089 0.243243
274 0.478343 0.242313
275 0.661735 0.190685
276 0.646359 0.147787
277 0.595722 0.283213
278 0.0859089 0.276945
279 0.478362 0.205821
280 0.356087 0.303169
281 0.920465 0.269317
282 0.279267 0.186663
283 0.0517362 0.261492
284 0.100035 0.262269
285 0.566867 0.210491
286 0.427079 0.264483
287 0.32733 0.226424
288 0.436744 0.243279
289 0.539137 0.279741
290 0.310716 0.284037
291 0.51857 0.257234
292 0.602666 0.321223
293 0.733958 0.24904
294 0.500351 0.206655
295 0.0857138 0.280256
296 0.177396 0.212563
297 0.64654 0.268561
298 0.41776 0.33412
299 -7.18266 0.02049
