0     0     0
0.0219752     0     0
0.0439504     0     0
0.0659257     0     0
0.0879009     0     0
0.109876     0     0
0.131851     0     0
0.153827     0     0
0.175802     0     0
0.197777     0     0
0.219752     0     0
0.241727     0     0
0.263703     0     0
0.285678     0.00102375     0.000111134
0.307653     0.148492     0.00133961
0.329629     1.06179     0.00487443
0.351604     2.05002     0.00719651
0.373578     2.26705     0.00779133
0.395553     2.08243     0.00725846
0.41753     1.83827     0.00609938
0.439504     1.61992     0.00458915
0.461479     1.45534     0.00474842
0.483456     1.33483     0.0038606
0.50543     1.25129     0.00339758
0.527405     1.1894     0.00326483
0.549382     1.14461     0.00314558
0.571356     1.11395     0.00326734
0.593331     1.09336     0.00275758
0.615308     1.0762     0.00283538
0.637282     1.06523     0.0029696
0.659257     1.06036     0.00280361
0.681231     1.05782     0.00315097
0.703208     1.05737     0.00253179
0.725183     1.0505     0.00272286
0.747157     1.04943     0.00270366
0.769134     1.04427     0.0024332
0.791109     1.03841     0.00241121
0.813083     1.03587     0.00238736
0.83506     1.02756     0.00225723
0.857035     1.02149     0.00217554
0.879009     1.01861     0.00217506
0.900983     1.0153     0.00215201
0.922961     1.01123     0.00205635
0.944935     1.00866     0.00185562
0.966909     1.00463     0.00190509
0.988887     1.00302     0.00180435
1.01086     1.00182     0.00170542
1.03283     1.00265     0.00177568
1.05481     1.00037     0.00175799
1.07679     0.999041     0.00167466
1.09876     0.997156     0.00169822
1.12074     0.996032     0.00163657
1.14271     0.996153     0.00154796
1.16469     0.99535     0.00149537
1.18666     0.994293     0.00162552
1.20864     0.993569     0.00149551
1.23061     0.993595     0.00143983
1.25259     0.993422     0.00142593
1.27456     0.992537     0.00141425
1.29654     0.991469     0.00138692
1.31851     0.992562     0.00135884
1.34049     0.99197     0.00127414
1.36247     0.99156     0.00129689
1.38444     0.990114     0.00128839
1.40641     0.990577     0.00107928
1.42839     0.990902     0.00110569
1.45037     0.98989     0.00111167
1.47234     0.989979     0.00110235
1.49432     0.989071     0.00108614
1.51629     0.988957     0.00105142
1.53827     0.988922     0.00107041
1.56024     0.988874     0.00112835
1.58222     0.987374     0.00104565
1.60419     0.987779     0.000894837
1.62617     0.988715     0.000928315
1.64814     0.988166     0.000940765
1.67012     0.987767     0.000909854
1.69209     0.988723     0.000870943
1.71407     0.988013     0.000839037
1.73604     0.987777     0.000821792
1.75802     0.987214     0.000835933
1.78     0.986983     0.00081116
1.80197     0.986334     0.000696422
1.82394     0.98727     0.00071357
1.84592     0.987072     0.000776899
1.8679     0.986457     0.000764874
1.88987     0.987665     0.000727041
1.91184     0.988033     0.000769586
1.93382     0.986587     0.00069992
1.9558     0.987145     0.000699407
1.97777     0.987046     0.000637464
1.99975     0.987604     0.000633651
2.02172     0.986699     0.00069377
2.0437     0.985964     0.00072167
2.06567     0.987587     0.000569546
2.08765     0.986764     0.000574249
2.10962     0.986337     0.000605385
2.1316     0.986151     0.000593955
2.15357     0.98669     0.000556112
2.17555     0.985784     0.000607648
