1   -49.1354   0
2   -49.3415   0.145667
3   -49.15   0.18405
4   -49.3328   0.210068
5   -49.434   0.190854
6   -49.2422   0.236497
7   -49.1173   0.233358
8   -49.0868   0.206173
9   -49.387   0.337136
10   -49.405   0.3039
11   -49.5653   0.315749
12   -49.5911   0.290486
13   -49.7496   0.308395
14   -49.813   0.292811
15   -49.718   0.288292
16   -49.7207   0.270286
17   -49.762   0.257521
18   -49.7033   0.249828
19   -49.7664   0.244531
20   -49.7354   0.234256
21   -49.8372   0.244235
22   -49.7654   0.243475
23   -49.7315   0.235238
24   -49.7432   0.225728
25   -49.6878   0.22341
26   -49.7501   0.223354
27   -49.7675   0.215758
28   -49.685   0.223261
29   -49.6786   0.215657
30   -49.617   0.21709
31   -49.6445   0.211817
32   -49.661   0.20585
33   -49.6464   0.200135
34   -49.7096   0.203993
35   -49.7334   0.199541
36   -49.7448   0.194328
37   -49.7708   0.190805
38   -49.754   0.186517
39   -49.7752   0.182916
40   -49.7672   0.17851
41   -49.804   0.177871
42   -49.8048   0.173639
43   -49.839   0.172926
44   -49.8548   0.169726
45   -49.8664   0.166343
46   -49.8235   0.168161
47   -49.8025   0.165877
48   -49.7605   0.16768
49   -49.7101   0.171636
50   -49.7136   0.168239
51   -49.7243   0.165278
52   -49.7413   0.162973
53   -49.7538   0.160373
54   -49.7423   0.157819
55   -49.7311   0.155342
56   -49.7368   0.152671
57   -49.7418   0.150078
58   -49.7872   0.154184
59   -49.7878   0.151572
60   -49.8308   0.155051
61   -49.8037   0.154867
62   -49.8396   0.156487
63   -49.8607   0.155424
64   -49.8736   0.153517
65   -49.8433   0.154092
66   -49.8568   0.152342
67   -49.8496   0.15024
68   -49.8436   0.14815
69   -49.8368   0.146156
70   -49.8109   0.146341
71   -49.8109   0.14428
72   -49.7936   0.1433
73   -49.7938   0.141337
74   -49.8076   0.140095
75   -49.7959   0.13871
76   -49.7855   0.137276
77   -49.7762   0.135803
78   -49.8082   0.137773
79   -49.7856   0.137866
80   -49.7747   0.136577
81   -49.7606   0.135612
82   -49.7606   0.133958
83   -49.7868   0.134867
84   -49.7953   0.133532
85   -49.7706   0.134232
86   -49.7552   0.133548
87   -49.7623   0.132202
88   -49.7909   0.133733
89   -49.8004   0.132572
90   -49.7842   0.132096
91   -49.8079   0.132778
92   -49.8025   0.131447
93   -49.7894   0.130675
94   -49.7858   0.129336
95   -49.774   0.128516
96   -49.7774   0.127223
97   -49.7682   0.126245
98   -49.7507   0.126163
99   -49.7593   0.125186
100   -49.7699   0.124376
