1   20.2298   0
2   20.3558   0.0890824
3   20.3636   0.0597264
4   20.3406   0.0490256
5   20.3049   0.050579
6   20.3637   0.0682259
7   20.3883   0.0627824
8   20.3833   0.0551369
9   20.3589   0.054143
10   20.3838   0.0541792
11   20.3935   0.0501069
12   20.4115   0.0490768
13   20.3879   0.0506993
14   20.3795   0.0477651
15   20.3786   0.0445893
16   20.3701   0.0426069
17   20.3825   0.0418698
18   20.394   0.0410897
19   20.3827   0.0404377
20   20.3873   0.0386723
21   20.3858   0.0368597
22   20.3873   0.0352144
23   20.3817   0.0341238
24   20.3675   0.0355157
25   20.3646   0.0342196
26   20.3666   0.032965
27   20.3551   0.0336936
28   20.3618   0.0331496
29   20.3702   0.0330526
30   20.371   0.0319609
31   20.3758   0.03128
32   20.3808   0.0307067
33   20.3798   0.0297946
34   20.3741   0.0294453
35   20.3697   0.0289275
36   20.3783   0.0293625
37   20.3751   0.0287368
38   20.3712   0.0282516
39   20.3676   0.0277557
40   20.3705   0.0272167
41   20.371   0.0265574
42   20.3679   0.0261017
43   20.3644   0.0257349
44   20.3595   0.0256259
45   20.3608   0.0250927
46   20.3603   0.024552
47   20.358   0.0241426
48   20.3598   0.0237087
49   20.3601   0.023227
50   20.3587   0.0228053
51   20.3582   0.0223619
52   20.3585   0.0219334
53   20.3632   0.0220072
54   20.3628   0.0216021
55   20.3631   0.0212108
56   20.3592   0.021194
57   20.3563   0.0210176
58   20.3526   0.0209761
59   20.3568   0.0210379
60   20.3573   0.0206945
61   20.3576   0.0203564
62   20.3546   0.0202426
63   20.3526   0.0200202
64   20.3535   0.0197297
65   20.3553   0.0195004
66   20.3514   0.0195868
67   20.3529   0.0193566
68   20.3528   0.0190723
69   20.3508   0.0188987
70   20.3564   0.0194367
71   20.3585   0.0192669
72   20.355   0.0192951
73   20.36   0.0196466
74   20.3585   0.0194326
75   20.3613   0.0193649
76   20.3609   0.0191124
77   20.3623   0.0189096
78   20.3592   0.0189139
79   20.3623   0.0189286
80   20.3618   0.0187
81   20.3645   0.0186683
82   20.3634   0.0184766
83   20.3668   0.0185752
84   20.3678   0.018381
85   20.3689   0.0181956
86   20.3671   0.018073
87   20.3661   0.0178896
88   20.3685   0.0178408
89   20.3682   0.0176428
90   20.3684   0.0174478
91   20.3693   0.0172774
92   20.3723   0.0173648
93   20.3726   0.0171791
94   20.3738   0.0170459
95   20.3766   0.0170846
96   20.3769   0.0169097
97   20.3768   0.016736
98   20.3792   0.0167346
99   20.3777   0.0166326
100   20.3765   0.0165087
