0     0     0
0.0230664     0     0
0.0461329     0     0
0.0691993     0     0
0.0922657     0     0
0.115332     0     0
0.138399     0     0
0.161465     0     0
0.184531     0     0
0.207598     0     0
0.230664     0     0
0.253731     0     0
0.276797     0     0
0.299864     0     0
0.32293     0     0
0.345996     0     0
0.369063     0     0
0.392129     0     0
0.415196     0     0
0.438262     0     0
0.461329     0     0
0.484395     0     0
0.507461     0     0
0.530528     0     0
0.553594     0     0
0.576661     0     0
0.599727     0     0
0.622794     0     0
0.64586     0     0
0.668926     0     0
0.691993     0     0
0.715059     0     0
0.738126     0     0
0.761192     0     0
0.784259     0     0
0.807325     0     0
0.830391     0     0
0.853458     0     0
0.876524     8.46866e-05     1.09413e-05
0.899591     0.00345179     7.96567e-05
0.922657     0.0474096     0.000308583
0.945724     0.294211     0.00109367
0.96879     1.00755     0.00218982
0.991856     2.23814     0.00244742
1.01492     3.62685     0.0024076
1.03799     4.62291     0.00202202
1.06106     4.89391     0.00359417
1.08412     4.48848     0.00379659
1.10719     3.65804     0.00309149
1.13026     2.69369     0.00199912
1.15332     1.81577     0.00125322
1.17639     1.13243     0.00109572
1.19945     0.653854     0.0013151
1.22252     0.353704     0.00110224
1.24559     0.179879     0.000843336
1.26865     0.0890856     0.000597524
1.29172     0.0489137     0.000434781
1.31479     0.0419345     0.000394264
1.33785     0.0606878     0.000477067
1.36092     0.105468     0.000534466
1.38399     0.183627     0.000607399
1.40705     0.300719     0.000657978
1.43012     0.45361     0.000579031
1.45319     0.628245     0.0005979
1.47625     0.796981     0.000834071
1.49932     0.922148     0.00114875
1.52238     0.970819     0.00132138
1.54545     0.930499     0.00122876
1.56852     0.808424     0.000965647
1.59158     0.64103     0.000631666
1.61465     0.464754     0.000587723
1.63772     0.316913     0.000608493
1.66078     0.219452     0.000811522
1.68385     0.19173     0.00094324
1.70692     0.254928     0.00108997
1.72998     0.434362     0.00135847
1.75305     0.750004     0.0014599
1.77612     1.19744     0.00112235
1.79918     1.72735     0.000835931
1.82225     2.23449     0.00137152
1.84531     2.59642     0.0020492
1.86838     2.71311     0.00260284
1.89145     2.55856     0.00250766
1.91451     2.18108     0.00180158
1.93758     1.69005     0.000995112
1.96065     1.20121     0.00086726
1.98371     0.80217     0.00130881
2.00678     0.542691     0.00152065
2.02985     0.434272     0.00131855
2.05291     0.460913     0.00112708
2.07598     0.587347     0.000880288
2.09905     0.758226     0.000472292
2.12211     0.916282     0.000626005
2.14518     1.01416     0.000962599
2.16824     1.02196     0.00100795
2.19131     0.91905     0.000826902
2.21438     0.780487     0.000590082
2.23744     0.654096     0.000668065
2.26051     0.571203     0.00105356
2.28358     0.57274     0.00134967
