1     0.0486277     0.0486277     0
2     0.0492334     0.0489306     0.000214133
3     0.0489866     0.0489492     0.000143568
4     0.048728     0.0488939     0.000117846
5     0.0484648     0.0488081     0.00012158
6     0.0496557     0.0489494     0.000163999
7     0.0493645     0.0490087     0.000150914
8     0.0489117     0.0489966     0.000132536
9     0.0484686     0.0489379     0.000130147
10     0.049538     0.0489979     0.000130234
11     0.0492532     0.0490211     0.000120445
12     0.0495419     0.0490645     0.000117969
13     0.0483241     0.0490076     0.000121869
14     0.0487256     0.0489874     0.000114816
15     0.0489553     0.0489853     0.000107182
16     0.0486579     0.0489648     0.000102417
17     0.049472     0.0489947     0.000100645
18     0.0494918     0.0490223     9.877e-05
19     0.0485085     0.0489952     9.72027e-05
20     0.0492145     0.0490062     9.2959e-05
21     0.0489306     0.0490026     8.86021e-05
22     0.0490814     0.0490062     8.46471e-05
23     0.0486973     0.0489928     8.20255e-05
24     0.0481763     0.0489587     8.53714e-05
25     0.0487798     0.0489516     8.22559e-05
26     0.0490799     0.0489565     7.92401e-05
27     0.0482095     0.0489288     8.09914e-05
28     0.0493797     0.0489449     7.96837e-05
29     0.0495302     0.0489651     7.94506e-05
30     0.0490239     0.0489671     7.68264e-05
31     0.0493206     0.0489785     7.51897e-05
32     0.0493666     0.0489906     7.38116e-05
33     0.0489063     0.0489881     7.16191e-05
34     0.048528     0.0489745     7.07795e-05
35     0.0486063     0.048964     6.95348e-05
36     0.0497046     0.0489846     7.05806e-05
37     0.048705     0.048977     6.90764e-05
38     0.0486156     0.0489675     6.79102e-05
39     0.0486299     0.0489589     6.67182e-05
40     0.0492412     0.0489659     6.54226e-05
41     0.049015     0.0489671     6.38378e-05
42     0.0486574     0.0489597     6.27424e-05
43     0.0485928     0.0489512     6.18607e-05
44     0.0484253     0.0489393     6.15985e-05
45     0.0490869     0.0489425     6.03169e-05
46     0.0488882     0.0489414     5.90173e-05
47     0.048675     0.0489357     5.8033e-05
48     0.0491466     0.0489401     5.699e-05
49     0.0489774     0.0489408     5.58321e-05
50     0.0487711     0.0489374     5.48185e-05
51     0.0488862     0.0489364     5.37528e-05
52     0.0489682     0.0489371     5.27226e-05
53     0.0495296     0.0489482     5.29001e-05
54     0.0489055     0.0489474     5.19264e-05
55     0.0489809     0.0489481     5.09858e-05
56     0.0484183     0.0489386     5.09453e-05
57     0.0485433     0.0489317     5.05214e-05
58     0.0484177     0.0489228     5.04215e-05
59     0.0495192     0.0489329     5.05701e-05
60     0.0490121     0.0489342     4.97446e-05
61     0.0489665     0.0489348     4.89319e-05
62     0.0484931     0.0489276     4.86585e-05
63     0.0486244     0.0489228     4.81237e-05
64     0.0490685     0.0489251     4.74256e-05
65     0.0491927     0.0489292     4.68743e-05
66     0.0483139     0.0489199     4.70821e-05
67     0.0491714     0.0489236     4.65288e-05
68     0.0489043     0.0489234     4.58454e-05
69     0.0485945     0.0489186     4.5428e-05
70     0.0498585     0.048932     4.67212e-05
71     0.0492756     0.0489369     4.63131e-05
72     0.0483503     0.0489287     4.63808e-05
73     0.0497911     0.0489405     4.72258e-05
74     0.0486875     0.0489371     4.67113e-05
75     0.0494301     0.0489437     4.65486e-05
76     0.0488883     0.0489429     4.59418e-05
77     0.0491867     0.0489461     4.54541e-05
78     0.0483715     0.0489387     4.54645e-05
79     0.0495295     0.0489462     4.54998e-05
80     0.0488404     0.0489449     4.49503e-05
81     0.0494777     0.0489515     4.48741e-05
82     0.048723     0.0489487     4.44133e-05
83     0.0496391     0.048957     4.46504e-05
84     0.0491591     0.0489594     4.41836e-05
85     0.0491768     0.048962     4.37378e-05
86     0.0485893     0.0489576     4.34433e-05
87     0.0487615     0.0489554     4.30024e-05
88     0.0494538     0.0489611     4.28851e-05
89     0.0488981     0.0489603     4.24091e-05
90     0.0490017     0.0489608     4.19404e-05
91     0.0491495     0.0489629     4.15307e-05
92     0.0496476     0.0489703     4.17408e-05
93     0.0490132     0.0489708     4.12945e-05
94     0.0492658     0.0489739     4.09743e-05
95     0.0495987     0.0489805     4.10674e-05
96     0.0490548     0.0489813     4.06469e-05
97     0.0489483     0.0489809     4.02293e-05
98     0.0495432     0.0489867     4.02259e-05
99     0.0486296     0.0489831     3.99809e-05
100     0.0486974     0.0489802     3.9683e-05
