1     -0.409462     -0.409462     0
2     -0.412895     -0.411179     0.00121389
3     -0.406392     -0.409583     0.00153375
4     -0.415678     -0.411107     0.00175057
5     -0.415321     -0.41195     0.00159045
6     -0.402363     -0.410352     0.00197081
7     -0.403068     -0.409311     0.00194465
8     -0.407277     -0.409057     0.00171811
9     -0.431568     -0.411558     0.00280947
10     -0.413054     -0.411708     0.0025325
11     -0.426405     -0.413044     0.00263124
12     -0.415621     -0.413259     0.00242072
13     -0.430436     -0.41458     0.00256996
14     -0.421977     -0.415108     0.00244009
15     -0.403233     -0.414317     0.00240243
16     -0.414676     -0.414339     0.00225238
17     -0.420189     -0.414683     0.00214601
18     -0.405869     -0.414194     0.0020819
19     -0.424193     -0.41472     0.00203776
20     -0.40956     -0.414462     0.00195213
21     -0.432283     -0.41531     0.00203529
22     -0.402136     -0.414712     0.00202896
23     -0.408214     -0.414429     0.00196032
24     -0.416775     -0.414527     0.00188107
25     -0.402972     -0.414065     0.00186175
26     -0.427579     -0.414584     0.00186128
27     -0.418498     -0.414729     0.00179798
28     -0.395484     -0.414042     0.00186051
29     -0.412478     -0.413988     0.00179714
30     -0.398587     -0.413475     0.00180908
31     -0.420569     -0.413704     0.00176514
32     -0.418142     -0.413842     0.00171542
33     -0.409805     -0.41372     0.00166779
34     -0.431636     -0.414247     0.00169994
35     -0.42117     -0.414445     0.00166284
36     -0.417891     -0.41454     0.0016194
37     -0.42255     -0.414757     0.00159004
38     -0.409455     -0.414617     0.00155431
39     -0.421451     -0.414793     0.0015243
40     -0.412187     -0.414727     0.00148758
41     -0.427238     -0.415033     0.00148226
42     -0.415346     -0.41504     0.00144699
43     -0.427277     -0.415325     0.00144105
44     -0.421155     -0.415457     0.00141438
45     -0.419769     -0.415553     0.00138619
46     -0.399119     -0.415196     0.00140134
47     -0.40701     -0.415021     0.00138231
48     -0.398179     -0.414671     0.00139733
49     -0.394132     -0.414251     0.0014303
50     -0.415692     -0.41428     0.00140199
51     -0.418818     -0.414369     0.00137732
52     -0.421742     -0.414511     0.00135811
53     -0.420013     -0.414615     0.00133644
54     -0.409414     -0.414519     0.00131516
55     -0.409411     -0.414426     0.00129452
56     -0.417064     -0.414473     0.00127226
57     -0.416895     -0.414515     0.00125065
58     -0.436424     -0.414893     0.00128487
59     -0.415175     -0.414898     0.0012631
60     -0.436444     -0.415257     0.00129209
61     -0.401459     -0.415031     0.00129056
62     -0.433607     -0.41533     0.00130406
63     -0.426427     -0.415506     0.0012952
64     -0.42231     -0.415613     0.00127931
65     -0.39927     -0.415361     0.0012841
66     -0.42275     -0.415473     0.00126952
67     -0.411431     -0.415413     0.001252
68     -0.412021     -0.415363     0.00123458
69     -0.411483     -0.415307     0.00121797
70     -0.400214     -0.415091     0.00121951
71     -0.415075     -0.415091     0.00120233
72     -0.404755     -0.414947     0.00119417
73     -0.414979     -0.414948     0.00117781
74     -0.423432     -0.415063     0.00116746
75     -0.40779     -0.414966     0.00115592
76     -0.40836     -0.414879     0.00114397
77     -0.408967     -0.414802     0.00113169
78     -0.435583     -0.415068     0.00114811
79     -0.400208     -0.41488     0.00114888
80     -0.407583     -0.414789     0.00113814
81     -0.405298     -0.414672     0.0011301
82     -0.414716     -0.414672     0.00111632
83     -0.432736     -0.41489     0.00112389
84     -0.420888     -0.414961     0.00111277
85     -0.397444     -0.414755     0.0011186
86     -0.40374     -0.414627     0.0011129
87     -0.419768     -0.414686     0.00110168
88     -0.435576     -0.414924     0.00111444
89     -0.422019     -0.415003     0.00110477
90     -0.402789     -0.414868     0.0011008
91     -0.432943     -0.415066     0.00110648
92     -0.410866     -0.415021     0.00109539
93     -0.404943     -0.414912     0.00108896
94     -0.412032     -0.414882     0.0010778
95     -0.405508     -0.414783     0.00107097
96     -0.417523     -0.414812     0.00106019
97     -0.407354     -0.414735     0.00105204
98     -0.400448     -0.414589     0.00105136
99     -0.421736     -0.414661     0.00104322
100     -0.423443     -0.414749     0.00103647
