0     0     0
0.064633     0     0
0.129266     0     0
0.193899     0     0
0.258532     0     0
0.323165     0     0
0.387798     0     0
0.452431     0     0
0.517064     0     0
0.581697     0     0
0.64633     0     0
0.710963     0     0
0.775596     0     0
0.84023     0.00102375     0.000111134
0.904863     0.148492     0.00133961
0.969496     1.06179     0.00487443
1.03413     2.05002     0.00719651
1.09876     2.26705     0.00779133
1.16339     2.08243     0.00725846
1.22803     1.83827     0.00609938
1.29266     1.61992     0.00458915
1.35729     1.45534     0.00474842
1.42193     1.33483     0.0038606
1.48656     1.25129     0.00339758
1.55119     1.1894     0.00326483
1.61583     1.14461     0.00314558
1.68046     1.11395     0.00326734
1.74509     1.09336     0.00275758
1.80973     1.0762     0.00283538
1.87436     1.06523     0.0029696
1.93899     1.06036     0.00280361
2.00362     1.05782     0.00315097
2.06826     1.05737     0.00253179
2.13289     1.0505     0.00272286
2.19752     1.04943     0.00270366
2.26216     1.04427     0.0024332
2.32679     1.03841     0.00241121
2.39142     1.03587     0.00238736
2.45606     1.02756     0.00225723
2.52069     1.02149     0.00217554
2.58532     1.01861     0.00217506
2.64995     1.0153     0.00215201
2.71459     1.01123     0.00205635
2.77922     1.00866     0.00185562
2.84385     1.00463     0.00190509
2.90849     1.00302     0.00180435
2.97312     1.00182     0.00170542
3.03775     1.00265     0.00177568
3.10239     1.00037     0.00175799
3.16702     0.999041     0.00167466
3.23165     0.997156     0.00169822
3.29629     0.996032     0.00163657
3.36092     0.996153     0.00154796
3.42555     0.99535     0.00149537
3.49018     0.994293     0.00162552
3.55482     0.993569     0.00149551
3.61945     0.993595     0.00143983
3.68408     0.993422     0.00142593
3.74872     0.992537     0.00141425
3.81335     0.991469     0.00138692
3.87798     0.992562     0.00135884
3.94262     0.99197     0.00127414
4.00725     0.99156     0.00129689
4.07188     0.990114     0.00128839
4.13651     0.990577     0.00107928
4.20115     0.990902     0.00110569
4.26578     0.98989     0.00111167
4.33041     0.989979     0.00110235
4.39505     0.989071     0.00108614
4.45968     0.988957     0.00105142
4.52431     0.988922     0.00107041
4.58895     0.988874     0.00112835
4.65358     0.987374     0.00104565
4.71821     0.987779     0.000894837
4.78285     0.988715     0.000928315
4.84748     0.988166     0.000940765
4.91211     0.987767     0.000909854
4.97674     0.988723     0.000870943
5.04138     0.988013     0.000839037
5.10601     0.987777     0.000821792
5.17064     0.987214     0.000835933
5.23528     0.986983     0.00081116
5.29991     0.986334     0.000696422
5.36454     0.98727     0.00071357
5.42918     0.987072     0.000776899
5.49381     0.986457     0.000764874
5.55844     0.987665     0.000727041
5.62307     0.988033     0.000769586
5.68771     0.986587     0.00069992
5.75234     0.987145     0.000699407
5.81697     0.987046     0.000637464
5.88161     0.987604     0.000633651
5.94624     0.986699     0.00069377
6.01087     0.985964     0.00072167
6.07551     0.987587     0.000569546
6.14014     0.986764     0.000574249
6.20477     0.986337     0.000605385
6.2694     0.986151     0.000593955
6.33404     0.98669     0.000556112
6.39867     0.985784     0.000607648
