-6.9245
-6.92188
-6.91263
-6.8997
-6.87942
-6.85915
-6.83779
-6.8195
-6.80484
-6.79581
-6.79289
-6.79699
-6.8044
-6.81464
-6.82495
-6.83334
-6.8411
-6.84665
-6.84742
-6.84635
-6.84156
-6.83413
-6.81969
-6.8064
-6.7895
-6.77052
-6.75298
-6.74638
-6.74965
-6.76253
-6.78313
-6.81094
-6.83599
-6.85796
-6.86886
-6.87153
-6.86189
-6.84451
-6.82156
-6.79545
-6.77276
-6.7573
-6.75141
-6.75747
-6.76984
-6.78357
-6.8002
-6.81408
-6.82564
-6.83485
-6.84452
-6.85453
-6.86726
-6.88041
-6.89437
-6.90819
-6.92497
-6.93919
-6.94621
-6.95178
-6.95292
-6.94744
-6.93634
-6.92565
-6.9146
-6.89921
-6.88636
-6.87349
-6.8648
-6.86273
-6.86346
-6.86875
-6.87393
-6.87339
-6.87106
-6.86589
-6.85932
-6.85156
-6.84519
-6.84302
-6.83992
-6.8362
-6.83146
-6.82543
-6.81821
-6.80693
-6.79242
-6.78155
-6.76977
-6.76219
-6.7598
-6.75633
-6.76123
-6.77193
-6.78758
-6.80571
-6.82532
-6.84184
-6.85739
-6.86812
-6.87385
-6.87528
-6.87399
-6.8658
-6.85669
-6.84651
-6.83623
-6.83137
-6.82769
-6.82325
-6.82511
-6.82947
-6.83881
-6.84343
-6.84606
-6.84727
-6.8462
-6.84667
-6.84114
-6.83704
-6.83084
-6.82533
-6.82046
-6.81769
-6.81528
-6.81118
-6.80852
-6.80684
-6.80658
-6.81102
-6.81933
-6.83379
-6.85392
-6.87511
-6.89828
-6.91931
-6.93666
-6.95078
-6.96378
-6.96881
-6.96881
-6.96373
-6.95292
-6.94226
-6.9203
-6.89731
-6.86822
-6.84093
-6.81142
-6.7834
-6.75975
-6.73941
-6.72907
-6.72427
-6.72782
-6.73789
-6.75146
-6.76372
-6.77828
-6.79008
-6.79417
-6.79104
-6.78365
-6.77213
-6.75868
-6.7443
-6.73411
-6.72498
-6.72486
-6.73368
-6.75041
-6.77385
-6.8036
-6.83614
-6.86753
-6.89449
-6.9167
-6.92988
-6.93776
-6.94187
-6.93996
-6.93567
-6.92891
-6.92231
-6.91392
-6.90196
-6.89031
-6.87654
-6.86284
-6.84868
-6.83364
-6.81866
-6.80764
-6.80236
-6.80198
-6.80906
-6.82271
-6.83875
-6.85807
-6.87568
-6.89122
-6.90286
-6.91
-6.912
-6.90917
-6.90884
-6.90361
-6.89628
-6.88444
-6.86993
-6.85699
-6.84013
-6.8204
-6.80336
-6.78995
-6.78566
-6.78784
-6.7992
-6.8123
-6.82701
-6.84453
-6.85865
-6.86835
-6.87345
-6.87372
-6.87042
-6.8614
-6.85197
-6.84139
-6.83513
-6.83396
-6.83768
-6.84677
-6.86214
-6.87485
-6.88255
-6.88592
-6.87966
-6.86916
-6.85166
-6.83079
-6.81089
-6.79901
-6.79226
-6.79116
-6.7962
-6.80173
-6.80862
-6.8136
-6.81772
-6.82142
-6.82879
-6.83278
-6.84058
-6.84841
-6.85666
-6.86666
-6.87798
-6.8898
-6.89775
-6.90585
-6.9134
-6.91849
-6.92137
-6.92057
-6.91453
-6.90847
-6.89925
-6.88571
-6.86995
-6.85445
-6.8379
-6.82806
-6.8194
-6.8164
-6.81697
-6.82251
-6.83092
-6.83508
-6.83077
-6.82617
-6.81707
-6.80333
-6.79073
-6.78138
-6.77498
-6.77619
-6.78345
-6.79764
-6.81785
-6.84021
-6.86638
-6.89174
-6.91286
-6.92724
-6.93343
-6.9303
-6.9164
-6.89928
-6.88235
-6.86049
-6.83997
-6.82024
-6.80066
-6.78484
-6.77495
-6.76362
-6.75687
-6.7557
-6.75469
-6.75752
-6.76445
-6.77928
-6.79846
-6.82455
-6.85276
-6.88144
-6.90814
-6.92519
-6.93703
-6.94306
-6.93929
-6.93096
-6.92125
-6.90869
-6.89694
-6.88242
-6.86962
-6.86208
-6.85701
-6.85412
-6.85498
-6.8558
-6.85485
-6.85519
-6.85724
-6.86295
-6.86904
-6.8778
-6.88928
-6.90179
-6.91455
-6.92339
-6.92779
-6.92579
-6.91704
-6.90101
-6.87965
-6.85495
-6.82899
-6.80472
-6.78052
-6.76277
-6.75299
-6.75185
-6.76095
-6.77871
-6.79845
-6.81729
-6.83112
-6.83941
-6.84403
-6.84192
-6.83695
-6.8263
-6.81227
-6.79797
-6.7816
-6.76753
-6.75795
-6.75321
-6.7519
-6.757
-6.76638
-6.77863
-6.79238
-6.80588
-6.81875
-6.83208
-6.84736
-6.85914
-6.87586
-6.88999
-6.90028
-6.90707
-6.90898
-6.90981
-6.90359
-6.89644
-6.8841
-6.87274
-6.86153
-6.85198
-6.84446
-6.8395
-6.84049
-6.84338
-6.84925
-6.85895
-6.8662
-6.87565
-6.88569
-6.89313
-6.89802
-6.9
-6.89896
-6.89485
-6.88994
-6.88446
-6.88001
-6.87579
-6.87103
-6.86275
-6.85211
-6.83426
-6.81565
-6.79581
-6.77511
-6.75359
-6.73666
-6.72404
-6.71556
-6.71766
-6.72513
-6.74065
-6.75855
-6.77914
-6.79914
-6.81803
-6.84104
-6.85837
-6.87349
-6.88597
-6.89633
-6.9018
-6.90399
-6.90188
-6.89929
-6.89234
-6.88612
-6.87945
-6.87578
-6.8748
-6.87239
-6.87302
-6.87103
-6.87002
-6.86672
-6.86019
-6.84859
-6.83704
-6.82382
-6.81176
-6.80589
-6.80268
-6.8073
-6.81335
-6.82449
-6.8334
-6.84684
-6.85816
-6.86551
-6.87219
-6.8743
-6.86998
-6.86059
-6.85123
-6.84221
-6.83541
-6.83147
-6.82982
-6.8321
-6.8378
-6.8419
-6.84761
-6.8478
-6.84516
-6.84287
-6.84035
-6.83592
-6.83689
-6.83505
-6.83279
-6.83186
-6.82757
-6.8247
-6.82265
-6.82384
-6.82686
-6.83358
-6.84852
-6.86569
-6.88389
-6.90071
-6.91422
-6.92227
-6.9244
-6.91701
-6.90354
-6.88469
-6.86026
-6.83587
-6.81342
-6.79174
-6.77489
-6.76184
-6.75132
-6.74627
-6.74859
-6.75469
-6.76827
-6.78689
-6.81141
-6.83693
-6.86417
-6.89144
-6.91762
-6.9387
-6.95514
-6.96609
-6.96913
-6.96632
-6.95589
-6.94069
-6.91835
-6.8936
-6.86599
-6.83942
-6.81507
-6.79441
-6.77729
-6.76274
-6.75287
-6.74624
-6.74577
-6.75105
-6.7612
-6.77792
-6.79628
-6.81684
-6.83778
-6.85341
-6.86402
-6.86958
-6.8662
-6.85633
-6.84106
-6.82283
-6.80622
-6.79035
-6.78264
-6.78181
-6.79006
-6.8044
-6.82394
-6.84497
-6.86623
-6.88406
-6.89744
-6.90817
-6.91845
-6.92418
-6.92521
-6.91934
-6.90439
-6.88113
-6.85257
-6.82338
-6.79822
-6.77528
-6.75866
-6.75183
-6.75109
-6.75841
-6.77437
-6.79857
-6.82691
-6.85831
-6.88924
-6.91839
-6.94395
-6.96106
-6.97103
-6.97081
-6.95819
-6.93987
-6.91063
-6.87533
-6.84448
-6.81848
-6.7959
-6.78107
-6.7745
-6.77261
-6.77357
-6.7781
-6.78363
-6.78955
-6.79548
-6.80194
-6.80706
-6.81409
-6.81969
-6.82265
-6.83302
-6.84282
-6.85443
-6.86596
-6.88262
-6.90323
-6.9228
-6.94007
-6.95652
-6.97116
-6.98096
-6.97816
-6.96796
-6.9455
-6.91204
-6.87103
-6.82511
-6.77632
-6.73532
-6.70211
-6.67911
-6.66705
-6.67116
-6.68322
-6.70662
-6.73838
-6.77324
-6.81152
-6.84786
-6.8809
-6.908
-6.9332
-6.95614
-6.97664
-6.99385
-7.00368
-7.00653
-7.00051
-6.98414
-6.96393
-6.93457
-6.90454
-6.87379
-6.84552
-6.82744
-6.81654
-6.81214
-6.81559
-6.82276
-6.83404
-6.84247
-6.84903
-6.84811
-6.84549
-6.83815
-6.83157
-6.8198
-6.80775
-6.79684
-6.78968
-6.7841
-6.78461
-6.79078
-6.79933
-6.81139
-6.82422
-6.83797
-6.85275
-6.86738
-6.87866
-6.89087
-6.90251
-6.90891
-6.91393
-6.91674
-6.91176
-6.90244
-6.89074
-6.87762
-6.86083
-6.84497
-6.83022
-6.81476
-6.79872
-6.78923
-6.78158
-6.78238
-6.79103
-6.80601
-6.82407
-6.84669
-6.86908
-6.89002
-6.90824
-6.92003
-6.92983
-6.93316
-6.93195
-6.92213
-6.90902
-6.89498
-6.87634
-6.85718
-6.84305
-6.83088
-6.82162
-6.8124
-6.804
-6.79833
-6.79315
-6.79266
-6.79529
-6.8
-6.80908
-6.82145
-6.83542
-6.85377
-6.87275
-6.89114
-6.9075
-6.92319
-6.93035
-6.93486
-6.93419
-6.93356
-6.92861
-6.91984
-6.90373
-6.886
-6.86206
-6.83046
-6.79678
-6.76335
-6.7339
-6.71475
-6.70355
-6.70509
-6.71511
-6.7328
-6.75653
-6.78028
-6.80133
-6.82088
-6.83498
-6.84452
-6.84722
-6.846
-6.84696
-6.85286
-6.85908
-6.86754
-6.8716
-6.87584
-6.87764
-6.87661
-6.87139
-6.86801
-6.86365
-6.85857
-6.85534
-6.85741
-6.85947
-6.86496
-6.87458
-6.8817
-6.88264
-6.88542
-6.8833
-6.87893
-6.86994
-6.85963
-6.84898
-6.83889
-6.82932
-6.82407
-6.82051
-6.81977
-6.82034
-6.82488
-6.83082
-6.84302
-6.85409
-6.86644
-6.87599
-6.88501
-6.89455
-6.90148
-6.9119
-6.92185
-6.93273
-6.9442
-6.95055
-6.94821
-6.93932
-6.91857
-6.89008
-6.85547
-6.82009
-6.78796
-6.76372
-6.74548
-6.73702
-6.73783
-6.7441
-6.75636
-6.77315
-6.79129
-6.81048
-6.82424
-6.83444
-6.83773
-6.83149
-6.81818
-6.8002
-6.77893
-6.75729
-6.74097
-6.73074
-6.72925
-6.73795
-6.75123
-6.7664
-6.78712
-6.8113
-6.83513
-6.85578
-6.8738
-6.88668
-6.8949
-6.89809
-6.89668
-6.89568
-6.89168
-6.89089
-6.89329
-6.90001
-6.90938
-6.92171
-6.93631
-6.95046
-6.96245
-6.9705
-6.97559
-6.97109
-6.96102
-6.94376
-6.91826
-6.89309
-6.8659
-6.83624
-6.81081
-6.79101
-6.77506
-6.76744
-6.76779
-6.77528
-6.79356
-6.81202
-6.83148
-6.84932
-6.86218
-6.86757
-6.86464
-6.85593
-6.84146
-6.82523
-6.80805
-6.78821
-6.77391
-6.76308
-6.75695
-6.75528
-6.75738
-6.76477
-6.77291
-6.78365
-6.7963
-6.80899
-6.82236
-6.83051
-6.83696
-6.84366
-6.84916
-6.85092
-6.8512
-6.84985
-6.84198
-6.83025
-6.81784
-6.80515
-6.79852
-6.79649
-6.79887
-6.80519
-6.81717
-6.82992
-6.84446
-6.85716
-6.87051
-6.87836
-6.88614
-6.88869
-6.89063
-6.88959
-6.8865
-6.8781
-6.87018
-6.85785
-6.84633
-6.83276
-6.82021
-6.80697
-6.79387
-6.78592
-6.78205
-6.78204
-6.78727
-6.8033
-6.82752
-6.85709
-6.89093
-6.92377
-6.95113
-6.97205
-6.9811
-6.98701
-6.97945
-6.96429
-6.94567
-6.92538
-6.9065
-6.88693
-6.86851
-6.85219
-6.84105
-6.83281
-6.8272
-6.82451
-6.8221
-6.81758
-6.8113
-6.80397
-6.79997
-6.79993
-6.80561
-6.81783
-6.83452
-6.8545
-6.87335
-6.89015
-6.89905
-6.90494
-6.90752
-6.90157
-6.88934
-6.87574
-6.85895
-6.84204
-6.82908
-6.82331
-6.82082
-6.82344
-6.82953
-6.83347
-6.83415
-6.8325
-6.82978
-6.82387
-6.82184
-6.82444
-6.82853
-6.83279
-6.8365
-6.84048
-6.84231
-6.84269
-6.84255
-6.84096
-6.84409
-6.84758
-6.84931
-6.85665
-6.86591
-6.87875
-6.8924
-6.90758
-6.92512
-6.94168
-6.95432
-6.95904
-6.95372
-6.93782
-6.91635
-6.88964
-6.86153
-6.83876
