-5.84473
-5.84421
-5.84265
-5.8431
-5.84079
-5.84127
-5.84132
-5.84289
-5.84435
-5.84593
-5.84723
-5.8494
-5.8501
-5.8509
-5.85118
-5.85067
-5.85172
-5.85308
-5.85219
-5.85193
-5.85066
-5.84998
-5.84604
-5.84699
-5.84714
-5.84565
-5.84259
-5.84377
-5.84516
-5.84552
-5.84462
-5.84583
-5.84426
-5.84451
-5.84223
-5.84213
-5.84018
-5.83941
-5.8393
-5.83861
-5.83968
-5.8418
-5.84386
-5.84713
-5.8481
-5.84603
-5.84655
-5.8463
-5.8461
-5.84505
-5.84475
-5.8442
-5.84528
-5.84571
-5.84609
-5.84607
-5.84954
-5.85192
-5.84967
-5.84958
-5.84944
-5.84736
-5.84405
-5.84471
-5.84746
-5.84681
-5.84795
-5.84665
-5.84578
-5.84718
-5.84751
-5.84992
-5.85179
-5.84959
-5.84861
-5.848
-5.84819
-5.84761
-5.84714
-5.84894
-5.84838
-5.84702
-5.84587
-5.84562
-5.84667
-5.84585
-5.84317
-5.8445
-5.84401
-5.84559
-5.84891
-5.84652
-5.84708
-5.84793
-5.84898
-5.84921
-5.84955
-5.84745
-5.8468
-5.84507
-5.84297
-5.84151
-5.84203
-5.83973
-5.83951
-5.83976
-5.83986
-5.84367
-5.84564
-5.84312
-5.84314
-5.84272
-5.8457
-5.84399
-5.84183
-5.84088
-5.84061
-5.84429
-5.84355
-5.84482
-5.84389
-5.84328
-5.84298
-5.84461
-5.84656
-5.8466
-5.84736
-5.84757
-5.8466
-5.84668
-5.84619
-5.84699
-5.849
-5.84889
-5.84955
-5.84901
-5.84767
-5.84722
-5.85031
-5.85016
-5.84969
-5.84889
-5.84711
-5.85021
-5.84654
-5.84585
-5.84234
-5.84284
-5.84188
-5.84144
-5.84248
-5.84207
-5.84536
-5.84678
-5.84883
-5.85041
-5.85045
-5.84694
-5.84668
-5.84747
-5.84621
-5.84398
-5.84315
-5.8425
-5.84236
-5.84177
-5.84369
-5.84261
-5.84403
-5.84592
-5.84649
-5.84557
-5.84531
-5.84566
-5.84603
-5.84585
-5.84653
-5.84458
-5.84366
-5.84447
-5.84348
-5.84293
-5.8418
-5.84231
-5.84248
-5.8407
-5.84087
-5.84041
-5.84127
-5.84252
-5.8429
-5.84213
-5.84251
-5.84403
-5.84437
-5.84537
-5.84658
-5.84561
-5.84597
-5.84543
-5.84571
-5.84624
-5.84677
-5.84637
-5.84476
-5.84841
-5.8492
-5.84967
-5.84752
-5.845
-5.84668
-5.84682
-5.84519
-5.84513
-5.84472
-5.84678
-5.84727
-5.84925
-5.84738
-5.84455
-5.845
-5.84495
-5.84479
-5.84494
-5.84513
-5.84604
-5.84449
-5.8444
-5.84321
-5.84419
-5.84602
-5.84695
-5.84746
-5.85028
-5.84981
-5.84738
-5.84667
-5.84394
-5.84454
-5.84409
-5.84306
-5.84177
-5.84369
-5.84405
-5.84364
-5.84491
-5.84468
-5.84561
-5.84521
-5.84453
-5.84358
-5.84591
-5.84406
-5.84484
-5.84432
-5.84311
-5.84312
-5.84468
-5.84751
-5.84741
-5.84831
-5.8495
-5.84937
-5.84881
-5.84722
-5.84363
-5.84359
-5.84391
-5.84299
-5.84216
-5.84277
-5.84194
-5.84551
-5.84603
-5.84662
-5.84517
-5.84476
-5.84629
-5.8459
-5.8418
-5.84289
-5.84414
-5.84336
-5.84382
-5.84515
-5.84503
-5.84664
-5.84765
-5.84893
-5.85041
-5.84975
-5.8508
-5.85156
-5.85141
-5.85038
-5.8489
-5.84673
-5.84209
-5.84089
-5.84418
-5.84414
-5.84493
-5.8448
-5.84275
-5.84232
-5.84549
-5.84449
-5.84484
-5.84715
-5.8459
-5.84468
-5.84349
-5.84561
-5.84681
-5.84956
-5.85047
-5.85072
-5.85129
-5.84741
-5.84535
-5.84524
-5.84262
-5.84147
-5.84311
-5.84397
-5.84597
-5.84417
-5.84242
-5.84392
-5.84576
-5.8476
-5.85104
-5.85251
-5.85069
-5.84915
-5.84858
-5.85066
-5.85123
-5.85156
-5.8515
-5.8506
-5.85041
-5.84934
-5.84877
-5.84782
-5.84653
-5.84429
-5.84248
-5.84181
-5.84234
-5.84445
-5.84362
-5.84337
-5.84298
-5.84196
-5.84242
-5.84486
-5.84597
-5.84641
-5.84501
-5.84287
-5.84235
-5.84023
-5.84009
-5.8387
-5.83773
-5.83916
-5.8395
-5.84102
-5.84372
-5.84624
-5.8462
-5.84674
-5.8468
-5.84668
-5.84674
-5.8464
-5.84572
-5.84571
-5.84766
-5.84604
-5.84955
-5.85135
-5.85113
-5.85016
-5.84783
-5.84839
-5.84604
-5.84666
-5.84513
-5.84633
-5.84772
-5.84897
-5.84901
-5.84778
-5.84878
-5.84843
-5.84835
-5.84985
-5.84708
-5.8455
-5.84474
-5.84319
-5.84218
-5.84211
-5.84275
-5.84291
-5.84321
-5.84264
-5.84237
-5.8423
-5.84306
-5.84305
-5.84429
-5.842
-5.84206
-5.8429
-5.84357
-5.84246
-5.84317
-5.84343
-5.84125
-5.84202
-5.84076
-5.84157
-5.84087
-5.84097
-5.83999
-5.8383
-5.84173
-5.84119
-5.8409
-5.8412
-5.84308
-5.84398
-5.84527
-5.84533
-5.84711
-5.84574
-5.84543
-5.84421
-5.84498
-5.84708
-5.84624
-5.8473
-5.84533
-5.84518
-5.8449
-5.84455
-5.8426
-5.84339
-5.84341
-5.84334
-5.84605
-5.84657
-5.84967
-5.84944
-5.8507
-5.84759
-5.84852
-5.84835
-5.84645
-5.84706
-5.84697
-5.84462
-5.84104
-5.84022
-5.84058
-5.84179
-5.8428
-5.84222
-5.84217
-5.84356
-5.84317
-5.84559
-5.84442
-5.84231
-5.84189
-5.84186
-5.83994
-5.84319
-5.84352
-5.8435
-5.84509
-5.84375
-5.84408
-5.84482
-5.84704
-5.8475
-5.84645
-5.84795
-5.84729
-5.84599
-5.84472
-5.8442
-5.84417
-5.84537
-5.84462
-5.84493
-5.84573
-5.84483
-5.84545
-5.84726
-5.84727
-5.84834
-5.8488
-5.84703
-5.84561
-5.84617
-5.84481
-5.84506
-5.84491
-5.84624
-5.84577
-5.8461
-5.84723
-5.84952
-5.85011
-5.85029
-5.85006
-5.84781
-5.84644
-5.84474
-5.84537
-5.84487
-5.8459
-5.84556
-5.84542
-5.84508
-5.8451
-5.84513
-5.8442
-5.84426
-5.84342
-5.84393
-5.84481
-5.84503
-5.84677
-5.8464
-5.84645
-5.84754
-5.84646
-5.84553
-5.84613
-5.84479
-5.84354
-5.84214
-5.84099
-5.84205
-5.84149
-5.84378
-5.84528
-5.84711
-5.84713
-5.84715
-5.84683
-5.8479
-5.84825
-5.84701
-5.8455
-5.84587
-5.8451
-5.84509
-5.84558
-5.84511
-5.84353
-5.84157
-5.8409
-5.84312
-5.84363
-5.84435
-5.84712
-5.84736
-5.84691
-5.84701
-5.84857
-5.84929
-5.85011
-5.84974
-5.84913
-5.84891
-5.84683
-5.84649
-5.84637
-5.84467
-5.84705
-5.84584
-5.84243
-5.84332
-5.84517
-5.84395
-5.84306
-5.84366
-5.84376
-5.84336
-5.84449
-5.84526
-5.84534
-5.84475
-5.84441
-5.84306
-5.84429
-5.84459
-5.84207
-5.8458
-5.847
-5.84757
-5.84555
-5.8464
-5.84945
-5.85047
-5.84912
-5.84825
-5.84878
-5.85002
-5.84682
-5.84637
-5.84492
-5.84327
-5.84288
-5.84291
-5.84083
-5.84247
-5.84349
-5.84342
-5.84176
-5.84419
-5.84388
-5.84596
-5.84945
-5.8514
-5.8547
-5.85649
-5.85718
-5.85493
-5.85368
-5.85279
-5.85215
-5.852
-5.85004
-5.84856
-5.847
-5.84418
-5.84572
-5.84428
-5.84542
-5.84564
-5.84458
-5.84698
-5.84818
-5.84736
-5.8473
-5.84632
-5.84763
-5.84709
-5.84768
-5.84497
-5.84488
-5.84389
-5.84658
-5.84582
-5.84521
-5.84474
-5.84569
-5.84478
-5.84586
-5.84823
-5.84892
-5.84984
-5.84935
-5.84875
-5.84905
-5.84963
-5.84761
-5.84749
-5.84827
-5.84605
-5.84568
-5.84718
-5.84543
-5.84372
-5.84339
-5.84447
-5.84368
-5.84491
-5.84752
-5.84864
-5.847
-5.84812
-5.84579
-5.84578
-5.84735
-5.8495
-5.84992
-5.85146
-5.85118
-5.85003
-5.84899
-5.84618
-5.84719
-5.84787
-5.84991
-5.84848
-5.84782
-5.84892
-5.84662
-5.84348
-5.84398
-5.84451
-5.84598
-5.84581
-5.84499
-5.84519
-5.84353
-5.84353
-5.84323
-5.84162
-5.84126
-5.8415
-5.84106
-5.84316
-5.84482
-5.84603
-5.84677
-5.84967
-5.84768
-5.84668
-5.84379
-5.84383
-5.84253
-5.84112
-5.83732
-5.83797
-5.83895
-5.83813
-5.83891
-5.8401
-5.84108
-5.84404
-5.84391
-5.845
-5.84457
-5.8445
-5.84608
-5.84609
-5.84454
-5.84504
-5.84542
-5.84713
-5.84678
-5.84477
-5.84432
-5.84623
-5.84579
-5.84644
-5.84365
-5.84365
-5.84461
-5.84594
-5.84544
-5.84799
-5.84937
-5.8486
-5.84727
-5.84822
-5.84622
-5.84542
-5.8477
-5.84791
-5.84377
-5.84441
-5.84372
-5.84435
-5.84344
-5.8433
-5.84361
-5.84404
-5.84358
-5.84542
-5.84663
-5.84819
-5.84818
-5.84884
-5.84754
-5.8497
-5.84914
-5.84972
-5.8486
-5.84846
-5.85001
-5.84909
-5.85055
-5.84975
-5.84879
-5.84949
-5.84923
-5.84742
-5.84809
-5.84623
-5.8446
-5.842
-5.84012
-5.83924
-5.84088
-5.84105
-5.84255
-5.84497
-5.84533
-5.84554
-5.84586
-5.84531
-5.8461
-5.84438
-5.84439
-5.84458
-5.84315
-5.84214
-5.84234
-5.84224
-5.84119
-5.84143
-5.8412
-5.84199
-5.8453
-5.84654
-5.8444
-5.84404
-5.84511
-5.84567
-5.84476
-5.84465
-5.84414
-5.84425
-5.84443
-5.8441
-5.84656
-5.84633
-5.84757
-5.84862
-5.84971
-5.84914
-5.84811
-5.84753
-5.84675
-5.84609
-5.8456
-5.84759
-5.84629
-5.84596
-5.84472
-5.84068
-5.84102
-5.84155
-5.83972
-5.84004
-5.84186
-5.84157
-5.84234
-5.84314
-5.84324
-5.84738
-5.84704
-5.84606
-5.84508
-5.84381
-5.84206
-5.83997
-5.83961
-5.83946
-5.84117
-5.84313
-5.84139
-5.8424
-5.84285
-5.84333
-5.84347
-5.84292
-5.84389
-5.84281
-5.84261
-5.8436
-5.84483
-5.84763
-5.84652
-5.84509
-5.84527
-5.84575
-5.84452
-5.84482
-5.84732
-5.84728
-5.84642
-5.8461
-5.84439
-5.84546
-5.84631
-5.8462
-5.84503
-5.84565
-5.84481
-5.84513
-5.84434
-5.84605
-5.8448
-5.84644
-5.84582
-5.84748
-5.84884
-5.85057
-5.84908
-5.84988
-5.8478
-5.84771
-5.84635
-5.84635
-5.84544
-5.84365
-5.84491
-5.84665
-5.84696
-5.84547
-5.84663
-5.848
-5.84849
-5.84992
-5.85066
-5.84978
-5.84929
-5.84576
-5.84869
-5.84721
-5.84533
-5.84468
-5.84458
-5.84623
-5.84636
-5.84593
-5.84496
-5.84566
-5.84539
-5.84437
-5.84417
-5.84381
-5.84235
-5.84089
-5.83956
-5.84076
-5.84225
-5.84327
-5.84392
-5.84365
-5.84435
-5.84477
-5.8463
-5.84451
-5.84493
-5.84761
-5.84738
-5.84596
-5.84697
-5.8466
-5.8455
-5.84528
-5.84715
-5.84642
-5.84583
-5.84624
-5.84506
-5.84343
-5.84281
-5.84334
-5.84085
-5.84046
-5.84201
-5.84282
-5.84284
-5.84274
-5.8442
-5.84503
-5.84559
-5.84622
-5.84529
-5.84831
-5.85041
-5.84899
-5.85088
-5.85184
-5.85313
-5.85212
-5.85033
-5.85028
-5.85094
-5.85198
-5.85185
-5.85001
-5.84626
-5.84463
-5.84298
-5.84171
-5.844
