1.07977
1.07767
1.06997
1.0566
1.03864
1.01789
0.996471
0.976608
0.96049
0.949877
0.945663
0.947585
0.954301
0.963737
0.973778
0.982674
0.989382
0.993568
0.995237
0.994421
0.990902
0.984147
0.973651
0.95941
0.942369
0.924876
0.910385
0.902609
0.904496
0.917011
0.93851
0.96511
0.991732
1.01344
1.02663
1.0294
1.02171
1.0051
0.982261
0.956832
0.933087
0.915495
0.907552
0.910343
0.921735
0.937537
0.953643
0.967777
0.979542
0.989802
0.999767
1.01033
1.02197
1.03471
1.04829
1.06212
1.07543
1.08727
1.09654
1.10221
1.10349
1.10008
1.0923
1.08094
1.06714
1.0524
1.03841
1.02684
1.01902
1.01555
1.01595
1.01883
1.02214
1.0238
1.02245
1.0179
1.01113
1.00395
0.998049
0.994072
0.99154
0.989183
0.985598
0.979815
0.971536
0.961086
0.949245
0.937058
0.925763
0.916601
0.910883
0.909808
0.91415
0.924009
0.938603
0.956499
0.97577
0.994391
1.01059
1.02305
1.03088
1.03377
1.03195
1.02607
1.01718
1.00674
0.996374
0.987697
0.982042
0.980134
0.98197
0.98675
0.993106
0.999439
1.00423
1.00639
1.0056
1.00237
0.997593
0.992213
0.986949
0.982054
0.977482
0.973085
0.968729
0.964581
0.961159
0.959265
0.959986
0.964334
0.973143
0.986806
1.00492
1.02622
1.04873
1.0703
1.08899
1.10356
1.11348
1.11864
1.11912
1.11484
1.10581
1.09204
1.07376
1.05146
1.02588
0.998086
0.969536
0.941963
0.917275
0.897335
0.883711
0.877487
0.878991
0.887473
0.90101
0.916776
0.931604
0.942608
0.94796
0.947066
0.940499
0.92963
0.916321
0.902529
0.890418
0.88237
0.880832
0.887763
0.903919
0.928277
0.958288
0.990484
1.0215
1.04864
1.07017
1.0853
1.0941
1.0974
1.09648
1.09274
1.0871
1.08
1.07143
1.06125
1.04944
1.03614
1.02157
1.00616
0.990747
0.976533
0.965138
0.958329
0.957607
0.963693
0.976135
0.993143
1.0121
1.03024
1.0455
1.05662
1.06324
1.06563
1.06441
1.06043
1.05441
1.04661
1.03692
1.02494
1.01031
0.993315
0.975206
0.958224
0.945237
0.938879
0.940571
0.949948
0.964921
0.982458
0.999524
1.0137
1.02356
1.0285
1.02859
1.02438
1.01691
1.00757
0.998182
0.990934
0.987944
0.990734
0.999316
1.01186
1.02504
1.03517
1.03925
1.03572
1.02462
1.00756
0.987729
0.969118
0.955319
0.948207
0.94752
0.951284
0.957052
0.963014
0.968382
0.973183
0.977842
0.982882
0.988717
0.99574
1.00409
1.01355
1.02354
1.0333
1.04229
1.05034
1.05754
1.0639
1.06912
1.07256
1.07335
1.0709
1.06488
1.05534
1.04273
1.02779
1.01168
0.995961
0.982545
0.973373
0.969784
0.971806
0.977746
0.984631
0.989172
0.988971
0.983279
0.97293
0.959969
0.94691
0.936231
0.929946
0.929546
0.935807
0.948718
0.967444
0.990458
1.01558
1.04018
1.06145
1.07686
1.08453
1.08356
1.07431
1.05839
1.03818
1.01634
0.995042
0.975435
0.957914
0.942523
0.929459
0.919134
0.912029
0.908554
0.908787
0.912842
0.92096
0.933669
0.951659
0.974988
1.00229
1.03072
1.05686
1.07778
1.09167
1.09783
1.09667
1.08949
1.07815
1.06472
1.05098
1.03824
1.0272
1.01816
1.01125
1.00652
1.00394
1.00329
1.00416
1.00604
1.00865
1.01229
1.01781
1.02624
1.03778
1.05119
1.06414
1.07406
1.07901
1.07798
1.07051
1.05671
1.03717
1.01314
0.986645
0.960265
0.936896
0.919401
0.910018
0.909899
0.918532
0.933846
0.952484
0.970876
0.986106
0.996532
1.00169
1.00169
0.996864
0.987602
0.974544
0.958807
0.942103
0.926511
0.914226
0.906967
0.905703
0.910263
0.919577
0.931945
0.945638
0.959484
0.973036
0.986368
0.999702
1.0131
1.02631
1.03863
1.04916
1.05692
1.06115
1.06142
1.05755
1.04978
1.03897
1.02641
1.0138
1.00301
0.99545
0.991722
0.991711
0.994956
1.0009
1.0091
1.01912
1.03015
1.04094
1.04994
1.05584
1.05789
1.05621
1.05194
1.04673
1.04182
1.03764
1.03349
1.02798
1.0197
1.00783
0.992263
0.973591
0.952906
0.931545
0.911126
0.893485
0.880612
0.874313
0.875642
0.884377
0.899081
0.917674
0.938168
0.959142
0.979728
0.999309
1.01718
1.03259
1.04477
1.05326
1.05782
1.05872
1.05655
1.05218
1.0466
1.0407
1.03524
1.0308
1.02772
1.02614
1.02572
1.0257
1.02484
1.02183
1.01564
1.00599
0.993654
0.980405
0.968416
0.959846
0.956117
0.957633
0.963912
0.973791
0.985809
0.998316
1.00981
1.01906
1.02513
1.02732
1.02536
1.01955
1.01101
1.00164
0.993618
0.988669
0.987597
0.989931
0.994234
0.998731
1.00202
1.00339
1.00285
1.00098
0.99849
0.995986
0.993691
0.991524
0.98929
0.986777
0.983824
0.980625
0.977826
0.976795
0.979357
0.987123
1.00056
1.0184
1.0379
1.05599
1.07002
1.07809
1.07904
1.0724
1.05862
1.03896
1.01544
0.99042
0.96616
0.944472
0.926555
0.913041
0.904295
0.900655
0.902417
0.909884
0.923212
0.941981
0.965168
0.991156
1.01808
1.04422
1.0681
1.0886
1.10485
1.11603
1.12133
1.11988
1.11115
1.09532
1.07348
1.0477
1.02043
0.994001
0.969994
0.949306
0.932155
0.918537
0.90861
0.902825
0.901841
0.906236
0.916168
0.931146
0.949884
0.970392
0.990243
1.00695
1.01849
1.02345
1.02141
1.01279
0.998915
0.98184
0.964172
0.948864
0.938861
0.936525
0.942949
0.957262
0.976794
0.998141
1.01833
1.03581
1.05043
1.06267
1.07258
1.07908
1.08012
1.07376
1.05928
1.03761
1.011
0.982476
0.955108
0.931651
0.914313
0.904706
0.903734
0.911499
0.927353
0.950001
0.977624
1.0082
1.03951
1.06926
1.09503
1.11423
1.12454
1.12444
1.11351
1.09282
1.06479
1.0329
1.00116
0.973318
0.951946
0.93801
0.930841
0.928852
0.930204
0.93361
0.938378
0.944204
0.950737
0.957526
0.963995
0.969796
0.975095
0.980578
0.987227
0.995821
1.00686
1.0204
1.03622
1.05378
1.07233
1.09095
1.10828
1.12239
1.13094
1.13135
1.12159
1.10058
1.06877
1.02815
0.982197
0.935488
0.892855
0.858613
0.83569
0.82529
0.826971
0.839337
0.860656
0.888929
0.921848
0.95682
0.991374
1.02372
1.05307
1.07951
1.10335
1.1245
1.14185
1.15364
1.15797
1.15351
1.13997
1.11821
1.09029
1.05912
1.02815
1.00094
0.980455
0.968359
0.964777
0.968287
0.976449
0.986406
0.995389
1.00135
1.00314
1.00061
0.994258
0.984993
0.973979
0.962544
0.9521
0.943997
0.93932
0.938757
0.942554
0.950411
0.96155
0.974876
0.989224
1.0037
1.01774
1.03105
1.04338
1.05424
1.06286
1.06825
1.06956
1.06633
1.05871
1.04734
1.03315
1.01715
1.00007
0.982697
0.966116
0.951716
0.941115
0.93579
0.936603
0.943674
0.956508
0.974157
0.995229
1.01789
1.03999
1.05925
1.07385
1.08264
1.08529
1.08204
1.07365
1.06121
1.04606
1.02972
1.0137
0.999064
0.986369
0.975631
0.966589
0.959002
0.953132
0.949623
0.94913
0.952058
0.958385
0.967825
0.97995
0.994356
1.01061
1.02793
1.04511
1.06073
1.07352
1.08268
1.08818
1.0904
1.08973
1.08608
1.07871
1.0664
1.04803
1.02311
0.992329
0.957864
0.923253
0.892819
0.870716
0.859644
0.86009
0.870539
0.888297
0.910458
0.934192
0.956797
0.975843
0.989557
0.997385
1.00044
1.00122
1.00264
1.00662
1.01329
1.02111
1.02795
1.03218
1.03303
1.03067
1.02594
1.02003
1.01429
1.00997
1.00807
1.00919
1.01324
1.01955
1.02688
1.03379
1.03886
1.04101
1.03958
1.03458
1.0265
1.01633
1.00536
0.994847
0.985742
0.978659
0.973881
0.971586
0.972169
0.976043
0.983278
0.993311
1.00495
1.01672
1.02739
1.03655
1.04455
1.05239
1.06134
1.0721
1.08394
1.09471
1.10133
1.10079
1.09123
1.07234
1.04549
1.01347
0.979965
0.948721
0.922847
0.904434
0.894468
0.892859
0.898769
0.910827
0.927289
0.945983
0.964377
0.979856
0.990045
0.993143
0.988344
0.976036
0.957858
0.936689
0.9161
0.899535
0.889536
0.887255
0.892646
0.904687
0.921999
0.943078
0.966185
0.989458
1.01102
1.02915
1.04255
1.05065
1.05366
1.05258
1.04912
1.04535
1.04332
1.04467
1.0503
1.06024
1.0736
1.08878
1.10371
1.11636
1.1249
1.128
1.1248
1.11506
1.09904
1.07757
1.05207
1.02435
0.996513
0.97077
0.949152
0.933493
0.925102
0.924651
0.932037
0.946186
0.964976
0.98542
1.00424
1.01837
1.0255
1.02467
1.01631
1.002
0.984054
0.964924
0.94682
0.931508
0.920236
0.913618
0.911809
0.914461
0.920878
0.930099
0.941041
0.952701
0.96416
0.974734
0.983987
0.99187
0.998387
1.00341
1.00639
1.00639
1.00253
0.994696
0.98383
0.971743
0.960763
0.95306
0.950179
0.952675
0.960168
0.971519
0.985106
0.999332
1.01282
1.02446
1.03356
1.03971
1.04287
1.04315
1.04074
1.03593
1.02903
1.0203
1.01005
0.998622
0.986407
0.973862
0.961532
0.95022
0.941016
0.935399
0.935088
0.941804
0.956671
0.979518
1.00861
1.04101
1.07311
1.10135
1.12275
1.13535
1.13832
1.13224
1.11895
1.10099
1.08081
1.06027
1.04056
1.02258
1.00723
0.995388
0.987424
0.982823
0.980335
0.978296
0.975234
0.970417
0.964414
0.959211
0.957681
0.962336
0.97391
0.990866
1.01015
1.02858
1.04384
1.05455
1.06001
1.05991
1.05419
1.04338
1.02877
1.01236
0.996538
0.983798
0.976155
0.974399
0.977605
0.983292
0.988407
0.99072
0.989692
0.986437
0.983021
0.981382
0.982425
0.985709
0.989948
0.993769
0.996283
0.997279
0.997098
0.996332
0.995666
0.995774
0.997167
1.00032
1.00577
1.01408
1.02561
1.04028
1.05725
1.07484
1.09074
1.10233
1.10719
1.10372
1.09157
1.07173
1.04666
1.01981
0.994761
