0.719845
0.718447
0.713314
0.7044
0.692424
0.67859
0.664314
0.651072
0.640326
0.633251
0.630442
0.631723
0.636201
0.642491
0.649185
0.655116
0.659588
0.662379
0.663491
0.662947
0.660601
0.656098
0.649101
0.639607
0.628246
0.616584
0.606923
0.601739
0.602997
0.611341
0.625673
0.643407
0.661155
0.675629
0.684417
0.686266
0.681139
0.670065
0.654841
0.637888
0.622058
0.61033
0.605034
0.606895
0.61449
0.625025
0.635762
0.645184
0.653028
0.659868
0.666511
0.673556
0.681316
0.689805
0.698858
0.708078
0.716953
0.724849
0.731027
0.734804
0.735657
0.733387
0.728198
0.720627
0.711427
0.701599
0.692272
0.684557
0.679345
0.67703
0.677301
0.679223
0.681429
0.682534
0.681632
0.678598
0.674085
0.6693
0.665366
0.662714
0.661027
0.659455
0.657065
0.65321
0.647691
0.640724
0.63283
0.624705
0.617176
0.611067
0.607255
0.606539
0.609433
0.616006
0.625736
0.637666
0.650513
0.662928
0.673729
0.68203
0.687251
0.689181
0.687969
0.684046
0.678119
0.671162
0.664249
0.658465
0.654695
0.653423
0.654647
0.657833
0.662071
0.666292
0.669486
0.670926
0.670398
0.668248
0.665062
0.661475
0.657966
0.654702
0.651655
0.648724
0.64582
0.643054
0.640773
0.63951
0.639991
0.642889
0.648762
0.65787
0.669949
0.684147
0.699154
0.713531
0.725992
0.735709
0.742317
0.745762
0.74608
0.74323
0.737205
0.728029
0.715841
0.700973
0.683921
0.665391
0.646357
0.627975
0.611516
0.598223
0.589141
0.584992
0.585994
0.591649
0.600674
0.611184
0.621069
0.628405
0.631973
0.631378
0.627
0.619754
0.610881
0.601686
0.593612
0.588247
0.587222
0.591842
0.602612
0.618852
0.638858
0.660323
0.681001
0.699091
0.71345
0.723534
0.729401
0.7316
0.730986
0.72849
0.724736
0.719998
0.714289
0.707503
0.699629
0.690758
0.681048
0.670773
0.660498
0.651022
0.643425
0.638886
0.638405
0.642462
0.650757
0.662095
0.674734
0.686828
0.697001
0.704416
0.708826
0.710418
0.709606
0.706956
0.70294
0.697742
0.691283
0.68329
0.67354
0.66221
0.650137
0.638816
0.630158
0.62592
0.627047
0.633299
0.643281
0.654972
0.666349
0.675802
0.682375
0.685669
0.685727
0.682921
0.677938
0.671712
0.665455
0.660623
0.65863
0.660489
0.666211
0.674576
0.68336
0.690112
0.692835
0.690479
0.68308
0.671709
0.658486
0.646079
0.636879
0.632138
0.63168
0.634189
0.638034
0.642009
0.645588
0.648789
0.651894
0.655254
0.659145
0.663827
0.669392
0.6757
0.682358
0.688864
0.694862
0.700227
0.705027
0.709266
0.712749
0.715039
0.715567
0.713935
0.70992
0.703561
0.695152
0.685192
0.674456
0.663974
0.65503
0.648915
0.646522
0.647871
0.651831
0.656421
0.659448
0.659314
0.655519
0.64862
0.63998
0.631274
0.624154
0.619964
0.619697
0.623871
0.632478
0.644963
0.660305
0.677053
0.69345
0.707632
0.717904
0.723021
0.722375
0.716209
0.70559
0.69212
0.677563
0.663361
0.65029
0.638609
0.628348
0.619639
0.612756
0.608019
0.605703
0.605858
0.608562
0.613973
0.622446
0.634439
0.649992
0.668194
0.687149
0.704571
0.71852
0.727783
0.731885
0.731115
0.726328
0.718765
0.70981
0.700651
0.692163
0.6848
0.678773
0.674168
0.671016
0.669295
0.668861
0.66944
0.670696
0.672436
0.674861
0.678538
0.684158
0.691854
0.700791
0.709425
0.716037
0.719342
0.718651
0.713676
0.704475
0.691448
0.675427
0.657763
0.640177
0.624597
0.612934
0.606679
0.606599
0.612354
0.622564
0.634989
0.64725
0.657404
0.664354
0.667793
0.667791
0.664576
0.658401
0.649696
0.639204
0.628069
0.617674
0.609484
0.604645
0.603802
0.606842
0.613051
0.621296
0.630425
0.639656
0.648691
0.657578
0.666468
0.675397
0.684207
0.692421
0.699438
0.704611
0.707435
0.707616
0.705031
0.699856
0.692649
0.684271
0.675869
0.668674
0.663633
0.661148
0.66114
0.663304
0.667269
0.672736
0.679413
0.686769
0.693962
0.699962
0.703894
0.70526
0.704138
0.701294
0.697819
0.694549
0.691762
0.688994
0.685318
0.679801
0.671884
0.661509
0.649061
0.63527
0.62103
0.607418
0.595656
0.587075
0.582875
0.583761
0.589585
0.599387
0.611782
0.625445
0.639428
0.653152
0.666206
0.678118
0.688391
0.696515
0.702171
0.705214
0.705815
0.704367
0.701453
0.697732
0.693797
0.690157
0.687198
0.68515
0.684096
0.683815
0.683798
0.68323
0.681217
0.677096
0.670661
0.662436
0.653603
0.645611
0.639897
0.637411
0.638422
0.642608
0.649194
0.657206
0.665544
0.673206
0.679371
0.683417
0.684883
0.683575
0.6797
0.674008
0.667758
0.662412
0.659113
0.658398
0.659954
0.662823
0.665821
0.668011
0.668925
0.668568
0.667318
0.66566
0.663991
0.66246
0.661016
0.659527
0.657851
0.655883
0.65375
0.651884
0.651197
0.652905
0.658082
0.667043
0.678932
0.691934
0.703995
0.71335
0.718728
0.719358
0.714931
0.705745
0.692637
0.676957
0.66028
0.644107
0.629648
0.617703
0.608694
0.602863
0.600437
0.601612
0.606589
0.615475
0.627988
0.643445
0.660771
0.67872
0.696146
0.712068
0.72573
0.736567
0.744018
0.747553
0.746587
0.740766
0.730216
0.715657
0.698463
0.680287
0.662667
0.646663
0.632871
0.621436
0.612358
0.60574
0.601883
0.601227
0.604157
0.610779
0.620764
0.633256
0.646928
0.660162
0.671303
0.678996
0.682303
0.680943
0.675195
0.665943
0.65456
0.642781
0.632576
0.625907
0.62435
0.628633
0.638175
0.651196
0.665427
0.678886
0.69054
0.700284
0.708444
0.715051
0.719385
0.720079
0.715841
0.706187
0.691738
0.674002
0.654984
0.636739
0.621101
0.609542
0.603137
0.602489
0.607666
0.618236
0.633334
0.651749
0.672135
0.693005
0.712843
0.730023
0.742822
0.749697
0.749625
0.742341
0.728549
0.709861
0.6886
0.667442
0.648879
0.634631
0.62534
0.620561
0.619235
0.620136
0.622406
0.625585
0.629469
0.633825
0.63835
0.642663
0.64653
0.650064
0.653718
0.658151
0.66388
0.671242
0.68027
0.690816
0.702519
0.714888
0.7273
0.73885
0.748257
0.753957
0.754232
0.747725
0.733723
0.712511
0.685431
0.654798
0.623658
0.595237
0.572408
0.557127
0.550194
0.551314
0.559558
0.573771
0.592619
0.614565
0.63788
0.660916
0.682483
0.702046
0.719675
0.73557
0.749663
0.761234
0.769093
0.771979
0.769009
0.759978
0.745475
0.726859
0.706079
0.685431
0.667297
0.653637
0.645573
0.643185
0.645525
0.650966
0.657604
0.663592
0.667566
0.668762
0.667074
0.662839
0.656662
0.649319
0.641696
0.634733
0.629332
0.626213
0.625838
0.628369
0.633607
0.641034
0.649917
0.659483
0.669135
0.678496
0.68737
0.695588
0.702827
0.708572
0.71217
0.713042
0.710887
0.705809
0.698228
0.688769
0.6781
0.666711
0.655131
0.644078
0.634477
0.62741
0.62386
0.624402
0.629116
0.637672
0.649438
0.663486
0.678596
0.693327
0.706166
0.715899
0.721761
0.723524
0.721362
0.715769
0.707472
0.697373
0.68648
0.675797
0.666042
0.657579
0.650421
0.644393
0.639335
0.635421
0.633082
0.632753
0.634706
0.638923
0.645217
0.6533
0.662904
0.673741
0.685286
0.696739
0.707155
0.715679
0.721785
0.725455
0.726935
0.726486
0.724056
0.719143
0.710936
0.698688
0.682074
0.661553
0.638576
0.615502
0.595213
0.580477
0.573096
0.573393
0.58036
0.592198
0.606972
0.622795
0.637865
0.650562
0.659704
0.664923
0.66696
0.667482
0.668425
0.671083
0.675525
0.680738
0.685302
0.688122
0.688688
0.687112
0.683963
0.680017
0.676191
0.673311
0.672049
0.672791
0.675497
0.679699
0.684586
0.689194
0.692576
0.694006
0.693052
0.689723
0.684332
0.677552
0.670242
0.663231
0.657161
0.652439
0.649254
0.647724
0.648112
0.650696
0.655519
0.662208
0.669966
0.67781
0.684927
0.69103
0.696365
0.701592
0.707561
0.714733
0.722625
0.729807
0.734217
0.733861
0.727486
0.714891
0.696992
0.675644
0.65331
0.632481
0.615231
0.602956
0.596312
0.595239
0.599179
0.607218
0.618193
0.630655
0.642918
0.653237
0.66003
0.662095
0.658896
0.65069
0.638572
0.62446
0.610733
0.59969
0.593024
0.591503
0.595097
0.603124
0.614666
0.628718
0.644123
0.659639
0.674015
0.686097
0.695031
0.700431
0.702442
0.70172
0.699411
0.696899
0.695549
0.696444
0.7002
0.706825
0.715735
0.725852
0.735806
0.744238
0.749933
0.751998
0.749866
0.743371
0.732691
0.718382
0.701381
0.682897
0.664342
0.64718
0.632768
0.622329
0.616735
0.616434
0.621358
0.63079
0.643317
0.656946
0.669494
0.678914
0.683667
0.683112
0.677543
0.667998
0.656036
0.643282
0.631213
0.621005
0.613491
0.609079
0.607873
0.609641
0.613919
0.620066
0.627361
0.635134
0.642773
0.649823
0.655991
0.661247
0.665591
0.668939
0.670929
0.670923
0.668353
0.663131
0.655887
0.647829
0.640509
0.635373
0.633453
0.635117
0.640112
0.64768
0.656737
0.666221
0.675214
0.682975
0.689043
0.693139
0.695248
0.695434
0.693827
0.690622
0.686019
0.680201
0.673366
0.665748
0.657605
0.649241
0.641022
0.63348
0.627344
0.623599
0.623392
0.627869
0.637781
0.653012
0.672406
0.694008
0.715407
0.734235
0.748503
0.756897
0.758882
0.754828
0.745969
0.733991
0.720537
0.706847
0.693709
0.681718
0.671487
0.663592
0.658283
0.655215
0.653556
0.652197
0.650156
0.646945
0.642943
0.639474
0.638454
0.641557
0.649273
0.660577
0.673433
0.685723
0.695895
0.703032
0.706672
0.706607
0.702793
0.695587
0.685844
0.674906
0.664359
0.655865
0.65077
0.649599
0.651737
0.655528
0.658938
0.66048
0.659794
0.657625
0.655347
0.654254
0.65495
0.65714
0.659965
0.662513
0.664188
0.664853
0.664732
0.664221
0.663777
0.663849
0.664778
0.666881
0.670513
0.67605
0.683741
0.693519
0.704833
0.716559
0.727163
0.734888
0.738128
0.735811
0.727713
0.714484
0.69777
0.679875
0.663174
