8.03921
8.05817
8.1098
8.18715
8.29448
8.4098
8.52844
8.63398
8.71825
8.77143
8.79
8.77317
8.73356
8.67871
8.62132
8.5713
8.5295
8.50106
8.49206
8.49628
8.51848
8.55751
8.62373
8.69834
8.78754
8.88015
8.95786
8.98894
8.96776
8.89308
8.77501
8.62719
8.48723
8.37085
8.30655
8.29378
8.34143
8.43447
8.55921
8.69853
8.82454
8.91558
8.95658
8.93978
8.88386
8.81133
8.73008
8.65875
8.59753
8.54431
8.48991
8.43223
8.365
8.29327
8.21729
8.14098
8.06014
7.98991
7.94388
7.9126
7.90491
7.92635
7.97381
8.03168
8.09784
8.17632
8.24692
8.31034
8.35368
8.37023
8.36986
8.35309
8.33612
8.33685
8.35024
8.37869
8.41589
8.45629
8.48979
8.50855
8.52528
8.54302
8.56661
8.59929
8.64153
8.69844
8.76572
8.82497
8.88226
8.92228
8.93879
8.94202
8.90938
8.84677
8.75897
8.65643
8.54761
8.44897
8.3615
8.29799
8.26148
8.25128
8.26306
8.30337
8.35528
8.41407
8.47205
8.51191
8.53875
8.55471
8.5448
8.52003
8.47951
8.44969
8.42948
8.42083
8.42655
8.43699
8.46579
8.49382
8.52655
8.55673
8.58424
8.60602
8.62574
8.64704
8.6613
8.66689
8.65972
8.62968
8.57631
8.49416
8.38616
8.26689
8.14086
8.02409
7.92604
7.8499
7.7932
7.77161
7.7787
7.8143
7.87939
7.96027
8.08033
8.2148
8.37132
8.52825
8.689
8.83956
8.96759
9.0699
9.12757
9.14801
9.12532
9.06706
8.98676
8.90442
8.82241
8.7606
8.73537
8.74735
8.78818
8.8529
8.93047
9.01154
9.07713
9.12566
9.13173
9.0894
8.99901
8.86676
8.70189
8.52284
8.34894
8.19608
8.07091
7.98581
7.93283
7.90653
7.90827
7.92634
7.95811
7.99643
8.04525
8.10832
8.17671
8.25474
8.33625
8.42023
8.50434
8.5822
8.64013
8.66913
8.667
8.62673
8.5526
8.45972
8.35445
8.25612
8.17214
8.11056
8.07418
8.06393
8.07734
8.09621
8.13479
8.18596
8.25503
8.33855
8.42719
8.53083
8.64225
8.74163
8.81798
8.85162
8.8444
8.7919
8.71664
8.62803
8.53262
8.45128
8.39104
8.35471
8.34314
8.35234
8.38427
8.42321
8.46533
8.49246
8.49683
8.47518
8.42715
8.35674
8.29318
8.25211
8.24022
8.2731
8.33809
8.43533
8.54684
8.6511
8.72229
8.76128
8.76789
8.74657
8.71648
8.68091
8.6495
8.62014
8.591
8.55211
8.51787
8.47197
8.42257
8.36971
8.31241
8.25384
8.19742
8.15327
8.11259
8.07703
8.05192
8.03871
8.04293
8.06968
8.10817
8.16456
8.23961
8.32602
8.41449
8.50288
8.56839
8.61761
8.63744
8.63315
8.60729
8.57343
8.55656
8.57238
8.60492
8.6604
8.7328
8.80169
8.85479
8.88625
8.88122
8.84067
8.76278
8.65228
8.52292
8.37852
8.23801
8.11803
8.0323
7.99004
7.99652
8.05378
8.14053
8.24175
8.36043
8.47614
8.58598
8.68943
8.77764
8.84469
8.90498
8.9438
8.95774
8.95804
8.93616
8.89071
8.812
8.70655
8.56989
8.41763
8.26264
8.12086
8.01804
7.95026
7.92087
7.93727
7.9838
8.04743
8.12473
8.20167
8.28151
8.35138
8.40182
8.43789
8.45979
8.46424
8.46035
8.4534
8.43856
8.41622
8.38184
8.34089
8.28656
8.21943
8.14775
8.08038
8.03375
8.01435
8.02926
8.08012
8.16716
8.28344
8.41992
8.56507
8.70384
8.83039
8.92205
8.96891
8.96667
8.91399
8.82152
8.71449
8.61059
8.52807
8.47381
8.44602
8.45166
8.48155
8.5405
8.62083
8.71137
8.80992
8.89974
8.96887
9.01061
9.02465
9.00449
8.95778
8.89244
8.81647
8.73734
8.65783
8.57619
8.4894
8.41024
8.32211
8.24425
8.18262
8.13966
8.1209
8.11957
8.14891
8.1942
8.26177
8.33339
8.40494
8.4671
8.51435
8.54313
8.54575
8.532
8.50089
8.45201
8.40101
8.34076
8.27908
8.22784
8.19134
8.1728
8.17215
8.18674
8.20754
8.23088
8.25259
8.27664
8.30865
8.35885
8.42661
8.52221
8.62908
8.74429
8.86203
8.97669
9.07034
9.13746
9.17334
9.16153
9.11466
9.0316
8.93106
8.81833
8.70504
8.5953
8.48007
8.38312
8.29953
8.23259
8.18278
8.15657
8.14963
8.16216
8.18306
8.21765
8.25189
8.28588
8.31019
8.32434
8.33709
8.33967
8.34678
8.35411
8.37263
8.40723
8.46235
8.52417
8.59108
8.65026
8.68473
8.69832
8.67873
8.64161
8.58276
8.52308
8.45303
8.39191
8.34766
8.31599
8.30729
8.32608
8.36786
8.41747
8.46819
8.50952
8.53512
8.5444
8.53531
8.51317
8.49388
8.4745
8.47244
8.48163
8.49337
8.50677
8.52385
8.52794
8.53701
8.54648
8.55318
8.56745
8.57804
8.58385
8.57548
8.55083
8.50176
8.41806
8.31754
8.21136
8.11436
8.03914
7.99659
7.9915
8.03303
8.11212
8.22287
8.35906
8.5008
8.63652
8.76259
8.86574
8.94524
9.00183
9.02762
9.01713
8.97728
8.90021
8.79311
8.65812
8.51162
8.35848
8.20857
8.06953
7.95425
7.86508
7.80673
7.78716
7.80408
7.8623
7.95432
8.08114
8.22576
8.38125
8.53201
8.67025
8.78986
8.88988
8.97174
9.02978
9.06541
9.07009
9.04314
8.98628
8.89789
8.79325
8.67784
8.56353
8.47068
8.40539
8.37212
8.38086
8.42471
8.49691
8.58536
8.67162
8.74823
8.78988
8.79239
8.74837
8.66758
8.56016
8.44461
8.33259
8.23723
8.16207
8.10272
8.05499
8.03137
8.03764
8.08308
8.17323
8.3025
8.45663
8.61579
8.7599
8.88416
8.97255
9.01251
9.00951
8.9593
8.8632
8.7269
8.56585
8.38977
8.21418
8.05005
7.90969
7.8118
7.76044
7.76657
7.83534
7.94807
8.10788
8.29275
8.46711
8.61854
8.74224
8.82574
8.86968
8.88638
8.88484
8.8673
8.84159
8.81038
8.77568
8.73801
8.70307
8.66452
8.62903
8.59727
8.54476
8.4867
8.41673
8.33918
8.24392
8.13576
8.02845
7.92864
7.83821
7.76599
7.72627
7.74351
7.81214
7.94481
8.13618
8.37104
8.63151
8.89805
9.13158
9.31828
9.44342
9.50159
9.48244
9.40821
9.27739
9.10365
8.90677
8.69524
8.4893
8.29843
8.13185
7.98172
7.84902
7.73553
7.64669
7.59654
7.58912
7.63137
7.72603
7.85473
8.02145
8.19751
8.37137
8.52469
8.63177
8.69451
8.71485
8.69472
8.6512
8.59295
8.544
8.50893
8.50356
8.51601
8.55123
8.59418
8.65382
8.71494
8.7698
8.8084
8.83215
8.82911
8.79983
8.75267
8.6878
8.61463
8.53631
8.45538
8.37626
8.30708
8.23969
8.17911
8.13819
8.11152
8.10341
8.12712
8.17443
8.23879
8.31496
8.40455
8.49443
8.58115
8.66499
8.74117
8.78931
8.81564
8.8036
8.75469
8.67441
8.57355
8.45385
8.33199
8.2176
8.12024
8.05328
8.01008
8.00109
8.02084
8.0755
8.14974
8.23405
8.33172
8.42948
8.51189
8.58394
8.64341
8.69711
8.74351
8.77731
8.80124
8.80388
8.78726
8.75352
8.69851
8.62584
8.54071
8.43914
8.33256
8.22809
8.13383
8.0513
8.00036
7.96907
7.9624
7.9684
7.99714
8.04965
8.13651
8.24749
8.39255
8.57098
8.76253
8.95018
9.11213
9.22214
9.27757
9.26693
9.20454
9.10072
8.96863
8.83098
8.70281
8.5897
8.50595
8.45115
8.42694
8.41974
8.40818
8.38107
8.34841
8.31025
8.28674
8.27213
8.27373
8.29149
8.32564
8.35916
8.39396
8.42535
8.44443
8.44192
8.42947
8.40162
8.36048
8.32486
8.30701
8.29278
8.29876
8.31936
8.35831
8.40548
8.45515
8.50184
8.54301
8.56887
8.58455
8.58696
8.57858
8.55271
8.51504
8.45671
8.39717
8.33501
8.28199
8.23415
8.18791
8.1473
8.09603
8.04184
7.9847
7.93241
7.90674
7.92391
7.98416
8.09902
8.25429
8.4371
8.62405
8.79454
8.92863
9.02394
9.06937
9.06649
9.02666
8.95371
8.85736
8.75246
8.64835
8.5679
8.51457
8.50092
8.53466
8.60853
8.71119
8.83007
8.94735
9.03984
9.09788
9.1118
9.07833
9.01232
8.92369
8.80951
8.68011
8.55021
8.43248
8.33153
8.25703
8.20987
8.19003
8.19314
8.20276
8.21973
8.22415
8.21122
8.17583
8.122
8.05208
7.97287
7.89679
7.83408
7.79437
7.77986
7.8075
7.86916
7.96701
8.10011
8.24478
8.39985
8.5591
8.7005
8.81409
8.89786
8.93788
8.93311
8.88647
8.79431
8.68732
8.57359
8.46975
8.39307
8.35616
8.36384
8.40929
8.48741
8.58221
8.68396
8.78898
8.87337
8.9373
8.97556
8.98783
8.97647
8.94029
8.89223
8.83174
8.76381
8.69566
8.62843
8.57665
8.53343
8.49488
8.46489
8.45087
8.45055
8.46639
8.50883
8.56879
8.63347
8.69497
8.73298
8.7462
8.73341
8.69685
8.63622
8.56687
8.4915
8.42252
8.358
8.31376
8.27923
8.26611
8.26414
8.27794
8.30458
8.35018
8.40097
8.46625
8.53315
8.60612
8.6765
8.7456
8.80851
8.85032
8.86856
8.85835
8.81202
8.71508
8.5749
8.40403
8.21499
8.03104
7.87343
7.75374
7.69017
7.66609
7.70204
7.7795
7.88149
7.99622
8.11073
8.22514
8.33173
8.42502
8.49541
8.54682
8.58121
8.60149
8.61799
8.63989
8.66799
8.69869
8.71663
8.71266
8.67687
8.60663
8.5119
8.40454
8.30358
8.21807
8.16496
8.13584
8.13226
8.16521
8.22767
8.3046
8.3937
8.48093
8.55007
8.58851
8.60285
8.59225
8.56752
8.54935
8.5461
8.5571
8.57644
8.60304
8.61643
8.61275
8.60012
8.58482
8.57181
8.56134
8.55878
8.56124
8.56458
8.56858
8.55778
8.54007
8.51866
8.47632
8.42008
8.34624
8.26225
8.17029
8.07467
7.99045
7.93229
7.91582
7.94983
8.03557
8.15756
8.30622
8.46173
8.59796
