1   -656.407   0
2   -655.918   0.34643
3   -655.541   0.384534
4   -655.256   0.379352
5   -655.009   0.375451
6   -656.009   0.965174
7   -656.053   0.828302
8   -656.147   0.729982
9   -656.144   0.648876
10   -656.308   0.604153
11   -656.596   0.614248
12   -656.204   0.676397
13   -656.178   0.624871
14   -656.155   0.580681
15   -656.129   0.542549
16   -656.118   0.508739
17   -655.93   0.512467
18   -655.74   0.517936
19   -655.798   0.493777
20   -655.728   0.473946
21   -655.609   0.466024
22   -655.765   0.47024
23   -655.872   0.461806
24   -655.885   0.442744
25   -655.871   0.425274
26   -655.72   0.43492
27   -655.757   0.420431
28   -655.795   0.407204
29   -655.748   0.395861
30   -655.76   0.382826
31   -655.82   0.37526
32   -655.831   0.36369
33   -655.786   0.35558
34   -655.735   0.348592
35   -655.744   0.338713
36   -655.776   0.33087
37   -655.762   0.32225
38   -655.787   0.31478
39   -655.711   0.315674
40   -655.64   0.315469
41   -655.666   0.308717
42   -655.712   0.305034
43   -655.744   0.299429
44   -655.736   0.2927
45   -655.718   0.28676
46   -655.763   0.284017
47   -655.813   0.282281
48   -655.807   0.276454
49   -655.879   0.280043
50   -655.9   0.275194
51   -655.924   0.270809
52   -655.868   0.271217
53   -655.83   0.268738
54   -655.812   0.264353
55   -655.853   0.262662
56   -655.862   0.258134
57   -655.885   0.25458
58   -655.906   0.251029
59   -655.882   0.247843
60   -655.904   0.244693
61   -655.832   0.251086
62   -655.814   0.24764
63   -655.852   0.246407
64   -655.885   0.244902
65   -655.844   0.244608
66   -655.886   0.244573
67   -655.919   0.242986
68   -655.891   0.240934
69   -655.926   0.23993
70   -655.968   0.24011
71   -655.996   0.238396
72   -656.029   0.237436
73   -656.027   0.234196
74   -656.027   0.231031
75   -656.028   0.227957
76   -656.029   0.224958
77   -656.044   0.222488
78   -656.038   0.219726
79   -656.059   0.218054
80   -656.054   0.215389
81   -656.089   0.215584
82   -656.071   0.213706
83   -656.045   0.212816
84   -656.022   0.211423
85   -656   0.210034
86   -656.01   0.207816
87   -656.03   0.206339
88   -656.04   0.20427
89   -656.072   0.204527
90   -656.028   0.207016
91   -656.08   0.211038
92   -656.071   0.208921
93   -656.033   0.210131
94   -656.054   0.209011
95   -656.07   0.207353
96   -656.042   0.207066
97   -656.04   0.204937
98   -656.009   0.205288
99   -656.018   0.203464
100   -656.028   0.201632
