1   564.532   0
2   573.53   6.36369
3   582.437   8.42113
4   587.475   7.67617
5   592.787   7.76304
6   575.801   16.8005
7   577.016   14.4444
8   575.419   12.7271
9   576.13   11.3327
10   574.029   10.3921
11   569.287   10.4737
12   578.252   12.8783
13   576.409   12.0185
14   578.884   11.412
15   580.178   10.7242
16   579.604   10.0693
17   583.19   10.0953
18   584.937   9.68436
19   584.388   9.19034
20   584.775   8.73913
21   586.314   8.45691
22   584.371   8.29192
23   582.225   8.20497
24   581.883   7.87024
25   582.395   7.57225
26   585.357   7.83813
27   584.201   7.63274
28   583.236   7.42066
29   583.884   7.1931
30   584.35   6.96828
31   583.402   6.8077
32   583.394   6.59495
33   584.163   6.4394
34   585.727   6.43732
35   585.178   6.27678
36   584.305   6.163
37   584.375   5.99689
38   583.972   5.85266
39   584.87   5.77112
40   586.094   5.75527
41   586.039   5.61515
42   585.02   5.57359
43   584.072   5.52351
44   584.138   5.39837
45   584.109   5.27843
46   582.786   5.32669
47   581.73   5.3175
48   581.917   5.21004
49   580.615   5.26366
50   579.974   5.19718
51   579.408   5.126
52   580.353   5.11344
53   580.71   5.02945
54   581.122   4.95323
55   580.294   4.93181
56   579.945   4.85618
57   579.421   4.79927
58   578.726   4.76628
59   578.992   4.69277
60   578.738   4.62125
61   579.857   4.679
62   580.211   4.6168
63   579.783   4.56326
64   579.125   4.53901
65   579.803   4.51916
66   579.271   4.48176
67   578.676   4.4541
68   578.892   4.39369
69   578.58   4.34086
70   577.524   4.40638
71   577.207   4.35559
72   576.683   4.32659
73   576.621   4.26777
74   576.525   4.21111
75   576.629   4.15617
76   576.454   4.10509
77   576.23   4.05787
78   576.292   4.00631
79   576.059   3.96247
80   576.396   3.92755
81   575.685   3.94317
82   576.009   3.90819
83   576.292   3.87135
84   576.829   3.86251
85   577.095   3.8261
86   576.895   3.78668
87   576.525   3.76116
88   576.571   3.71867
89   576.009   3.71861
90   576.858   3.77218
91   575.801   3.87559
92   575.697   3.83481
93   576.118   3.8164
94   575.781   3.79062
95   575.389   3.7708
96   575.818   3.75557
97   575.889   3.71755
98   576.384   3.71257
99   576.147   3.6827
100   575.897   3.65435
